28,3,29,22,20,4,7;4,9,15,1,13,17;16,19,13,11,23,17,26;21,27,4,26,3;29,15,9;8,19,12;22,7,1,2,21,23;6,11,25,17,1;23,4,5,10,14,8,0;28,3,12,0;22,27,5,25;28,1,19,20;2;8,5,12,9,17,3,16;12;14,28,4,27,11,13,15;6;27,4,17,0,11,12;22,23,18,9,11
16,27,3,23,10;5,18;19,22,20,8;2,0,3,28
3,14,21;29,23,17,10,2,11,9
23,9,10,12,19,29,20,11;26,22,3;24,17,15,23;6
1,8,24,5,12,28;14,28,21,3,12,13,29;24,2;29,1,20,16,22;0,6,28,15,3;3,26,6;18,11,7,17,3;25,20,9;10,13,11,23,5,0,18,9;13,27,17,20,28,8,26,25;20,15,24,12,17,3,16;9,28,7,18,27,4,13,16;8,25,15,19;2,22,29,20,5,14,1,18;4,29,3,1,5,6,10;0;25,8,10,5,9,27,12,18;8,25,2,17,6,11
21,2,3,15,11,25,8,16;29,21,14,18,27,5;28,15,24,10,8,2,11;17,25,15,28,26
24,19,28,20;4,1,19,12,5,15;23,27,11,15,24,21,4;26,20,11,7,9,8;15,23,20,14,9,6,4;0;3,13,2,12;19,16,9,29,14,23,1,26;2;12,29,27,24,2,28,13,10;4,12,5,10,13
17,16,29
13,1,26,4,14,6,23;9,20,7,16,10,19,14,5;25,13;4,29;1,7;14;27,23,17,10;4,27,29,8,0;22;27,26;16,10,24,18,21;4,2,10,13,15,19,20
7,4;20;5,18;20,12,5,27;8,25,18,15;4;15,1;26,24,2,9,17;11,5,1,22,29,8,12;15,3,9,12,4,19;19,17;22,24,10,7,3,0;0,11,24,28,8,15;27,4,25,13,23,10;5,13,0,18,26;22,19;24,16,12;3,28;13,27;6,3,9
11,10;27,8,20,16,24,10,15;15,2;10;25,21,10,16,24,8;11;2,13,19,8,25,12;21,2,9,10;8,14,13,18,23;21,15,2
11,9,1,8;1;25,7,18,3,11,5,17,8;29;28,22;4,19,26,16,5,3,10,12;24,14,20,22,15,4,2;10,4,3,0,2;12,8,1;12;20,25,9,6,24,7,8,12;9,17
18,1;16,18,15,8,12,26;5,23,27,4,11,22,15;0,15,13;17;14,5,11,8,3;15,12,8,16,9,7,4;2,22,23;21,26,3,10,4,8,0,7;21,26,8;3,28,19,4,10,5,11;29,15,20,27,9,24,3,17;28;27,12,3,21,19,5,29,1
13,3,14;11,8,2;24,20,12;16,9;26,12,24,18;7,2,15,3
3,21,8,1,18;14,12,3,11,26,20,18;28,0,11,16,17,24,4,10;28,25,7,29,13;10,4,23,11;17,6;2,15,27;7;15
26;9,24,1,15,17;3
14,25,4,15,21;5,26,21,18,28,2,8;10,19,21,23;10;13,26
6,23,28;20,25,14,8,16,6;17,7,16,18,2,14;24,28,29,5,20,0;4,24,10;20,15;15,12,4;23,5;10,21,29,6;25,2,28,17;6,28,12,20;18,28,17,26,12;20,27;10,0,22,7,2,17,18,14;19,14,23,3,17,7,27,29;15,8,11,26,9,27,24;1;20
10,18,28
4,2,22,9,17,12,10;10,27,16,5;12;11;28,1;23,6,9,2,22,26;3,16,1,12,10;28,5;1,21,10,24,6,22,26;18;15,2,29,19,13,6;7,11,3,17;13,6,25,21,15,10,4,18;3,28,13,6;18,5,8,23,4,12,19,27
24,13,3,27,2,23;6,3;7,0;6,10,19,3,21;17;1,3;25,12,26,2,19,27,4;22,14,9,11;27,16,1,24,9;29,19,15,20,28;1,0,17,26;9;26,3,12,20,1,27
5,19
27,14;18,13,15,4,3,19,27;12,21,1,23,18,7,4,5;8,25,16;16,6,4,21,29,13,12,22;17;1,27,9,25,11,0,23;17,9;10,29,26,7
17,18,27,4,26
16,10,1,25,0,27,29;12,27,6,20,19,3;8,13,26,17,27,19,22,5;12,8,20,28,15
19,9,16;29,21,13,9,8,22,3;0;4,29,21,3,8,25;8,6,4,16,0,28,1
0,8,17;2,7,10,22;19,21,20;24,9;19,8,11;24,16,8,23,12,26,9,3;10,9,21;2,27,11;14,29,23,12,18,0,27;20,17,22
4,13,27,28,7,26,20;1,4;0,6,16,20,19,3,21,25;27,8,25,6,2,21;1,20,16,26,18,5,2;2,4,28,17,7,9,22;15,8,21,3,6,18,17,29;28,2,10,19,6,3,17,25;5,14,15,23,1;5,22,2;2,23,19,20,14;6,20,11;16,23,6,14;7,29,19,24,22;7,12,22,8,28,9,13,25;1,4,9;22,29,24,23,12;7,3,13,24,21,26
3;1;19,11,24,8,9;3,1,10;5,16,14;10,25,19,21,18,29,5,0;19,24,8,22,15;3;20,10,13,27;12,16,20,6,28,17,22,21;27,26;1,26,6;19,2,26,18,5,28,14;0,10,2,12,8,3,14;0,10,16;24,13;5,22,21,10;12,14
26;3,18;13,18,16,26,9,6,19,7;27,26,5,0,13,12,18,20
16,6,0,5;7,0,25,19,21,15;14;0,12,29,14,19,23;5,8,10,4,7,17,27;14,13,11,25,19,21,2,17;12;14,19,24,12;28,24,17,4,18,25,19,26;8,21,19,12,0,16,14;0,29,25,7,9,6;6;0,24,28,19,4,1;0,6,11,25,12,2;5,16,10,28,7,9,26;27,29,7,0,22,13,4,26;4,12,6,10,5
14,10;17,7,13,16,11;7;15,4;20,27,18,1,10,24;24,27,8,9,25,10;15;21,3,4,19,6;1,15,5,25,17,27,10,19;27,15,3,20,12,13,25,6;29,10,22,8,28;8,9,5,1,19;15,6;22,13,19,27,4,24;4;17,6,29,28,20,2,16;5,2,11,3,27,0,9;20,28,2,22,3,15,0
7,17,12,6,10,3;27,17,26,2,20,13,7
16,1,14,4,6,28;22,14,9;18;11,23;28,15;24;7,16
17,12,14,13;22;18,23;11,19,17;13,5;29,6;6,17,14,28,24;5,24,3,8,22,29,25,16;11,6,15,0,12,22,13,19;26,15,25,24,27,18;20;24,28,18,22,21;6,1,28;11,16,23,6,13,0,21
4,23,29,27,22;17,13,7,22,5,0,23,28;21,24,7,3,26,20;9,4,7,13,24,8;4,0,12,13,8,28,24,29;25,8,1,16;3,18,5;15,2,4;3,27,6;16,14,26;11,23,29,19,20;26,6,13,27,10,9,14,0;7,21,4,12,0,6,11;3,16,8;26,20,2,11,19
10,29,22,1,21,27,17,23;20,8,10,21,0,28;16,13,24;4;22,18,6;25
15,7,9,6,18,28,25,23;23,27,12;19,12,22,24,28,7,9;12,11;29,13,5,23,10,4,11,26;7,25;12,22,4,24;26,29,10,9,18,22;9,7,4,18,13;6,29;26,29,25;4,25,7,29,19;8,1,2,13,19;9,14,8,23,27,19;17,4,13;5,15,19,22;4,28,2
26;23,0,26,8,6,12;26;7,10,22,1,6,20,21;8,11,28,29,20,6,25,1;21;0,7,16,15,1,4,23;0,9,7;12,27,26,4,17;0,12,26,24;7,29;16,13,2,22,3,19,11,7;8,19,10,15,13,4,22
28,4,16,29,9;3,16,14,13,25,6;13,21,10,7,6,27;2,22;7,4;12,15,9,10;26;19,26;16,8;7,13
22,20,15;14,23,24,7,27,9,28,3;4,9,23,3,12,16,20;1,3,19;24,8,12,6,23;22,28,6,13,7,8,16;26,28;7,18,10,17;21,16,19,1,12,0,26,13;23,3,7,19,4,13,21,16;14,26,19,10,3,0,28,5;18,4,5,16,9,6,22,28;24,13,16,22,2,28;4,7,12,13,0,1,24,10;27,5,28,3,8,23,10,26;13,8;15,8
8,15,12,3,6;20,7,18,9,24,22
12,18,20,5,10,26,11;7,8,17,4,0;11,0,13,9,5,12,20;14,2,6,19,1,27,3,18;19,11,7;14,20,27,21,11;15,23,20,22,1,3,29;0,1,22,10;13,6,12,15,21,17,29;27,28,23,29,11,0
19,14,8,4,25;9,27,15,20;28,3,15,19,18,5,22;8,22,6,5,21,24,19;5,8,20;19,7,14,16,20
3,25,29,12,19;23,25,27,18,26,0,22,9;1,14;16,11,24,8,21,9,17;29,0;8,22,24,7;9,1,24,29,13,6;17;12,28,29,17,19,15;24,4,28,19
27;26,0,20,8;15,11,23,0,16,25,24,26;28,22;20,2,1;19,10,13,24;3,27,8,18,2,1
7,2,8,6,16,0,10,25;13,5,20,27,17,1;23,11,12,22,14;16,12,18,25,0,28;21,9,16,6,1,7;10,8,28,16,17;26,17,5,21,7,29,22;6,5,9;8,10,3,14
14;28,9,19,20,17,2;28,19,20,3,8;25,16,2,1,14,29,19;23,28,2,13,11,29,4,0;24,14,18,22,2;11,5;25;27,4,28;29,19,8,3,22,23;23,12,19,26,6,2
5,8,14,2;4,11,26,10,17,9,23,14;26,15,17,6;1,26,11,9,14,2,6;3,0,10;2,18,8,1,11,5,20;24,4,9,21;17,28,8;10,4,23,22;17,28,2,1,26;1,23,10,17,0;21,29,3,27,10,20,23,26;15;7,12,5,21,11,2;21,22
16,6,0;10,18,11,2,6;28,24,20;8,29;22,2,14;12;2,11,27,9;29,2,21,8,25,11,4,20;3,25;3;19,9,10,8,15,17,20,21
