10;8,3,19,0,13,12,9,1;8,0,12,18,10,7;3,8,17,4,14,7;4,9,2,1,11,5;7,17,6,14;3;7,13;5,16,15,0,2,17,18;19;5;1,15,10,4,14,12,9;12,11,7,17,13,14;7,12,0,8;3,11,2,1,14,4,6;19,14,10,7
19,18,5,9,16;18;6,11,15,7,2;10,19,16,4,5,8,6;2,5,3;10,16,5,6,4;13;18
17,0,18,5,7,13;11;14,10,16,13;0;1,2,0,7,18,10;10,3,11;9,10,7;16,3,15,0,9;10;15,5,8,1,13,9;9,14,19,16;6,8;0,1,12;14,15,17;2,5,13
3,1;8,4,7,15;15,13;6,10,0,5,14;14,6,1,19,0,8,17;16;5,6,7;4,17,6,14,3;1,12,14,8;0,12;15,16,18,14;13;13,7,8,10,14;11,2,3,0,16,7;12,17,14,9,19,10,3
7,17,3,5,11,12;5,17,15,19,14
2,16,6,1,3,0,18,4;11,5,15,12,3,14,6
7;10,15,8;0,6;3,14,7;18,16,8,13,0,11;8,2,12,11;16;5,8;15,8,13,0,10,4;14,10,0,12,11,8,4;1,17,10,12;9,3;2,4,11,6,19;3,7,8,10,17;6,7,9,2,8,11,10;3,15;15,10,17,12,16;15,17,0
7,19,17;11,18,14,10,15;11,5,15,1,13,18,16,14;13,12,11,1,9,15;6,5,10,8,14,9,2,19;5,0,18,3,17,16,11,8;0,9,3,13;8,4,18,13,10;2;9,5,18,17;15,17,14,12;2,1,17,4,5,7,13,6;13,14,11,19
15,0,19,13,17,1,12,9;13;7,10;17,6,14,19,3,12,0,7;11,12,0,7,1,14
0,8,15;12,2,17,18,0,9
3,5,13;3,13,19,4,16,8,15,2
5,8,3,18,19,2;7,16,13;7,3,16,15,4,0;14,2,7,8,10,12;19,13,16,3,10,7;1,3,9,16,15,2,14
6;2,16,17;2,8;11,2;12,1,8,19,2,13,4,16;2,9,7,13,11,5,12;7;8,7,16,12,3;2,6,13,15,19,14;10,4,16,13,8,19,5,17;14;13,16,10,14;7,6,14,19;10,11,7,16,5;11,3,19,0,8,7,5;4,0,1,6,8;14,7,15,6,0,11,1,8
2;6,10,12,8,4,1;8,7;15,17,3,12;5,10,11,6,13;18,5,1,19;18,11,15,1;10;12,3,7,17,5;0,1,15,17,10,11;10,12,8,0;12,7,17,4,6;8,9,0,4,2,18;17;10,15,17,2,0,8,12,19;15,6,13,16,11,3,8;4,8,14,9;9,10;19
18,5,7,17;9
11,8,4;11,9,12,6,13,16;8,1,17,9,7,6,13;3,13,6,12;5;6,8,18,7;10,18,4,2,1,11,5;3,1,17,5,0,9,19,12;8,0,5;9;14,18,3;6,10,4,18,11,15,1;11,14;5,7,9,0,8;11;0,4,6;4,9,1;2,10;14,17;7,5,11
16,1,14,19,9,3,6,7;8,11,17;10;14,6;2,12,8,17,0,3;7,0,3,16;12;18,5,4;16,17;2;4,9,13,16,1,0;8,1,6,2,14,10,19,13
2,13,8;10,1,17,16,0,13,12;18,14,15,17;1,4,7,12,18,15,3,14;18,17,8,0;15,4,14,17,18,2,0,1;10,5,19,12,0;4,16,5,13,0,14,8,15;4,12,13,18,11;3,0,9;2,12,1;1,14;15,1,3,17,4,6
0,16,11,13,9,17;8,15,0,1,17,11;16,1;15;18,2;3,16,18,12,8,7;17,1,19,10,16,15,18;14,3,12,8;16,15,17,4,5,13;12,1,16,13,5,15;13,19,7,10,12,17,3,18;13,12,14,0,19,16,2,9;2,11,15;15,9,6,19;1,9,7,19,10;16,9,2,19,14;14,13,3,2,4,6,7,8;7,2,19,6,17,0;9,1;14
18,16,8,7,2;16,4,9,2,8,15,5
13,3,15,5,14;1,7,13,9;16,17,0,19,15;9;9,12;16,15
5,4,15,8,13;7,8;12,15,13,6,3,17,1;2,5,12,9,0;4,2,12,7,17,9,0,18;1,16,19,10,7,4,6;12,4;7;17,13,4,3;12,9,0,14,2,8,13,19
8;9,0,7,2;9,7,10,2,5,11,17,13;2,10,12;3,8,18,5,14,15;0,3,6,14,1,10;9,10,17,19;14,4,18,3;15,19,17;8,11,9,14,10,18,5,7
8;12,17,3,8,11,9,1,14;5,1;2,10,6,12,4,3,11,7;3,9,19,8,6,5,10;19,9,6,8;19,3,5,6,2,17,18;16,14,12,3,19,8,9,11;8,16,15,12;8,2,17;12,13,17,16,19,3;14,3,7,19,11,5,0;2,5,18,19,11,0;6,18,8,12,3,14,5;4,16,8,2;16,5,19,1,17;14,4;5,12;7,1,9,4;5
1,10,7,18,12,14,3,13;3,0,11,7,10,6,18,16;14,7,3,17,2;15,12,10,16,18;19,13,6,2,17,1;8,6,12,1,5,13;4,13,16,10,3,0,9,14;13,3,17,4,19,15,5,11;17,18,16,15;17,7,8,15,14,12,4;6,7;9,8,5,0,6,2,17,11;6,1,2,14,9,12;9,10,18;17,5,10,1,11,9
7,19;0,3,19;4,18,2,10,13,8,1;15,18,3,17,16;13,6,16,8;12,3;11,16,17,7,9,4,2
19,6,5;9;13,2,7,19,11;19,7,0;19,5,18,14,4,2,7;7,11,1,4,2;13,4;19,16,13,6;18,17,9,4
17,9,2,7,19;13,5,8;19,16,10,6,18,3;9,13,17,1,19;2,12,5,11;18,12;10,16,18,15,4,8;7,12,2;0,15,5,14,17,6,3,7;17,9,16,10;1,7;9,2,7,15,4,6;12,14,11,18,9;17,0,1,12,18,9,13,4;10,18,8,14;0,17;19,8,5,7;18,2,0,5
14,0,12;14,12,13,11,8,6,2;0,16,15,17;10;5,1,19,0;5,9,13,16;10,4,14,3,2,11;0,15,11,19,5,6,8,17;3,1,18,4,8,2,6,13;3,14,19;7,3,13,12,15,19,18,9;8,5,13,16,11,18,2,10;15;5,4,12,0,16,17,15,10;15,2,6,4,11,10,13;18,7,9,0,16,1;3,2,11,15,18,17;12;13,11
0,8,9,16,6,14,4,5;4,14,15,19,13,9,18,10;19,10,5,7;5,12,17;18;14,6,18,4,17,3,10;6,0,9,2;3,16,6,10,4,17,7,14;11,15,8;15,8;9,18,3,13,12;4;13,10,9,2
13,16,2,18,8,9,11;3,11,6,7,0,9,12;8,4,3,7;5,10,13,18,17,4;3,1,0,4,10;16,11,19,12,15;17,13,8,16,19,15;15;14,17,19;13,2;1,17,14,0,12,3;13,12,18,2,7,5
3,13,7,6,9;15;8,18,12,9;8,19,16,7,6,9;5,9,2,1,15,3,11,13;6,5,9,11,4,1;18,16,19;2;16,13,9,7,8,3;16,5,11,15,1,8,14;19;10,19
1,2,15,14,8;7;15,6;4,7,5
19;10;16,11;16,3,19,11,4,7;7,4,13;15,17,3;14,0;8,10;0,12,3;1,12,0,15,17;16,10;5,9,10,11,12,15,7,13;5,13,11,16;6,13;0,1,4,11,12,9,18;5,10,16,14,11,0,4;11;14,3,6
13,11,6,2,17,12,8,16;10,7,11,2;13,7;11,1,15,16,18,5;17,16;3,15,11;0,9,4,18,14;18,9,6,11,10,5,15;13,8,18,14,0;10,14,18,6,15,11,9,16;15,0,7,1,5,2,9;8,9,3;7,2,10,8,13,19,5,4;9,19,12,15,8;8;17,14,19,5,9,4;2
5,2;0;3,13;15;11,2,1,14,0,10;19,5,12;11,3,6,2,16;10,4;16;9,18,16,1,6,10;11,10,19,3,16;11;11,18,1,6,13,12,3,0
0,5,3,16,13,2;13,19,7,18;10;11,1,14,10,18,8;13,8;3,15,0,2,17;1,8,12,6,7,4,19,18;9,14,11;11,13,12,10,15,7,19;17;5,12,10;5,14;6;17,3,11,1,0,9;5,10,16,12,6,1,7;19,5,0,8,4,13;17,9,11,0,10,7,2;18,10,2,8,6,14,1;8,15,12,18,7,19,1,17;18,13,16,0,11,4,7,14
11,5,2,14,1
7,10,6,18,15,13,14;18,11,0,15,8,17;0,15,4
12,14,4,2,8,16;19,4,0,15,2,6,17,5;15;0,10,4;9,3,6,7,11;0,14;3,18,11,10;12,14,13,6,11,15,9,18;9,10,17,15,16,14,8;18,12,8,14;2,9,4,3,7;2,1,18,8,9,4,7,17;8,11,3;13,19,6,11,7,15,5,4
4,13,16,19;18,14,15;8,6,15,11,17,9,2;0,14,10,9;14,4,19,12,10,9,11;15,10
19,15,2,16,18,8;0,9,6,17,15,12;14,2,13,11,18,4;6,4,17,16;0,3,14,7,17;19,18,9,15,16,4,17;2,13,7,15,5,19,14,11
17,10,9,14;18,13;10,11,19,1,15,6,9,8;7,9,8,3,11,16,18;8,17,0;4,19,11,0,12,2,9,7;18,2,13,16,11;13,9,1,11,16;3,11,15,18,16,1,7;7;1,2,12,17,8,3,7;4,13,7,19;9,18,1,2,7,15,5;11;10,14,12,11,9,16,17;19,8,7,12,10,9,16,17;1,8,18,14
9,13;12,0;1,3,14,15,10,0;7,16,0,11,1
11;19,5,16,3,4;12;10;9,10,2,16,0;11,6;3,15,16,11,4,19,9;8,4,9,7,19,11,2;12,14,10,18,15,19;14,5,9,6,1,11;12,1,8,16;3,9,7,17,14;6;15,0,10,1,6,9,4;18,1,4;14,10,12,17,15,4
15;8,18,13,1;19,15,13,9,7;17,14,8,1,11,3
17,11,18;3,7,9,14,0,11,19,13
7,16,13,8,2,14;7,8,16,19,4;16,5,13,17,4,2,14,0;16,14;12,15,7;6,13,7,19,2,8,12;8,11,0;15,11,14,6,5
9,8,1,5;5,11;8,13,3,1;10,16,1;19,7,6,18;9,16;8,3,13,7,2,10,0,1;14,3,12,2,9;1,5,18,15,10
9,3;17,9,1,8,0,7;17,4,15,14;8;3,14,19,9,15,6,8,11;19,10,12,17;11,3,5,2,8;9,13,14;16;18,14,7,3,13,1;1,15,4,19,16,17;1,18,12,14,8
