5,3,35;39,5,37;32,3,8,23,17;29,10,18;16,12,4,15,35,24,37;37,38,5,10,30,1;1,25,6,18,7,36,29,34;1,6,14,19,34;22,25,8,21,35,2;13,25,21,8,27,19,31
1,29,27;33,19;30,22,15,8,23,2,36;13;21,24,35,29,34;23,3,13,10,7,32;33,1;12,26;10,7;4,34,1,33;12;2,3,32;31,26;3,31,1,8,37,18,23,20;25,19,4;18,21,39;12,24,29,26,21,0,20;18,11,22,15,10
21,39,12,35,24,19,37;21,28,31,22,14,12;36,12,4,17,18;35,21,38,23,20;13,27,39,29,16,2;17,19,37,4,12;20,34,29,4,17;21;36;29;0,31;1;23,31,27;33;1;24,32,31,2;8,14,18,17
18,38,17,5;20,13,0,26,25,35,23;8,22,23,37,17,32,30;37,32,26,36,33,1;28,23;19;1,25,17,4,34,5,32,3;27,9,23;27,25,18,6,26,10,4;12,10,8;31;8,7,10,33,21,9;1,4,7,23,21;19,9,4,38,37,23;34,13,2;5,6,17,22,25;16,7,28,13,17,19;28,30
27,9,15,21,28,1,10;3,21,22,17,2,8,14,10;27,16,4;4,29,36;13,16,0,7,10;2,27;37,39,11,1,2,18,19,26;13;26;2,12,28,11;36,3,17,32,39;9;34;31,29,3,37,16
38,2,30,15;36,28;4,12,8,5,14,36,33;31,1,36,17,32,12,16;12,31,39,19,4,33,20,37;2,36
39,24,20;7,2,38,35,22,17,37;14;19,6;31;22,13
36,13,5,28;3,11,13,19,33,15,31;28,38,0,25,29;27,13,33,20,34;16,4,7;3,5,31,15,14;9,35,34,17,1;23,30,11;6,38,36,31;34,6,21;29,32,5,12,31,20;23,25
26,25,22,14,8;4,30,13,34;31,8,24,33,23;25,22;39,6;22,6,3,12,34,39,9;19;7,30,13,25;21,29,10;37,13;25,37;16,13,15,10,28,23;28,20,6,26,33,36,27;34,29,17,37,8,28;37,17,4,38;19,32,5,28,36,22;25,10;16,14,37,29,9,35,12,6
6;30,38,18,15,12,28,13;13,3,5;31,24,18,7,27,8,10;39;36,31,32,29,3,16,25;31,22,30,25,12;23,0,9,24,16,38;21,37;26,38,7,30,16,18,37;5,22,7,6,24,30,0,31;11,9,28,27,17,0,2;29,0,24,23,27,30,39,28;36,21,14,29,8;37;32;15;33,11,20,26;24,28,31,27;29
1,10,29,20,17;22;34,39,22,6;3,12;31,16;3,24,12;18,3,1,32,20;5;4,13,35;28,29,0,4,12,15,18;4,1,15,9,6,34
13,19,23,36;24,33,27,20,34,16,1;38,10;6,5,22,9
1,37,9,18,36,7;13;8;0,7,14,9,25,27,29,13;8,30,24,37,35,36,29,27;19,23,28,17,22,16;28,8,13,20,10,1,22;34,21,28,19,26,4,15,13;12,1,28,39,9,22;27,2,9,8,30,24,16;39,23,21,1,3,13,6,11;17,11,18,16;27;22,13,12,16,21,26,30;1,28,9,35,22,32;19,37;4,30,25,19,1,6,11,34;3,15,22;37
38,7,36,6,5,22,20;30,6,25,3,28,29,19;32;21,5,19;27,24,20,35,26;26,16;15
2,23,1,26,24,37,39,6;39,28;0,4,29;28,20,24,3,23,4,26;2,37,20,23,10,29,16,24;14,13;19,3,24,7;35,17,5,11,2
11;0,13,31,12,32,18;21,4,9,0,22;19,6,8,9;16;20,7;24,17,0,34,16;30,37,17,13,24,6
11,6;22,20,17,35,24,18,1,32;19,8,18,1;31;11,8,17,14,2,32,35,16;1,12,30,37,36;26,18,39,23;18;24,8,15,6,31,1,20,27;10,5,27,24,0,7;36;9,30,28,22,11,24,23,32;28,12,3,14,19,35;25,28,7,17;22,5,36,1,2,33,14,30;3,12,30,24,7,19,25,39
35
8;14,16,0,5;0,32,35;23,3,16,26,35,1,28;25,21;3,24,38;9,33,19,35;19,37,15,29,33,36,16;9,38,39,15,31,29,1;29,11,8,9,22;14,35,22,2,31,18,20,30;16;16,25,21,12,36,34,17;26,10;20,9,4,7,19,24
14,37,0;13,14,28,7,19,11;3,37,31,14,23
19,1,33;16,33,25,36,34,28;39,33,8,10;25,38;13;19,8,28,23;7,12;8,32,4,21,22;28,31,1,29,7,19,17;31,2,30,15;13,0,19,9;36,24,31
1;1,10,2,4,12;36,29,22,25,10,16,2,30;5,19,1,3,39;12,15,33;20,34,13,21;31,16,14;28,8,4,38;33;17,39,15,35,14,13,25
7,25,30,16,13;33,17,37,18,14,34;15,25,20;19,29,39,38,36,7,28;22,23,14,1,20,36,9;36,39,25,34,17,20,29;0,29,6,9,32;13,8,28,15,12,6,16,14;8,17,30,31,33,3,39,16;31
0,28,20,7,22,33;12,33,38,3,21
35,31,24,21;36,32,30,31,26,14,37,11;18,2;13;37,9,35,3,6,11,5,38;9,3;9,26,34,25,7,10,11;26,22;11,1,32,10,37;5,23,18,15,0,17,16;36,9
0;8;25,11;21,24,17,36,13,15,30;33,8,3,16,0,15;12,30,22,8,21;39,12;32,26,34,29,0,19;10,19,36,27,23,30,2,29;30,8;30,5,36,12,27
21;8,2,11,1;30;38,24,13;15,21,22,28;16,5,29,34;9;2,20,32,10,6,0,22,25;27,28,19,5,29,30,21,35;11,6,38,18,17;21,3,0,28,35,17,32,24;11,30,20,24;38,20,8,18,37,35,3;13,18,20,21,10,4;2,6,30,4,10,15,21;35,27,26;18,22,5,4,19,26,1,31;2,23,19,18,10,36,35,11
38
30,12,38,11,13,20,37;38,24,0,12,11,4;3,34,5,15,27,38;11,3,4,23,7,27;11,30,4,24,28,31,21,22;35,22;22,20,24,38,17,26,16,18;23,12,32,3,17,0,7;7,28,20,29,16,24,15;26,12,36,14,19,4,18;14;24,15,20,33,38,19,37,17
20,1,31,21;39,19,29,6,16,25,32;36,38,12,23;14,2,15,1;18,28,31,2;15,2,20,32,17;7,17,29,25;37,3,14,22,5
4,16,39,34,9;11,33,32,4,35,17,19;36,31,23,1,16,26;32,26;14;34,36,21,38,10,12,18;36,13,30,39;1,3;28,10,32;22,17,18,26,34,25;30,32,25,6,20;2,33;21,5,27,13;25,18,16,14,26,9,21;10,2,18,19,20;34,8,37,2,28,29,33
14,37,4,17,39,1,20;31,9,26,33,13;25,6,26,12,16,3;29,2,26,36,9;25,6,37,1,7;35,27,13,34,2,6;36,17,12,6,10,21;30,38,21;37,9;10,18,4,34
35,15;1,24,9,37,25,27,36;9,19,18,15,17,33,31,3
1,5,20,23,22,15,26,6;17,36,14,26,6;13;12,37,24,13;10,16,18,37,21,8,22;18;32,28,26,37,24;32;15,13,35,4,33,18,28;38,20,10,21,18,16,27,19;24,3,9,39;18,30,11;10,7,31,4,19
9,11,2,31,35;4,39,31,32,17,15,26,37;23,14,3,35;15,29,14,37,36;19,10,8,9,23,18,30,31;34,28,15,0,12,16,3,23;24,27,0,29,13,39;33,36,9;27,10,7;37,38,17,26;7,36,38,15;10,22,38,21,14;3,25,5;3,37,14,17,0,15;0,8;34,35,26,32,33;10;1,29,37,28,7
11,1,9,6,37,21,12;16,35,21,34;37;5,13,27,12,25,29,26,31;20,38
11,38,29,6;36;19,24,9,23,18,27,4,11
5,30,24;24,3,13
0,20,6,35,12,2,23,22;14;22;33,29;16,24
18;29,13,39,11,15,17,12;39,20,5,12,37,27,32,16;13;32,14,4,34,21,20;14,20,16,13,27
27,22,10,23,38,37;14,13,17,1,15;6,3,10,37,9,2;29,39,22;7,28,14,37,10,29,16;25,36,13,23;6;7,0,10,17;22,25,33,13,6,20
13,16;30;36,10,19,31;25,28,5,23,39;30,26,5;6,1,25,23,32,18;9,36,23,35;8,31,4,18,13,1,23;34,29,35,30,14,32,17,12;17,22,9,39,38,33,37;15,17,29
39,31,20,4,33;37,9,35,16,29,22,14;21,28,10,2,35;4,12,0,30;19,17,21;10,39,0,14;25,4,23,27,0,20,33,28;15,35,39,0,34,27,19,25;35,6,9,37;6,13;26,30,20,36;22;7
38,24,27,18,30,1,12,31;9
8;7,0,2,18,21;33,9,17,1,28,12,19,4;26,4,27,10,32,35,15;24;16,36;2,12;29,5,14,35;7,39,24,38,29,1,27;32,7,6,0;17,12,39;27,26,18,11;6,15,19,20,0;8;12,15,14,16,34,22
24;20,18,32,33;5,29,6,2;23,0,12,24,26,17,15;33,31,7;23,2,34;20,21,28,4,35,12,10;1,28,9,5,15,12,3,17;14,20,11,6,17,30;20,17,33,35,11,39;9,22,36,31,0,26;31,13,12,14,0;6,4;7,36,30,28,39,1;34,35;25,9;15,16,17,35,32,19,11,37;32,1,27,20,23,18,13,17;16,37,22,39,23
24,32,10,8,28,25;38,26;12,33,27,23,13,17,36,32
16,22;3,29;14,22,2,27,30,11,9,21;3,5;26,33,11,8,5,2,10,17;17,11,31,24,3,29,7;21,19,20;13;0,15,11;5,32,33,28,11,10,27,38;31,17,14;39,0,23,29,12;20,32,35,2,13,17,4;38
8,3,34,29,25;29,35,31,5,2,37,16,12;4,26,38,2,0,17;24,14;4,0,35,20,8,14;17,29,0,11,37;35,16,22;11,5,32,22,21,15,33,0;28,34,24,27,20,23;9,25,8,29,28,13,20;37,33,25;15,26,20,37,38,4,33,9;37,7,30,12,0,21,36;20;1,31,24,8,16,17,5,23
8,25,0,16,13,37;17,8,27,15,33,31,25,19;5,31,16;22,21,15,16,36,11,24,19;17,6,3,11,13;39,0,27,10,4,6,13;4,20,26,37,18,2;31,8,16,5,30;8,30,3,27,16,37,28
