12,30,18,9,35,13,5,45;44;5,48,2,45,28,3,36,0;4,22,1;19;11
17,33,12,49,18,4,10;26,8;1,44,26,40,2,42;17,39,20,44,33,35,6;1,45,31,36,12;33;40;24,20,37,16,29,42,8,39;7,23,42,10,8,37
0,31;20,49;48,13,2;27,44;15,48,23,44,2;12;23,15,6,7,11;16;38,12,5,33,29,49,35,31;35,33,38,28,0,23,32;7,49;42,34,25,41,4,6,47
42,39,11;38;19,41,7,28,46,11,3;32,34;17,31,36,42,24,23;36,10;45,3,8,13,19;29,19,8,11,18,46,17,21;41,5,4,42,28,21,0,11;32,15,20;4,24,27,41,2,31,8,44;35,10,32,3;8,36;8,31,1,44,6;21,9;0,3,1,11,13,19,49
17,40,15,37,47,41,46;31;29,12,16;7,29,13,44;32;33,32,22,26,49,28;42,39,3,4,8;12,28,11,4;23,4,34,30;1;4,26,39;11,5,28,42,36,31,34,49;10,24,42,40,19;2,39;0,21,26,31,10,33;11,31,41,20,18,16,23,28;11,3;8,42,17,0,43
14,28,35,3,34,21;28,10,46,6,39,32,27;8,23,31,39;29,34,14,23,0,3,20;14,38,26,47;2,41,9,31;32,18,12,8,22;5,17,10,33,32,42,35,44;31,41,20,30,17,15,45,40;32,1;40,19,15,35,0,21;49,31,41,8,24,21;2;14,44,10,42;31,34,40,25,30;3,39,19,12,11,27,4;21,33,25,22
19,13;21,46,18,2,17,45;16,0,18,39,14,10,2,33;11,41,1,45;1,22,18,23,44,31,6,45;33,23;15,41,39,31;35,10,49,27
31,39,8,27,46;14,49,16,15,0,26;2;2,34,3,8,12,10;5,31,14,26;24,6,0,30,13;25,19,15,17,30,33,21,45;42,17,18,9;43,10,27,22,8,25,38;44,20,29,19;40,24,5,28;18,8,17;35;40,14,36,26,15
19;42,29;26,41,30,40,43,12,7,49;22;38,27,23,47,26;23,39,44,49,21,38,19;48,32,42,19,12,23,16;29,25,4;39,43,27,6,37;6,47,42,8,24
26,30,39,41,42
5,32,11,12,7,19,34,6;5,30,25,48,36,8;45,2,9,6;3
22,27,5,47,33,24,12;8,27,3;31,36,44;43,49,21,22;41,48;33,28,18,11,39,26,27;44,43,0,10;10,14;8;20,44,22,2,30;13,14,29,16;43,26;43,35,34,30,45,3,37;6;42,21,45,41,25;45;48;32,44,37,26,23,46;31,48,36,20,30
19,23,14;17,30,33,23,8,21
43,49,31,20,45,5,44;11,29,37,47,43,0,31,10;37,9,26,3,18,22,34,47;9,15,0,2;12;14,1,34,46,26,36;10,46,6,16,37;35,6,30,47
36,45,40,39,2,10,9
0,38,32,12,49,10;21,22,44;9,33,3,37,18,36;49,30,40,39,31;26,10,19,47,32,8;27,22,2,33,29;43,35,49,40,17,2,14;24,36,18,26;5,7,30;29;48,13,33;48,15,30;24,34,30,4,6
43
6,33,12,42,16,27;25,5,41,4,43,27;21,22,19,2,45,28,33;1,38,23,6,2,35,29;28,19,5,30,17,9;32,45;14,32,18,26,2,11,12,25;44;39,6,44,23,36,8,14;40,39,47,16,19,43,32;39,41,38,6,11,22,33;36,45,31,20;37,0,20,32,9,29,24,41;29,36,4
14,10,24
46,9,0,47,48,30;23,11,15,9,38,31;1,8,29,9,33,5;13,44,2,11;12,21,15,8,16,0;0,48,27,40,37,15,19,41;1,29,42;21,31,11,46,48,37;49,39,27,42,20,15,40;36,34;35,45,15,40;8,10,38,17,37,9;21,5,23,18,14,41,46
0
14,23;35,10,3;44,5;45,32,34,15,18,10,23,22;23,10,2,19,0,11;39,6,32,10,28,46,12,29;48,47,5,45,43,18;16,38,23,32;44,17;30,0,31,2,21;3,9,25,36;28,47,45,29;44,10,5,43;29,21;0,22,40,20,24,45;29,9,34,17,37,14,42;18,12,16,19,10
49,12,20,16;19,4,12,44,0,10,13;7,18,21,47,20,31,22,12;26,10,44,23;36,3,4,21,42,5,24,48;45;40,45,15,2,14;41,13,29,18,30,44
46,5,28,44,35,49;21,37,42,17,20,23;9;12,28,6;19;4,10,25,3,27,8,30,26;47,34,43,6,35;2,14,39;42,11,5,0;22,4,49,3,11;2;36,34,46,49,28,19,20,33;40,31,27,5,15,12,4,14;30,7,27,12,31;14,33,18;2,29,27,38,31,23,34;11,44,24,39,10;8,22,3;49,33,22,15,24
14,22;0,28,36,11,12,14,2,24;47,6,45;33,23,39,4,6,44;9;48,37,0,35,8,1,28,15;42,12,29,19,7,10;8,34;14,8,9;25,48,7,9,44,23;38,3,25,23;12,16;13,24,19,12;30,9,14,1,26,24,45,37
40,34,4,22,8,17;24;9,7;30,18,21,26,47,14,9,25;27,18,4,26,19;11,8,26;43;44,29,6,12,43;7,43,45,1,14,20,33,46;21,11,32,36;4,1,2,7;8,45,6,17
48,36,41,6,32;13,33,48,38;0,9,17,12,32;34,17;12,37,9,48;32,25,42,38,40,6;49,12,38;10;24,13,2,28,11;0,9,48,15,1,39,5;32,44,2,45,27,41;35,10,0;40;42,9,15,19,13,26,18;30,45,27,49;21,38,10
14,7,19,41;35,47;40,38,3,23,29,39,11,8;26,29;26,17,31,19,10;4,36,33,14,31,30,11,23;17,5,22,15,2,16,35;26,11,20,1,0,39,5
8,35;24,11,44;42,47,36,14;17,19,21;20,32,8,47,34;39,26,2,7,6;21,1,47,9,13;17,25,36,49,3,1,41;37,0,30,10,45;26,21,36,38,49,9,0;39,48,35,22,14,32,6,27;35,16,10;49,20,38,16,47,37,14
29,10,45,44,14;40,35,11,47,17;12,7,34,40,41;12,4,35,23,29,8;48,41,17,25,38,0,21;28;6,24,41;29,37
13,11,12,23,33;1,22,13,16,39;21,34;0,17,44,7;22;29;1,17,19;22,30,21,37;8;0,5,41,44,22,28;48,17,42,44,33,23,25;29,31,36,2;18,49,16,33,13,7,14;13,23,48,21,8;45,0,19,49,25;21,11,4,6,47;15;39,49,40;25;26,31,40,20
19,3,8;31,6,13,32;2,22,36;10,35;25,9,42,14;34,0,16;29;38,21,45,48,14,49,44,20;32,4,18,5,45;35,27,10,6,12,9,29,1;3,43,40,6,21,18;4,25,34;30;23,8,18,17,32,22,29,28;17,27,2,5,30,6,33,22;39,45,10;24,22,40;23,36;20;18,38,44,36,8
36,10,24,33,25;47,25,21,11;5,10;21,20,7,2,29,1,49;6,4;10,6;0;39,9,24,36;43,13,23,32,25,15,0;3,8,20,46,1,15,33,12;11,10,6,14,34,12,3,28;49,39,25,36,18;0,32,9,39;1,4;0,18,48,35;33,4,34,29,44,38,42;5,18,27;14,28,7,10;10,19,15;46,15,41,12,45,27
43,49,12,3,6,41,19;12,11,43,1,9;15,3,0,11,43;17,39,26,1,9
29,41,6,20,32,42,1,7;28,5,42,40,26,8;15,47,40,46,19,22,41,43;5;49,33,29,12,6,4,14;24,39,40;26,34,33,41,16,4;3,34,29,45,2,39,17;2,43,18,48,35,1,26,44;37,47,19,12,48,8,4;18,35,38,12,33;16,11,23,47,44,19;1,46,39,48,13,7,42;9,35,8,37,0,1,13;40,32,44;18,6,43,39,46,9,35;27,2,34,29,37,5,35,40;27,2
30,49,40,31;13,47;48,16,25;24,47,7,28;16;33,15,40,48,2,37;41,8,12,40,6;33,21,19,30,48
28;31,38,42,15;8,44,33;17,31,9,35,39;24,30,29,3,42,7,1,48;0,22,5,27;27,0,4,35,31,25,20,32;2,9,45,41,6,49,4,7;30,14,10,16,12,26,25;20,7,44,16,34,10,1,40;25,49,11,33,24;32,29,40,1,16,14,10,41
7,39,42;31,20,36,48,43,13,27,4;35,14,0,20,11,29;43,37;41,29,44,20,18,46,17;45,25,15,32;31,5;23,4,47,0,21,35,19;39,28,38,5,33;13,45,44;20,41,24,7,28,49;1,40,27;33,2,32,29,43;43,7,47,9,30,36,32,11;35,31,37,20;27,45,38
14,23,38;14,18,24,25,17,44,27;29,8,42,9,14;1,34;37,12;22,25,34,42,8;35;29,47,2,40;4,20;46;48,20,26,14
33,49,25,35,10,6;40,29,34,23,12,13,36,43;0,18,46,30,21,48;36;5,41,4,34,14,17
1,12;21;10,25;22,44,47,7,6,17,12
41,24,8,42,19,5;22,37,28,47;13,17,9,40,26,33,15;8,1,20,10,30,48;27,30,1,40;31,1;49,8,22,42
42,49,40,28;35,44,1,18,41;45;19,32,28;34,35,5,3,7,23,8,27
10,5,25,35,40,24;8,39,20,41,45;23,3,42
17,24,35,37,6,38,25,16;7,31,18,24,44,29,47,37;7,25,8;15,18,30,45,37,5,28;38,21,23,41,18,44,45,25;11,26,21,35,28,32,42,22;18,33;31,3,2,44;20,14,41;24,29,2,3,14,11;45,42,7,10,9,16,43;33,0,14;43,40,30,45,16,19,34,0;33,7,17,8,13,39,38;21,4,49,26;42,38,34,45,25;26,3;15,43,25,32;39
16,48,13,17;0,42,4,26,10,37,35,24;34,47,7,19;33;16,10,41,24,2,47,46;48,39,17,28;29,22,16,28;42,7;19;41,21,22,45,20,47;2;37;25,37,32,48;4,11,3,13,46,25;39,4,11,21,9,20,26
3,38,22,45,48;5,24,1,11,42,49,47;4,5,6,43;11,30,38,23,0,10,49,35;25,9,7,12;16,41,0,26,22,40,13,5;21,18,45,28,11,37,36;41,32,10,43;44,48,31,29,33,3;12,35,30,1,17,49;38,19,13,6,35,8
18,5,25,10,21;31,44,41,12,19,40;28,49,35;32,0,38,39,5,23,6
16,39,30,1,18,2,41;1,21;3,49,32,28,8;12;36,28,37,2,25,10;37
13,4,18,43,9,47,23;41;24,25,5;39,43,49;35,36,43,33,4,37;9;23;46,10,25,35,37,22;36,40,22,38,11;41,5,17;31,33,22;40,42,21,36,28,17,2;27,13,42;40,18,13,1;25;37,14,13,19,9;20,11,32,36;35,29,31,9
