37,25,24,10,6,22;26,13,22;4,26,0,23,14,32,30,7;25,34,0;23,27,3,7;8,21,33,15,30,39,38;1,32,5,33;4;35,20,36;20,32;19,18,36,8,34
32,37,31,14,12,3,24;31,11,39,26;35,10;33;32,3,16,28;23,39,20,25,5,26,33,2;15,34,27,32,13,16,5;37;26,31,22,32,10;38;23;17,5,23,33,6,24,21;26,39;36,25,5,23;31,29,17,11,12,35,23;26,5,32;25,21,1,37,0,26,22,30;0,31,29,22,16,20,8,24;38,11,5,29,18;22,31,6
21,12,30;22,4,15,18,23,28;32,39,7,36;16,23,22,25,1;36;21,0,22,3;35,38,19,25,17,37;13,18,8,25,21,31,24;3,18,35,21,2,25,9,31;5,29,0,27,30;24,10
14,32,39,25,21,4,10
24,20,17,28,5,13;6,7,24,12,11,14,18;13,36,32,31;7,10,5;22,35,39,14;20,2,38;34,24,8,2,16,25,17,27;32,20,18,24;5,23,12;20,35;30,27,3,38;11,13,32,28,12,6,35;29,24,37,36,30,2,5,32;7,9,30,5;7,35,4,17,5,10;5,15,19,28,38
29,38,30,37,8,22,19;22,10,13,25,20,28,7;19,20;26,6,10,35,28,13
11,9,32,18,38,29,37;21,37,24,29,33,15,27;35,33,1,24,38,2,14,18;14,13,28,32,12,25
24,19,0,13;36,0,30,34,5,32,14;32,22;11,16,28,35,6,32,9,20;31,22,37,29;6,16,3;16,12,11,6,25,15,9,18;18,25,12;34,25
2;28;17,2,3,10;10,25,3,24,0;25,9,19,4,15,18;16,39,33,35,8,4,37;1,31,8,26;15;0,18,39,38,25;21,25,17,5,31;6,34,14,21,3;17
3,10
9,1,22;19,11,35,22,4,13,1;37,17,29,34,31,23;10,19,0,12,21,36,24;13,37,19,11,36;18,38,20;35,7,12,37,18;11,37,36,4;19,10,27,5,18,35,39,8;3,6;12;6,11,3,0,27,15;21,28,5,3;6,32,35,39;22,0,32,30,11,38,27;22,25,10,29,23,27;25,37,26,17,29;37,31,29,24
20,37;33,28,24,37;14,4,26,6,21,24,25;25,37,2,3,9,21;13;1;13,34;31,10,16,26,30,35,8,27;22,18,34,9,2,27,20,28
31,36;15,30,5;1,35,20,11,9
25,20,10,23,14,27,1,11;11,30,12,14,26,6,27,25;0,6,9,15,39,24,27;39,2,18,37;33,26,20,12,23,14,34;0,15,25,12,21,26;17,23,26,0;16,39,17;26,28;23,13,30,19,7,28;20,18,34,21,14,6,3;28,17,36;20,39;5,1,16,6,36;37,6,21,27,13,0,5;4,19;26,7,20,14,24;28,18,1;7,22,11,3,31,5,27
8,7,3,11,24,14,19;7,3,37;9,6,20,28,25;31,29,5,4,24,30,34;6;29,16;13;17,28,13,39,37,25,26,32;9,4,2;3,9,31;7,18,5,36;10,13;32,1,8,16,22;18,37;36,0,32,15,2;25,16;11,29,37;2,30,12,31,27,1,22;10,24,23,15,5,13;24,12,30,16
7,12,14,9,35,1,27;28,26;31,19,15,1,24,2,26,7;13,5,1,7,17,14;20,18,7,15;38,37,2,28,6,30,33;22,35,27,11,34,12,1
10,16,34,30,14,0;0,3,13,9
18,20,3,38,1,34,25,12;2,37,25,39,22;14,25,36,16,20;19,31,35,20,32,30,9;10,30;25,34,15,36,13,9,17;12,15,35,39,9,5;32,14,31,20,7,0,30,8;13,4,38;4,3,39,32,19,14,11,15;12,1;12,20,39,9,21,14,26,13;5,6,12,39,11,25;34,30,18,4,27;2,22;29,20,15;12,3,15,4;35,27;3,10,0,34,14,26,1,22;9,29
31,9,19,16;3,24,37,18,36,15,21;27,39,19,24,23,6,31;27,9;3,24,8,9,33,0,22,12;14,38,26,30,1,4,10,18;20,12,37,11;24,33,12,32,37,35,39;32,20,29,12,14,19;21,20;0,24,26,17,4;27,35,13,8,3,1;38,6,3
14,17,29,31,39,32,3;38,23,14,24,5,13,28;38,5,2,39,16;2,33;10;31,29,26,16
20;9,10,13,21,5,1;26,37,31,28,20,36;23,13,16,32,37,31;14,11;37,13,26,1,22,32;2,21,16,1;37,27,24,22;9,4,15,27,14,1,33,26;39,18,14,30,10,4;14,27,36,13,22,8;37,4,28,38,12,22,5,33;31,1,28,7,0;26,10,33,32,12,31,24,7;39,38,14,7;15,26,29,23,25,12,19
17;19,18,5,30,3,15,10;34,27,12,3,35,38;23,33;37,36,16,4,12,21,8;8,12,17;22,31,23,11,8,19,6;10;30,12,2,39,20,11,24;25,21,6;9,20,4,3;2,9;37,10,28,12,29,27,13;38,34,25,19,36,7,17;23,13,25,1;14,3,38,12;36,5
28;26;26,16,25,8;37,35;8,38,31;34;24,28,11,36,27,32;27,12,23,13,9,20,29;8;29,34,35,39,24,9,0;36,2,32,27,5,4,23;12,20,22;11,13,27,30,18,26,8;29,11,13,21,1;32,5,22,4,7,8;21,26;35,21,15,39,6;2,35,3,9,0;6,30,33,25;30,32,24,22,35,14,12
34,26,3,23,8,7,18;30,26,7,12
39;6,32;25,9,10,4,5,0,6;36,14,6,34,23,29,15
32,3,30,24,19,34,29,38;30,29,7
7,23,6,4,28,17,5;15,35,11,28,9,10,16,29;16,19,35,29,36,14,0;21,24,26,7;12,4,31;2,9,35,1,22,7,6;31,16,10,11,7,33,34;37,14,21,6;17,14,34,25;18,25,27,24,26,19,32;22,16;31,10
19,4;38,7,36,37,16,39;14,0;30,26,0,22,23,1;25,34,28,8;20,29;37
36;2,5,11,15,20,9,0;23,2,24;2,1,4,39,23;6,37,23,17,36;21,20,37,8,4,7,35;26,16;28,27,29,2,25;13,33;16,25,26;5,4,12,7,33,0,20;13,30,38,15,18,39,10,4;24,36,35,8,26,3;0,5,15,38;33,13,17,36,22;38,9,32
16,27,24,8,29,22;38;20,29,6,39,8;17,0,10,2,18,35;1,6;38;14,4,25,13,17,5,39;34,6,15,16;12,17,23,15,8,16;0,2,20,30,25,19,24,39;15;7,16,8,34,15;21,11,3,23,37;16,25,31,26,24;0,31,37,22,29;30,15,32,10,8,21,17,24;8,38,29,32,30,35,6;5,37;33,16,22,32,27
4,38,25,13,24,2;37,34,22,24,16,2,6,9;3,11,15,25,18,1,38;31,7,39,12,32,18;32,21,12;24,3,37;2
36,2,4,34,27,31,21;0,4,32,26
7,34,16,18,27,14,19;6,17,15,16,9,25,11;34,1,9,0;34,39,9;37,29,15;16,3;8,0,3,26,31,21,38,11;6,39,0,36,23,18,8;14,29,18;27;36,9;32,25,19,4;5
36,9;13;33,38,11,27,16,25;2,27,9,33,8,22;39,9,15,34,3,20,19;18,21,38,29,0,3,10,22;26,16;21,34,3,19,36;23,32,21,34,16,36,9
2,30,18,8;26,18,35,31,33;2,28,10,31;18,22,5,4,37;4,36,18,27;6;35,19,6;32,29,38,13;15,22,29,25,24;4,10,32,36,5,29
37,32,28,15,24;6,23,0,22,9,32,25;27,3,15,25;34,38,27;2,3;10,13,28,35,25,3,29;6,19,4,7,39,20;23,25,8,24,16,35,18;4,19,8,15,16;4,32,8,9,30,6,13;34,32,38,14,26,39,13;8,28,26,38;20,8,33,7;12,33,11,18,17,7,16;33,30,29,19,35,32;35,39,14,2,4
38;18;13,11,30,5,25;16,6,38,5,31,21,35;8,39,33,23,14;17,30;9,3,37;38,11,25,22,21,8,6;19,17,32,37,22;24,11;19,31;3;27,28,20,34,0,24;4,11,38,26,0,2,3,14;5,16,17;33,18,31;9;32,11,10,36,8,35,17
8;21,15,36,5,34,16,3;33,23,36,38,5,8;7,25;1,39,26,30
19,8,18,1,17,32,14;19,30,1;17,27,37,33,32,14,9,4;15,19,14,39,6,22,12,25;18,28,11,5,24,0,32;33,14,28,30,34,25,16,7;16,34;20,8,32,9,16;29,25,39;13,5,8,19,39,16,3,18;31,2,6;22,6,16,3,31,1,30,37;6,10,28;14,36,6
24,37,27,23,21,7,18;14,27,23,13;36,8,30,14,26,12,9;29,4,24,39,36,38;10,15,26,24,33;13,12;24,16,31,15,11,1,35;38,28,37,11,10,26,2,8;21;23,3,15,1,32,5,10;6,23,9,30;29;12,3;21,36,6,39,8;14,16,35,8;7
29,0,27;0,23;25,24;31,2;25,12,13,32;35,38,31,36,25,21,13,15;35,33;29,2,32,22,31,1;1,5,13,22;17,4,14;3,23,15,27
22,24,7,18,29;29,5,19;5;9,17,39,8,24,33,34,0;30,37;22,2,21,7,0,37,14,8;22,38,9,33,8,0,29;27,11,38,29,22,30;4,16,6,8,24,12,35,10;12,26,1;32,30,5,27,12,23;36;33,3,1,13,35,11,8;9;8,14,37,18,38,11;26,20,22,4;14,21,30;39,15,11,13;39,11
37,26;26;30,33,12,32,23,39;39,25,2,27,8,1,6,7;37,33,10,34,5,39,6;10,16,7;19;35
12,18;4,23,6,18,12,35,27,13;4,29,24,30;15,24,21,0,22;6,29,2,4,18;11,0,34;28,33,23,11,39,34,37,26;22;23,35,21,13;15,9,16,1,36,7,25,8;18,27,29,1,7,31;0,36,11,7,15,22,24;5,2,29,0;27,15;21
4;25,31,22,8,37,13;27,29,19,37,33,24,23
16,39,23;20,39,3,37;28;18,3
10;14,20,9,5,25,13,19;5,15;18,39,2,35,15,6;32,38,10
22,16,33,32,5;1,33,21
8,12,0;27,37,7;3,26,17,9,6,18,20;11,28,25,0;35,21,33,8,24,13,2,36;7,2,21,26,38,5;24,23,0,1,26,7;18,7,26,13,27;21,25,33,37,27,15;32,2,30,34,14,17,36;35,6,25,38,4,13;8,32,33,28,18;13,2,16,26,33,8,27;6,36,29,8,28,18,11,10;34,7,20;7;19,16,30,5,26;10,17,38,4;14,4,13;11,34,23
19;24,35,9,10,33,21,25,12;30,28,9,19,18,12,15;18,4,35;21,20,23,34,16;27,24,33,12,38,2;33,16,14,32;21,3,15,19,26;22,15,32,37,2,5
