8,6,1,27,48,21,41,19;12,32,30,43,45;36,9,34,42,21,14,8,26;0,10,25,11,17,29;33,24,32,27,46;35,15,18,10,48;36
43,4,19,40,30,46,27;19,42,44,1,24,30,5,7;38,48,20,36;12,19,48,44;21,19,11,45,15;37,35,32,39,17,44,14,22;12,11,31,16,8,35,1,38
6,17,31,12,14;33,30,4,7,0;30,10,36,33,20,4,9,49;48;0,23,16;42,35,1,41,39,19,6;46,20,23;7,14,42,32,13,26,41;23,38,4,0,39,6,22,10;39,43;10,11,5,22;43,3,7,19,18;25;22,29,36;6,38,21,33,17,25;24,34,28,43,6,27,48,41;23,16,9,6,38,15
34,30;22,25,9,1;32,38,39;24,33,31,42,39,0,11;20,5;11,45,42,32,39;34,41;48,12,46,38,44,6,37;24,18,46,21;31,47,7,15;0,29,46,12,19;31,33;40;37,46,39,36,44;49,47,35,29;0,25,44,36,37,19;32,35,27,30,12,40,21;45,29,5,21,27,49,4;6,44
43,36,32,19,12,27,14;17,7,23,24,49;32,31,45,42,40,38;33,46,40;23,24,46,47,6,32,0,35;45,0,7,31,6;29,37,40,26,43;4,29,0,24,33,10,17,36;47,45;6,5,20,8,25,2,31;6,3,0,28;9,27,7,4,31,43,21;47,10,39,32,30,3,12
30,0,32,46,6;2,0,31,35,7,11,47;25,21,26,31;38,32,7,31,40;37,23,42,15,41;45,13,48,34,25,12;10,46,4,3,14;40,2,1,9,4,21,30
24;19,34,31,14,44,20;12,10,2,15,19,30,7
9,12,21,29,17,8,41;2,17,38,35;2,9,47,10,4,22,13;8,4,45,43,29,25,30,10;32,2,9,46,3,12;24,3;2,26,36,31,11;18,36,0,49,27;25,46,22,36,13,42;37,32,22,34,6;45;36,22,10,4,2
1,6,26,37,5,46,44;16,19,33,43,12,13,4;0,36,33,43,16,10,12;2,20,1,11;11,17,42,44,37;12,4,21,42;18,45,5;21,8,26,34,46,6;31,34,4;31,1,3,40,37,12,9,2;4;33;44,2,22,42,14,4,25;36,39,4,35,25,37,24,41;28,7,19,40,8,1,18;28,8,2;31,30,41,25,17;10,37,38,35,40,23;29,12,1,15,8,2
47,20,22,43,15;11,13,14;24,46,4;49,32,18,28;4,1,2
47,23,15,25,24,17;16,49,31,4,32,48,33;0,6;34,11,30,13,6;21,40;32,42,28,4,17;47,45,26,9,19,24,8,11;47,23,16,32;44,37,24;6,40,8;29,32,25,46,6,21,35
39;31,5,45,32,16,44,9;46,35,22
39,10;16,20,46,30;17,0,4,28;11,5,23,33,4,28,30,0;8,10,42,9,43,47;10,9;30,40,49,19;23,11;12,15,28,43;37,23,4,46,7;41;8,31,4,33;0,49,43,1;15,32,29,42,39,38
45,28,0,11,17,5,19,38;25,15
3,43,44;45,19;34,40,2;46,17,21;10,40,34,18;24,4;23,14,44,27,10,30;2,0,26;44,47,37,1,31,6;12;49,16,3,0,9;17,3,2,47,32,20;34,45,39,41;27,37,16,19,45
32,14,8,19,1,34,29;14,28,8,46,10,45,35;42;10,37,32,1,30,15,40;28,7,24,19,0;12,43,18,46;30,31,24;41,11,1,26,15,23,36
22,48,49,11,26,45,34,40
44,30,5;27,9,25,42,46,35;5,31,19;24,3,22,4,20,17;43,36,0,39,46,28;12,49,40,14,4,47,32;42,24,17,4,29,3,32;12,9,37,44,36,31,32;22,41,28;24
43,42,31,13,4,46,8,6
11,14,21,34,33,43,10,2;49,12;8,46,37,7,47,43,19,28;0,19;4;25;19,21;18,10,2,33,17,29;4,20,32;8,46,15;38,14;18,29,24,25,48;19,11,3;30,31,24,39;31,33,13
9,15,8,20,49,26,42,28;43,20;35,32,12,39,1;20,1,2,9,31,26,36;6;9,7,25,23,34,8;17,44,5,9,10;49,40,44,15,10,4
19,25,3,29,16;25,41;28,41,45,31,14,39;17,45,35,43,7,44,39,33;7,15,32,26,4;22;16,24,39,30,47,49
30,25,21;25;5,14,23,24;9,37,42,3,49,38,46,33;31,35,42,46,10,48,25,38;5,4,33,21,37
15,12;0;37,38;2;20;32,23,31,20,12,48,27,35;49,37,10,41;8;34,4,5,11,37,21;47,1;44,14,7,24,2;14,22,10,0,17,12,44;4,12;25,40,46;36,7,3;27,16,29,18,19,30,38;20,13,31,24,0,46
45,9,25,23;30,12,34,16,40;18,44,24,8,39,42;2,29,15,32,48,49,41,34;33,14,0,28,6;17,32;8,10,9;2,31,18,24;25,1;33,3;30,5,32,31;34,10,47,1;28,44,42,14,27,20,7
18;13,18,43,44,9,25;13,22,10,45,5,47;35,30,15,13,8,37,36,49;40,23,42,25,46,14,27
31,14;12,11;34;1,49;17,4,43,0,27,3;27
25,12,13,35;4,29,24,25,38,41,3,47;38
14,15;48,33,39;22,16,29;43,27,7;7,37,16,9,4,6;45,14,29;12,45,33,40,23,1,26,46;25,33,40,42,49;16,5,23,14,7,10,9,1;39,35,40,26;23,36,46,39,11,44,9,3;35,34,7,38,25,29;17,21,12,15,11;20,41;5,33,32,3,22,16,31,25;47,24,33;16,1,34,12,10,37,20,19;12,0,45,26
34,35,19,39,26,12;34,8,38,48,43,9,14,13;5,24,39,1;26,24,2,8,21,46;8,47,6,14;38,7,33,9,14,3,17,42;23,32,17,45,22,5;7;48,7,12,39,38,36;49,25,5,36,6,10,9;28,41,1,31,0,25;37,48,26;5,13,20,41,47,31,7,32;45,37,35,6,5
3,15,26,29,39,7;22,3,5;1,23;6;37,49,8,20,1,7,9,21;10,27,3,29;30,10;28,21,5,12,4,43;45,28,46,34;35,17,47;35,24,1,42,6,43,25;43;37,49,3,30,11,6,42,25;47,11,49,2,22;0;16,45;7,6,25,37,12,5;40,17;16,34,44,30
43,8,34,5,6;1,2,12;2;0,20,48,40,42;41,44,48,22;35,30,10,11,42;21,6,43,29,11,9;14,24,33,12;31,20,16,26,27,30,33;13,39,2,25,26,27,34,10
44;14,24,31,45;47;25,12,18,45,49,6;41,45,29;5,12,48,27;23,5;29,19,9,2,47,1,8;9,20;29,15,13,26,43,35,0,41;34,18,30,37;29,22,48,13,32,46,44,6;30,43,18,8,21,47;35,0,33,3,16,39,20;19,17,0;16,18,14;20,26,25;15;18,37,14,28;32,22,37,35,28,41
46,30,19,45,44,38,27;26,23,42;44,14,2,28,42,26;19,15,37,10,24,13,20,42;43,35,26,31;48,3,20,44,19,28,36,6;7;12,15,25,11,23,27;4,25,36,16;23,43,37;39,15,21;34,14,0,42,8;0,40
29,0,25,36,13,19,31,8;26,49,36,40,21,31,13,27;24,35,10,8;33,21,37,48,6,30,11;4,34,1;16,34,46,10,42;37,18;8,16,26,39;21,30,14,39,3;8,17,29,16;22,31,24,6,14,49;41
32,3,42;31,14,7,39,25,36;31,15;44,22;9,39,46,7,1,6,20
4,11,19,44,45,12;48,40;41,39,36,5,27,2,18,26;19,35,30,38,1;38;10;23;1,42,48,28;34,37;0,7,28,6,16;29,27,49,36;23,4,46,44,45,31,7;30,29,14,42;8,13,18,28,24,4,43,31;16,29,37,46;20,17,15,30;42,18,15,36;46,37,8,30,22
10,40,17,47,16,49;22
14;44,11,40;11,20,10,33,45;34,27,18,42,23,33,47,38;8,42;24,20,31,3,27,39,17
38,29,34,8,26,19,46;8,11,16,37,49,28,7;17,15,44,20;7,3,16;25;1,49
34,44,28,46,21,11,40,33;33,4;36,32,41,7;29,2,45;6,1,3;22,15,31,48,16,18,2;25,33,6,11,19,24;35;14,27,40,1,42;17,41,23,7,3;7,18,2,9,0;5,25,28,11,36,44,30;8,27,10,13,33,6;5,11,29,12,15,45,18;46,36,1,11,22,15,30;30,39,12,33,22,14,11,44;42,45,43,12,13;42,27;14,29,22,18,32,20,47;40,27,35,23,49,11,42
48,29
3,0,4,9,8,41
49,25,36,26,40,17,34,47;34,14,18;2,8;16,30,11,7,3,38,27,45;14,38,42;3;21,8,12,9,37,27,19;26,14,17,20;0,47,6,33,3,10;13,17,38,22,6;30,6;5,44,37,38,21,8
29,24,45;13,36,46,39,34,22,48;33,25,36,0;40;44,38,5,10,35,6,11,34;8,12,27,1,39;43,24,21;14,13
38,46;3,37,1,25;40,4,10,27;13,33,21,10;17,34,28,37,39,18,43;30,47,18,41,35,19,36;14,12,40,4,6,39,17;36,17,45,19,39;44,3,36;25,43,14,33,13,12,21,42;47,22,46,16;25,16,20,41,2,48,22;45,2,15,18,25,48,24;42;24,23;48,42,9,47,34;0,28,37,2,8,31,20,7;22,29,37,39,3,12,30,17;44
43,36,23,45;34,32,26,11,24,39;31;7,37,12,17,14,13;19,10;11,5,42,25,44,41;27,10,2,44,48,8;33,44,29,24,11,38;48,2;17,12,7,38;40,33,34,43,0
41,36,34,13,33,42;40;31,42,6,11,47,26;7,4,35;12,9,13,32,4;2,48,4,42;46,33,16,23,19;19,44,45,2,9,4,18,8;33;19,47,33,37,24,22,21,31
7,38,36,23,48,31,3;0,30,20,48,39,10,21;5,21,41,29,24,27;38,29,32,1,48;28,47,35,31,49,12,27,38;5,36;26;38,2,49,21,11,27;7,41,16,1,9,38,15;29;12,16,22,7,40,41;15;18;35,45,33,30,49,37
30,39;39,29,15,3,35,40,48;0,48,1,3,26,25,12;3,8,40,20,48,4,33,36;16,0,11,21,15,7,33,20;28,38;40,30,44,47,26,11,16,22;45,5,8,38,27,28,47,18;32,30,5,22,21;0,5,24,6,18,33,2,7;6,26;9,4,39,49;12,9,13,24,47,29,10,30;32,0,1,42;33,41,35,11;2,9,37,10,19,6,47;18,14,45,8,24,47,7,2;44,1,28,38,6,22,41
