6,9;14,13,11,15;16,15,11;5,19,15,11,12,13,3,0;3;13,1,10,6,11;9,5,8;7,19,10,6,3;0,10,18;5,4,9,18,1;12,5,11,3,7,8;16,15,9;0,10,15,18;16,5,0,3,7,6,10,4;2,11,15,3;10,15,19,13,18,11,5,4;19,14,10,8;10,2,8,7;15;2,11,6,0
10,1,9,12,4,8,13,17;13,7,18,9,11,14,0,1;6,4,15,17;4,10;16,4,6,19,10,14,2;7,0,12,1
12,1,7;5,2,16,15,4,8;2;7,5,4,3,14,16,1;3,4;13,18,2;0,3;6;8;17,14,15,5,9,12
2,11,5,19,0,13;13,4,0,2;1,6,10,19,18,2;7,8,19,0;9,2,6,3,0,7,19;12;3,14,10,6,12,11,19;7,16,3,17,6;2,11;13;16,1,12,4,14;2,12,10,3,1,11;7;17,14,12,4,5,11,16,2
16,14;0,3,11,1,7,10;14,18,5;18;9,13,0,11,17,18;13,14;0,1,7,11;17,5,9,0,4,8,7,13;4,15,16,3,19;10,6,8,13;10,7,6,5,18,15,8;2,6;6,8,4,11,10,15,17;0,8,13;2;17,14;7,5,16,15;7,5,19,12,11;1,17;16,9,11,14
4,10,6,17,16;19,16,8;5,18,2,9,0,8,16,14;3,12,10,7,6,15,13,17;15,10,13,4;2,16;9,18,10,14,13,19;2,16,3;15,19,13;14,13,19,5;14;14,4,7,6;7,5,12,6,10,3,13,1;4,18,12,6;3,9,6,19,12,2,0,4
11;3,8,5,18,6,1,7,11;10,15,5,12,1,19,7,0;2,5,3;10;5,9,15,3,7;9,16;13,16,17,19;19,18,8,3,14,1,15,0;14,19,6;7,1,16,5,3,18,17
2,1,8,3,9;11,3,19,6,12,4,9;5,9,15,8,6;7;12,11,7,18,3;19,4;3,9,13,1,8,15,16,6;2,10,5,11,16,12,13,19;13,9,10,19,17;18,0,9,13,17,10,15;0,18,17,13,9,4,19;1,0,14;10,5,16,19,15,18,12;8,5,13,15,2,7;8,11,13;8,9,11,3,15,17,1,13;0,7,2,5,14;17,2,1,4,19,13,18;15,3,14,17,11,12,1;7,11,19,14
2,4;9,18,2,17;1,8,0,14,11;7,18,1;8,10;7,17,16,5,11,3,6,12;18,16,1,8;9;15,5;5,16,1,11,8;3,9,4,5,12,6,2,1
14,6,11;0,11,8,7,13,10;15,4;13,17,8,1,5,4,19,16;17,8;12,19,7,3;0,6,19,3,5,4,14;7,6,11
17,15,10,4;6;5,11,14;2,6,4,10,14,16,7
14,2,7,3,9,0,1,17;6,16,3,18,5,11,14,19;4;10,15,8,16,19,13,5,9;3,17;17,5,11,1;15;9,15;1;16,13,18;9,5,0;10;0,9,11,10,16,1,2,18;1;1,19,10,18,2,5;12,10,3;15,16,13,3,19;5,15,4,13,8,9,1
19,6;13,18,16,5,19;4,15,7;12,1,11,5,18,15;13,10;12,19,14;14,10,15,19,8,5,11;6,17,19;19,7,14,16,18,8;0,13,16,12;10,17,13,16,7,18,1;3,19,7,9,4,14,18;16,9,0;2,11,4,0,8,6
0,9,12,14,13,5;8,5,2,10;17,7;3,10;10,12;6,15,11,2,1,19,17;13,4;18,0,7,13,8,5,1;8,2,5,14,16,19;17,0,8,10;6,10,8,19,4,16,0;6,3,19,4,14,11,16;1
12,14,6,2,5;1,14,9,5,19,6,8,12;15,13,10,16,1;16,8,6,13;19;16,10,5,8,11,2,15,13;15,1
10,6,18,3,8,1,16;13,8,7;2,14,18,8,6,1,0,15;1,13,5,11,12;16,13,6,18;13,8,1,2,4;2,6;11;3,13,2,12,19,6;4,14,17,2,0,13;13,2,9,0,7,15;0,15,12,4;19,13;9,11;19,11,1,0,12,4,3
8,16,15;11,16;6,0,18,2;11,17,14;10;3,2,19;4,15,17,7,0,2,6,13;17,10,7,6,1;3,1,10,5,8;10,0,15,3;7,15
8,15,17,12,10,19,14;19,9,17,8,7,12;9;13,17;16,6,12,4,1,3,19;5,2,13;5,16,18,6,12,1;3,15,12,5;13,4;2,8,10,0,18,14;14,1,18,8,5,17,6,0;2,0,13,4,17,3;16,7,1,4,8,18,19
13,4,7,1;12,10,0,4,18,19,17;6,1,5,10,13;11,17,7,13,6;5,3,4,17,8,16,14;11,8,2,13
1,5
7,13,19,9;8,6,1,3,9,18;1,18,6,10,11,9,0,2;18,3,5;6,11,15;11,1;4,2;16;1,9;10,19,2,6,15,13,1;3,4,1
0;0,4,12,13,8,18,10,3;11,18,10,7,16,13;10,5;17,15,7,19,3;10,12,3,6;1,14,10,16,2
16,0,12,17;3,7,19,2,10;4,7,0,1;0,1,13,5,4,7,8,11;4,18,11,15;0,12,6,13,8,3,16;10;2;0,4;12,4,15;10,0,14,1,11,17,15,12;15,8,5,1,3,14,12,6;12,6,14,13,17,15;10,3,12,15,6,16;14;9,19,13,3,2,4,1,8;5,2,9,1,12;14,6;12,8,2,0,1,14
12,0,8,5,11;14,19,15,8;16,8,6,19,15,10,5,14;12,9,3,19,17,6;17,7,8;10,16,14,19,4,12,1;6,13,15,2,16,8,9,4;19,12,10,9,14,0,4;1,11,16,14,18,13,3;13,11,1,14,10,6;2;12,18;14,11,17,8,3
2;14;4,0,19;2,19,14,8;1,3,17,14,13;2,10,12,3,5,4,13,19;3,0;6,5
5,3,10,6,12,13;9,1;15,4,1,0,11,16,5;11;1,17,2,11,10,12;2,16,17,8,10,12,13;17,0,13,3,10,12,14,4
8,11,10,19;11,18,2,14,3;17,5;6,18,14;7,19,4,6,0,11,16,14;19,0,3,14,8,15;19,11,6,7,9,5;6,11,9,18;13,6,18;12,7,11,8,4,19,18;13,15,3,1,7;4,19,7;19,10,9,1,11,17;0,7,8,14,18,15,1,4;3,9,12,18,14,1,13,11;8,13,16,17,0,11,2;0,16,13,19,5;10,2,15;5
0,1;6,0,12,10,19,14,15,8;16,3,1,11,0,15,7,8;2,1,14,10,11;9,18;4,17;14,4;18,15,12,3;6,4,16,15,2;12,10,8,19,11,3,1,4
19,16;6,7,3,13;12,2,3,6;14,12,3,1,0,17;18,3,7,14,2,13;16,6,17,12,2,14,18;3,18,13,4,6,9,14,12;0,18,12,1,4;18,5,9,6;5;13,0,17,5,6,15
15,8,0,17;15,16,17;13;18,0,2,6,8,9,16,13;17,9,10,6,0,18;1,5,17,10,7,14,8,16;17,19,9,18,0;1,14,4,8,6,17;1,12,11;2,12,11,9;4,17,1,5,10;1,15,19,12;5;1,5,12,7,16,4;1,4;15,4,2,5,3,8,9
19;15,9,19,1,5,6;6;10,9,13;7,9,18,10,6,19,17,4;12,15,16;10,16,2;16,8,4,3;6,1,14,17,12;19;10,7,15,14,3,16;12,10,9,3,14,5,8;9,16,4,18
11,6,17,12,1,7,8,14;9,17,7,15,19;11,3,9,10,15;7,4,13,14,3,5;9,10,11,0,14;1,16,9,15,3,8,6;2,12,18,4,10,9,0,1;1,15,14,7,19;11,15,16,4,0;13,5,4,10,12;6,5,17;9,19,17,12,18,15,7;8,17,18,9,6,11,19,3;6,17,4,14;18,5,3,7;12,5,11,15,4;8,17,6,18,10,7;6,11,9
14,13,9,2,3,0;19,16;19,16,8;17,9;4,11,14,16,7,8,15;14,3,7,8,6,1;19,9,10,7,5,11;1,18,12,16,14;8,16,4;8,2,12,17,14;6,13,14,10;12,18;10,18,12,6,0,16,9,14;13,8,1;10,4,5,3,17,14,16;15,10,9,5,16,19;2,17,4,19,6,14,13;17,13,10,19,8,4,16,12;19,1,14,7,8,16,10,6;17,7
15;19,11,14;2;2,16,15,0
12,13,0,3,18,2;6,0;17,15,13,12;12;17,7,8,18,10,1,13;9,14;19,12,6,4,16,17;12,11,16,14,4,10;10,18,11,19;14;7,5,4,9,3;8,6,18,10;18,4,3;14,2,17,7,4,8,1,5;3,1,4,0,10,14,19,9
4,10,18,9,17,1;9,2,4,6,15;7,11,13,10,1,2;13,1,16,14;9,13,8,17,14,7,12;7,6,10,4,9,3;11;7,1,14,18,19,9
18,11;9;8;9,0,5,18,3;14,11,10,1,12,0,17;17,0,11;11,6,4,18,2,12;6,12,4,17,15;17,0,18;18,15,9,0,12,2;6,19,15,11,12,9;19,17,8,10,9,12;11,7,3,14,10,15;1,18,16,12
10;13,8,6;17,8,10,1,15,4,18,5;17,0,15,19;11,8,18,0;8,2;3,14,1,11,8,10,5,15;8,12,11,18,17,16,10,7;5,16,14,10,8,4;13,10,15,4;7,10,11,16;0;9,14,1,8,11,7;16,10,6,7;2,14,0,12,9,10,13;3,8,0;17,11,3,7,2,16;13;18,3,2,14;6,7
11,14,10,6
12;17,13,7,16,18;12,13,19,17;14,5,9;0,13,16;4,18,9,2;9,4,10,18;3,0,4,14,5;9;5,2,17,8,10;19,14,5,3,11,12
14,9,16,8,19,15;10,7,9;12,7,15,5;3,14,5,2,18,16;18,5,17,6,8;16,17,4,9;0,12,17,14,15;1,18,13;17,5,8,14,7,6;0,12,3,6;9,5,14,15,10,12,8,17;3,4,8,11;8,16,14,4,6,3,12,17;9,6,12,4,19,5,18,3
17,5,8,15,13,3,16,0;15,13,18,8,0,1,3;8,10,5,15;10,13,9,8;7,1,15,6,0,13,3;5,17,16,7,12,0;19,3,2,7,13,11,1;9,6;6,19,12;16,1,5,14;2,17,15,10,4;3,14;4,10,14;15,16,12,4,11,13;10,7,17,8,18,4;10,7,0,19
7;13,15;10,3,15,7,11,8,5,14;12,4,14,2,5,7,13;11,18,10,0,14,2;9,12;19,9,16;14,12,4,2,19,0,6;16,0,6
11,19,9,6;13,11,8,3;1,9,8,5,0,18,6,3;14;17,18,2,7;2,5,16,0,12,19,13;5,4,6,17,8,19;12,17,4,10,13,18;19,3;12,10,2,13,11,0,15;3
0,8,15,2;19,17,1,4,11,18;14,7,8,4,15,17,16;13,8,19,7,17;5,8,19,1,14,17;14,11,9,12,3,10,16,6;6,18,1,16,19,12,14;10,15,9,17,13,12,2,19;15,1,9,19,10,3,18;1,10,17,12,8,3,0;11;14,0,2,3,4,11,17
0,7,16,11,12;15,11
5,2,6;9,7,0,19;13,8,1;15,11,12,13,0,4;9,14,6;18,16,14
7;0,13,12,2,15;1,2,4,5,9,15,19;13,11;4,1,6;12,14;14,7,4,2,12;10,5,17,19,4,9,13,18
10,6,7;15,3,9,4;18,13,4,7,19;17;13,4,9,16,14,1,0,12;7;19,4;17,3,12,14,16,7,1,0
0,10,15,2,9,3,11;10,11,15,17,0,7,16,19;6,7,15,12,4,9;8,10,18,17;4,17,14,18,5,15;3,10,4,13,2;2,8,16,1;13,16,5,7,0;3;11;14,7;17,15,18,7;5,12,6;14,17,0,11;0,15;12,19,2,5,3,10;2,18,3,8,1,11,4;0,17
