20,18,25;4,18,24,11,0,26,22,1;21,2,22;28,16,24,0,9,19,1,17;16,11,18,22,20,27;12;11,13;13,8,11,29,4;10,6,12,1,16;12,22,25,4,20,23,0,7;22,19,20,27,12;3,6,12,28,19,24,18,10;17,27,0,22,21,20;1,12;22,4,16,5;0,9,6,15,16,4;16,20;11,1,28,14,13,4,17
18,26,24,28,2,13,29;22;27,28;5,19,17,8;16,2;20,17;3,26,5,27;15,21,4,14,27,8,5,24;14,1,23,18,7,8,13,25;4,3,17,7;22,16;21;17,23,21,8,29,28,1;0;11,21,20;13,3,29,1,12,4,0
25,13,12;23,25,14;9;7,20,1,29;4,20,23,1,16,21,13;8,6,25,29,9,13
25,13,29,5;25,16,20,10;14,0,13,19,8,26;26,12,7;21,16,20,4,6,26,1,9;27;26,21,1;7,25,5,17;17,14,24,5;5;28,26,27,14;1,12,24,19;16,4,8,17,0,10;11,26,7,25,3,17,15,4;26,15;6,12
13,8,1,29,0,5,21;6;7;14,23,29,5,21,18;10,29,23,12,2;3,28,9,4;10,12,4,19,0,9,17,8;13,25;9,13;10,5,26,25,4,27;5,20,9,6,12,0,21,19;28
11,23,29,24;2,19,26
18,7,28,14,19,27;0,26,14,19,17,25;16,5,10,14,0,6,17,18;23,28,9,26;8;23,5,0,18,15;5,0,7,3,8;5,26,17;12,27,8,0,10,24
10,15,25,9,21,6;10,2,16,9;4,9,26,2,14,3,13,24;12,5;3;4,7,10,14,2,25,8,5;2,11;23,14,2,11,8,20;3,25,26,11,17,24,14
20,13,5,9,24,11,23,21
7,1,2;10,16,9,26,5,2;25,12,19,14;20,14,4,24,11;1,29,12,0,9,23,7;24,13,3,16,23,14;8,18,29;6,15;23,10,29,16,18,1,19,3;25,14,21;17,18,29;1;5,24,28,18,0;4,20,24,22,19,13,18,10
10,22;12,3,29,11,22;4,25,27,17,26,11;10;5,12,16,11,4,15,7,8;20,3,10,1;22,14,15,19,20;4,0,26,28,24,15;7
20,11
11,26,16,7,13;6;10,15,5,0,9;8,4,0,19;29,7,18,21,19,27,5;25,2,8,11,29;15,12,14,23,1,5,28;3,17,6,8,25,11,24;26,1,25,8,11,19,10;15,8,5,0,6,3;12;28,8,13,19,14;1;13;11,14;21
6,8,15,14;26,15,18,25,22,28,6;0,15,2;17,8;8,2,23,20,11,4,28;8;12,25,0,5,24,21,22;0,19;7,4;2,7,5,26,3,13,17;28,27,23,11,0,29;7,6,20,16,24,28;25,13
8,5,3,14,1;20,29,8,1,10;15,26,12,14,7,27;4,18,16,13,27,14;15,26;7,18,24,0,10,20;14,5,16;14,0,17,3,6,16;17;20,5,16,3;11,1,2,0;9,8,11,27,3,10,17;5;18,9,17,22,23,12,20;11;2,4,3,20,18,13;2,7;2,8,16,5;2,12,16,14,5,10,26,17;4
25,2,1;9,15,19,18,26;26,28,29,0,13,6,17;14,25,2,0;15,3;27,12;14,20,19,21,0,13,18;6,15,21,25,20,16,8;7,15,17;3,26,27,20,18,4,12;26,7,16,1,19,10,5;27,28,15,9,22,19,5,8;7,8,23,27,26,14,5;1,24,22,5,17,9,3
27,26,5,3;12,19,21,16,22,13,3;7,19,9;17,3,20,12,25,4,22;25,22,13,5;0,23,4;21,2,14,9,17;29,18,14,25,20;4,12,25,27,13,8;22,8,18,28,14;29,14,21,7,8,17,20;21,14,7,6,15,3;20,3,21,23,19;17,7,3;17,1,13,23;23,5,13,20,6,19;10,17,4,14;11,1
17,6;11,23,20,10,12;8,16
27,6,18,12,15,23;10,0;22;19,7,8,28,27,25,6;3,12,9,19,8;21;25,23,12,4,16;10,22;8,3,28,15,22,14,0,5;0,21,12,16,28;3,23,7,18,15,1,28;25,9;7,23,8,5,20,4,28,3;12,28,14,6,3,17,18;15,9,14,5,8,16,10,13;17
4,16,22,25,0;4,20,26,22,24,29,11;2,6,25,11;27,15;27,10,22,20,23;17,25,13,26,29,4,19,10;5,21,22;8,15,0,4;0,18,4,6,16;25,6,26,28,5,19,13,22;18;2,6,8,5,22,14,28;26,3,27,16,8,9;28,26,0,19;26,22;11,22,9;28,11,2,3,18,12,4;28,15,20,0;5,3,26,7;11,25,26,13,14,22
11,9,1,27,23;28,19,4,8,15,7,18,12;17,7,19;29,12,18;7,28
29,4,22,1;23,6,2,20;19,4,20,13,22;26,22,12,15,21,2;29,6,23;22;5,25;13;9,21,3,2,11,16,20,1;5,19,26;22,4,18;24;19,2,17,15,14,23;4,24,29,18;26,28;1;6,2,3,7,14,21,13,12;0,6,20;16
28,10,7,11,23;11;7,16,5,21,2,26,9,15;19;29,25,17,13,28,4,3,15;5,10,15,0,12,7;10,21,9,12,13,2,8,23;14,9,3,24,12,26;13,21
8,16,12,29,17,11;7,18,29,3,14,10,13;4,16,14,19,7,0,3;28,11,17,20,12,6,10;20;11,2,22,1,12,13;25,24;26,2,28,0,20;23,20,3;16,25,13,26,9,12;17,10,1,22,19;2;17,8,25,4;12,6,7,19,10
19;29,23,15;0,11,20,10,5;18,26,11,29,22,19,21;5,6,15,25;19,4,12;0,8,26,10,13,17;19,8,3;20,21,18,23,14,7,27;11,28;4,8,0,6;11,2,6,4;6,9,3,7,10,20,1;11,7,22,8
0,1,11,14,24,27,3;3,5,4,14,7;8,24,16,11,22;5,18;12,18,19,29,24,2;10,29,11,17,4,18,7;4;11,13,5,4,14,25;0,13,17,7,6,4,26
6,21,8,14,2,18,0;15,25,5,23;23,22,18,19,2;25,13,15,21,23,27;29,21
17,19,29,27,5,20,1;1,2,7,12,15,8
21,15,13,12,27;14,28,25,3,22,1;23,29,6,1,7,10,19;13,28,8
20,28,22,9,6;2,6,3,21,5,27,17;15,7,21;1,25,5,8,7;18,11,3,24;13,17,4,19,14,8;7,24,1,28,19,6,25;15,13,16,2,14,26;20,28,3,0;28,22
5,16;15,2,28,23,9,3,14,12;0,27,13;6,11,16,12,4,9,10,3;4,8;12;25,27,28,16,14,18;28,0,25,17,10,9;8,5,4,17;3,24,20,21,23,27,6,9;14,19,9,13,27,26,1,18;3;27,9,23,4,2,18,12,14;27,9,12,4,29,2,3,14;29,4,19,21,12,2,1;8,1,11
13,22,9,4,27,25,10,19;3,16,19,24;9;20,14,13,11,27,4;16,15,5,18,29,26,27
20,13,12,0,25;6,14,11,21,28,26;29,18,1;4,23,18,6,28,1,15,26;0,14;21;10,25;8,22,23,13,21,12,2,18;23,3,12,29;0,2,29,16,19,25,5,9;2,26,9,21,0,12,22,6;19;8,4,15,19,21,23,3;18;25,24;5
6,27;19,29,11;28,3;8,21;17,24,11,27,21,14,5,1;24;1,18,21,20,9,28;0,29,18,17;28;10,12,18,23,29,13,24,11;27,28;21,10,2,11,18,7,19;9,27,2,10,22,25;20,23;18,26,16,29,23;3,6,22,13,23,18,24,1;10,22;9,6,15,26,16,14,21,19
22,29;11,13,23,14,26,17,22;28;5,22,27;5;20;28,2,7,20;15,12,21,8,1,0,23,20;17,3,23,7,20,14;16,10,5,4,19,12;26,15,1,13,18,2,11,19;27,18,5,21,7,3,11;18;20,26;24,14,22,3;23,26,7,22,10,9,2,19
27,14,4,17,18,20,16;5,28,6,27,0,11,10,26;29,17,3,2,13,1,6;17,6,15,27,9,8,4;22,18,15,21,7,10,3,23;14
3,10,15,18,8,24,25,29;21,1,29;16,21,4,10,13,11;17,16,13,21,12;21,1,20,3;18,1,14,13,29,8;4,16,25,11,26,9,17,23;20,26,27,7;3;4,20,25,9,1,23,22
25,14,21,16,26,18,3,1;7,3,23,6,2,20,0;24,15,6;2,6,29,24,25,21,14;21,18,14,25,29;23,2,29,5,13,18,27,25;24,18
5,11,25,6,9;13,6,17,2,5;15,19,2,0,14,4,25
6,8,5,24;28,18,9,27;1,12,28,6,29,2;27,9,24,13,3,29,10,2;26,21;22,13,24,6;4,8,6,15,14,1,17,21;16,6,27,10,21,15,18,12;19,28,1,17;5,6
25,28,29,1,21,26,8,27;4,3,24,21,28,11,13,17;24,16;13,1,27,8,7,28,12;2,20
12;1,17,9,21;2;7;18,11,8;1,11,3,12,29,19;3,21,4,12,17,27,6;11,19;7,11,23,24,0;25,23;12,25,17,0,8,6;4,2,21,12,13,9,5
1,18,29,21,23,19;16;5;2,15,11,28,17,24,7;3,4,9,7,17,24,28,20;0,19,1,11,10,5;14,6,2,9,26;14,25,8,28,22;11,19,9,13,29,15,14,16;29,10,27;24,11,21,18,29;6;20,27,2,1;1,8,13,29,11,22,6;0,15,28,21;8,21;6,24
12,21,4,0,5,20,14,7;3,4,15,12,17;19,20,1,26,25,10,13;12,27,23,1;14,24,4,16,8;17,24,10;15,14,16,13,20,10,2,0;5;8,14,23,20,7,26,17,16;23,28,1,19,7;11,23,1,10,19,14,21;15,19,28,3,22,9,10,4;14,4,3,19,22,10,0;20,27,4
4,25,16,7,5,11,2;5,1,29,19;20,5,24,14,13,29,28,25;29,17,7,9;15,0,10;4;0,23,1,29,21,27;29,17,5,20,11;10,1,9,17;23,2,15,26,1,12,19,22;10,1;24,12,26;19,28,25,9,27;27,1;10,27,25
16,4,3,5,10,18,26
10,18,28,1,2,17;28;7,13,16,29;10,15,11;2,26,8;22,16,23,15,13,24,8;9,5;25,7;3,14,6,2;17,14,27,29,1,2;8,29,23,25,27;9,29,14,4,3,19,28
10,29,2,22,12,16,24,20;6,8,19
26,4,22,8;11,21,23,29;6,7;8,1,16,26,20;13,27,26,19,20;11,24,5,9;18,1,24,26,19,3
7,22,8,10,5,16,28,19;5,15,16,29,24;15,17,16,4,26,28;29,23,15,12,27,2;7,11;15,6,29,8,9;12,16;7,17,26,0;2,28,11,16,29,5,9
