57;51;25;50;49;26;27;28,63;5;3,4;40;6;
25,49,50,51,57;26;27;28;5;63;65;3;4;6;2,40;54;
26,49,50,51,57,63;25,68;27;28;65;5;3;4;40;20;6;54;45;23;44;48;22;30;
50,51,57;25;49;26;63;27;68;69;28;5;62;65;33;12;36;11;3;20,54;45;22,23;4;
50,51,57;25;69;49;26;63;65;2;27;68;45,54;
57;51;50;25;49;26;27;63;28;5;65;3,68;45;36;12;4;20,40;11;23;54;6;22;
57;51;25;69;12;36;65;2;20;35;45;11;23;54;22,43;
25,50,51,57;49;63;68;26;69;27,65;36;5;28;45;3;4,62;6;54;12,40;52;33;48;2;20,23,35,43;11;22;
50,51,57;49,63;25;68;26;27,69;28;5;36,62,65;3;45;4,54;6;40;20;23;33,52;
25,49,50,51,57,63;26,68;27;65;36;5,28;3;4;6;40;2;1;54;45;30,44;
25,50,51,57;49;26;27;63;65;20,68;36;5;45;33;3,23;4,6,52;40;
25,26,49,50,51,57,63;27,68;5;28;65;36;3;4,54;6;2,30;40;45;1;44;48;20,23;37;22,66;
25,50,51,57;49;26;27;63;65;5;68;28;36;3,45;4;6;40;2;20;54;23;44;48;22;
50,51,57;25,49;63;26;27;28;5,65;3,68;20;23;54;45;44;4;40;22,37;
51,57;49,50;26;25,63;27;68;5;28,65;3;20;23;54;45;44;4,22;37;40;
51,57;50;49;26;25;63;27;68;28;20;5,36;23;65;54;45;22;3;