12,15;20;27,1,23,10,3,9,4;10,1,5,17;10,24,12,7;26,14,5,11;19;20,22
9;23,14,19,9;25,11,9,8,17;14,2,20;3,18,9,25
6,13;4,26;29;13,11,20;17,4,7;9;13,27,0,23,20
12,28,27,17;9,25,22,16,19;19,2,24,26,4;16,17,28,23;22;11,4,9,25,13,3,0;15,17,0
26,22,21,5;14,20,23;12,23,21,9,20
17,19,12,6,4,7,1,27;29,23,25,12;18,25,29,23,21,1;24,27,6,10,5;16;24,3,16,8,0,11,4,28;25,23,26,20,4,3,27;9,25,18,26,16;3,7,4,26,14
16,15,8;10,16,12;0,29,9,21,20;13,21,27,26;26;11,20,14,29,0
20,28,6,12,8,11;14,3;11,12,27,28;0,23,13,4,25,29;26,25,13,22,15;0,18,2,25,6,7;16;19,18;15,18;6,3,2,18,26,10,5,15;25,10,3,22,19
25,21,24,5,9;15;19,23,12,21;25,10,22;0,5,2,22,1;19,14,18,28,20;0,26,12;12;2,14,25,9;16,15,5,24,23;9;9,10,23,4,1;15,14;25;9,11,12,16,4,25,6,23;4,17;20,28,19,16,8,26,29,3;7;12,17,19
26,16,18,20,17;16,10,19,6,1,13,2;23,13;5,8,1,28;1,22,25,11,13,29,26,4;16,26,2,29,24
11,23,15,14,0,19,28,8;8;9,24,19;25,15;27,3,5;27,12,10,2;21,5;16,10,20,26,4,12,1
9,15,27,12,0;8,23,19,0,24;26,24,22,12;27,14,7,21,8,28,12,19;21,28,17,9,14,20,0;9;18,25,9,6,19,29;4,1,26,10;27,29,0,19,1,23;23,2,29,10,12,24,15,6;15,6;6,10,14,25,16;17;29,6,23,28,24;26,9,27;15,17,21,18,25,14;0,19,7,3,22,6,21;24;4,19,24,8,29,18,15,10;22,16
0,29,1;19,17,14,27,4,5,10
11,21,27,12;13,17,25,27,18,7,22
26,27,23,11;5,15,8,4,16,20,6;5,27,0,1,16,8;19,3,12,28,2,26
23,21,0,16,1,19;22,7;24,21,2,14,28,18;27,0,16,19,21,20,13;10,17,6;23,8;20,9,16,21;29,22;5,0,9;22;9,26,10,27,5;23,4,13,18;5,4;22,28,18,7,21,13,1;18,5,22,25,6,9;13,4,6,0,21,7,15;5,16,6,24,9,0,27,26;1,2,13,29,11,15,19,6;27,29,1,5,16;4
3,29,12,21,2;8,0;19;21;13,17,29;28,22,25,24,8,29,10;22,3,18,28,1,10,5;16;13,7,28,17;14,24,6,15,0,2,21;3,8,2,19,26,5,28;9,0,8,20,16;15,24,28,14;27,24,25,18,5;29,15,3,4,9,12,22,2;12,18,27,1,8;14,3,15,12
2,8,5,7,9,3,13;6,15,12,7;6,23;8,5,1,12;9,5,6,26,27,20,8,13
27,23,14,25;1;26,13,8,6,19;11,4;18,8,0,24,12,21,13
29,25;16,14,9,24,13,11;28,9
5,4,25,17,2,22;17,22,18,28,3;20,21,4,3,25;7;18,13,27,28,9,1;7,29,12;13,17,12,26,28,24,8,21;23,25,10,22,26,20;26,15,3,28;13,24,26,19,5,9;15,9;22,20,29;13;7,1,18
28,17,20;23;0,17,1,10;14,22,13,29;1,27,6,16,2;11,1;28,2,22,27;9,27,15,22,25
27;17,12,3,10,0;8;16,15,11,1,8,6,18;11,7,8,20,2,21,23;9,16;29
9,16,23,13,3,18,24;1,20,22,12;13,27,17,4,2,23;26,22,13,19,3,15;12,22,28,23,18,9,17,7;6,27,4,21,20;6,17,18,3,1;14,19,13,24,22,15,28;25;11,16,21,20;19,29,13,9;22,3
0,29,20,23,28;13,2,19,5,3,1;28,9;20,26,0,29,10,23,24;27,29,3,25;13,7,2,26;18,3,1,8,6,17,2;14,20,10,19,0,29,12
19;15,16;6,15,0;29,16;4,17,9,15,14,3;3;1,27,28,26,21,24,7,16;16;14,22,27,4,12;19,5,15,20
0,18;12,13,15;6,13,18,19,5,24;20,24;10;19;10,7,17,14,1,13,5;12,0,4,14,5,8;23;19,13,7,6,25
17,26,13,16,1,19,29;4,25,17,5,20,12;6,21,23;3,10,9,20,1,19;15;24;12,6,1,4,2,25;5,14,22,4,21;20,13,10,2,6;23,27,21,14;3,25
29,14,15,27,22;7;13,14,20,4,10,26,19;3,23,26,29,22,12
12,27,15;15,26;8;1,10,19,9,2;26,22,8;29,26,24,1,25,19,7,28;14;11,15,18,29,5,10,1;12,8,28,24,11,1,26,2;20,1,11,14,2,17,16;11,27,21;26,9,23,19,28,1;17,22,9;15,23,12,10,24,8,20,14;12;23,5,7,18,19,14,9,26;21,18,15,19,9,22,27;2,20,24,1;2,12,1
