10,15,28,2;6,20,4,23,17,25,3;2,17,13,4,3,6;20,1,6,29
14,24;9,7,10,21,19;14,16,18,1,5;5,2,21,27,3;16,23,8,28;0,14,29,26,20;19,28,27,25,7,5;2,11,4,19,3;0,7,9,23;29,10,23,19,18,24,17,15;6,9,11,26,0;12,0,18,11,14,6,17;3,29,5,21;9,3,6,27,16,26,23
1,16,17;3;16,3;26,2,23,14;7,0,21,29,27;12,27,4,5;16,4,24,11,0,20;1,23,3,16,17;20,10,1,3,11,7;24,16,27,19,5;5,27,14,16;26,14,3,1,8;9,13,17,15,14;7,24,0,20,2,25;10,7,9,4,19,17;14,4,24,13,17,8;11,9,8;27;11,12,0,9,8,21;10;20,16,24;16,10,22;1,11,3,24,14;7,29,15,8,27,2;4,29,9;24,14,11;21,8,20;21,24,26,7,22,13;24,12,17,0,4,19;3,1,21,18,8,12,24,4;15,29,25,17,5;21,18,11;16,24;11,3,29,25
22,24,16,15,29,26,11;18,27,20;14,9,17,23,2,13,7;24,3;15,11,2,12,17;17,11,20,26,14;14,11,15;6,14,9;24,18,19,1,2,17;8;28,8,18,9,15,27;5,6;10,11,3,9,26,1;19,16,3,21;8,5,21,2,6;8,18,3,5,13,14,23,12;2,13,26,11,29,15,19;13,14,15,11,10,0,25,18;7,26,0;0,24,15,29;20,15,9,7,21,22,14;21,6,24,12,16,8;16,19,18,7,8;11,27,24,21,29,1;18,24;8,2,9,16;15,21,25;23,21,20,14,8;21,16;20,12,26,19,16;0,5,1,14,9;5;21,20,6,10;21,2;8,18,9,14,5,3,26,20;12,27,10,1;19;11,20,2,12,9,25;23,13,2,5,26,24;0,2,13,3,4,9;16,20,12,10,22,5,29;4,0;29,9,7;21,2,19,0,14;25,18,6,14,4;27,10,23,11,6;28,8,4,3;10,0,29;28,21,6,18;7,6,25,9,10,20;23,9,27,10;25,23,28,3,15,14,26,7;7,23,0,5;9,21,29,12,0,16,18,23;15,27,8,11,18,6,25;19,12,23,5,22,6,13;24;5,25,4;28,15,11;3,24,1;9,26;4,22,18,9,15,10,26,7;4,21,15,25,27,29,24,3
19,2,24,11;5,24,22,27,16,13;10;0;20,2,12,16,1;19,7,12,5,4,11,3;18,2,0,16,20,1;27,26;29;29,26,13,18,1;15,29,19,24,1,27,5;9;11,13,10,5,4,23,20,26;13,4,23;16;28,14;20,24,6,15,4;15,3,6,26,22,28,25,2;10,25,2,27,11;9,24;15,4,27;5,8,15,27,22,6,17,12;27,1,13,3,23;14,2,8,25,10,13,29;21;16,3,8,7,21;18,6,0,4,24,10,12;28;22,27,12;22,2,11,17,13,3,14;12,8,5,15;26,9,3,4,24,6,16;25,17,21,14,28,8,6,4;11,25,15,29,24,9;16,14,15,10;19,25,8,11,21;4,27,19,17,28,26,11;0,20,23,9;10,27,21,0;11,25,14,10,29,28;27,24,2,15,14,1,8;19,1;11,19,9,4,24,16,28;22,18,21,13,17,8,11;14;15,18,13,25;14,17,11,10,20,8;15,14;14,9,7;20,26,0,7,10,19,4,24;5,1,24,12,22,7,0;16,20,13,5,10,14,27;23,22,0,8,20,4;20,4,16,19,22,24;26,8,13,19,22,2,15,6;9,13,8,2,18;11,10,13,21;21,23;4,29;7,2;27,12,15,17,28,16,19,26;24,11,8,5,16,6;2,22,7,4,1,10;3,8,22,20,26,15,11;14,28,24,29,23,25,13;6,13,25,7,9,8,27;16,26,1,4,12,28,11,17;5,1,11,4,0,6;21,2,23,11,18,6;29,28,4,26;18,15,21;22,29,2,20;8,23,9,17,19,7;17,20,25,4,8;24;20,16,3;2,27
14,10;13,6,29,14,2,5,4,15;2,4,8,1,16,0,10,11;8,3,9,22,20;27,9,12,22,23,2,26,7;22,24,12,11,13,5,16,23;13,23,5,20,8,10,21;5,22,25,11,1;7,28,6,25,19;14,20;22,14;7,20,21,10;19,27,14,16,20,5,17,6;21;17,18,5,26,2,29,4,21;9;0,16,8,3,23,26,13,5;27,23,5,1,24,17,3,20;1,10;25;20,2,21,19,8,14,16;24,27,3,9;5,13,8,2,16,12;10,27,16,6,12,26;15,17,1,20,0;1,28,9,4;10,27,4,7;9,29;8,20,17,24,29,9,14,5;18,23,24;1,21;23,24;19,3;22,21,25,3,15,0,28;11,8,0;22,8,20;27;11,15,16,24;14,16;29,1,2;8,15,19,14;21,9,18,28,4,0,7;24,4,20,3,6,15,5,29;29,28;7,13,10,3,2,25,14;11,21,3,14,12,0,10;15,2,28,12,21,14,11,27;8,0,28,6;3,18,20,12,7,21;12,26,13,20;4,18,0,11;18;20,21,12,8,19;23,16;13,12,5,14,27,0,1,3;15,28,12,19,8,25;6;0,18;9,27,0,11;7,3,28,1,4;0,12,2,10,4,5,21;13,5,4,7,16,6,2,27;5,18,24;7,15,20,19,5;25
13,15,26;27,19,24,3,14,18;21,22,3;6,27,0,23;2,19,20,13;5,26,9,10,2;8;21,17,22,8,26,3,12,7;12,13,21,24,8;9,25,27;28,9,27,3,20,11,23;6,21,8,10,7,4,11;29;14,13,7;6,18,4,0,17,16,5,13;8;7,2,27,18,1,0,14,13;7,18,25;13;6,23,10,12,8,5,1;18;14,17,19;7,24,16,9,0,18;19,26,29,27,18;28;0,24,27,9;24,18,8;21;2,20,22;29,7,5,14,13,12;10,26,15,27,4,1,13,29;20,8,1,9,12,28,18;22,13,2;21,4,20,28,5,9,3;28,14;26,17,25,16,19,29,0,15;3,20;27,10,3,5,20,16;10,11;26,20,9,6,8,5;20,4,27;5,1,4,25,12,19;20,24,25,28;9;1,8,21,16,15;17;23,25,29;15,21,28,13,25,27;7;29,16,3,8,11,26,18;29,25,1,14,0,3,2;4,22,7,16,24,23,13;1,2,11,28,5;18,3,21,19,25,2,6;18;20,25,3,29,28,26,12,16;23,7,25,12,19,3,21,26
6,28;5,2,14,21,4,22,29,28;21,25;21;19,4,6,20;13,1,15,14,28,20,16,9;19,24,22,16
8;5,19,22,23,29,13,7,9;11,7,17,29,19,23,24,0;26;25,16,12,22,27,29,24,20;24,14,10,15,4;13,29,1,27,16,10,28;28,17,23,5,9,14,16,4;9,13,4,16;22,2,20,17,13;29;8,29;16,27,9,8,15,5,1,13;12,8;21,13,10,1,9;1,7,2,3,20,9;29,4,16,1;19,3,14,27,21;23,7,6,18;1,3,11,4;17,3,12,25,6,7,18,20;2,27,10,16,0,29;11,3,24,2,20;25;10,18,9,7,21;16,5,9,13,27,12,2,23;7,23,14,27,15,29,11;29,21,18,24,11;0,25,1;14,21,19,22,6,26,15,3;27,25,0,11;24,10,18;21;26,27,24,0;17,10,16;20,8,28,12,21,7,23,15;2,15,16,21,14,8;10,19,26,21,16,13,15;18,5,25;22,25,8,5,9;27,11,13,8,5,17;5,21;19,7,8,23,11,16,28;2,1,11,26,15,9;13,12,28;23,3,15,5,21;19,23,27;3,7,10;15,25,16,1,26,22;11,0,20,19;28,19,17,21,14,1;17,27,16,18,12,0;19,28,4,7,16;29,18,11;28,21;8,27;16,7,26,1,28,17;11,28,8,4,26,16,24,23;13,4,6,17,24,14,18
19,21,11,5,22,9,16;7;2,27,24;15,20,2,0,9,3;14,11,24,4,25;9,8,20,5;2,16,12,14,23,10,15,7;4,20,24,11,16,14;4,21,22,18,9,26;26,9,28,5,7;7;18;18,11,9,17,8,0,5;4,12,11,28,24;20;9,28;3,4;10,4,22,2,16;17,12,0,18;21,7;6,5,12,27,25,24,28,18;14,12,22;29,18,7;12;20,28,8;3,19,18,10,13,23,15,4;7,28;28,8,1,29,0;6,13,8,21,23,27,19,2;26,24,20,14,12,16,2;12,21,7,10,16,11,4,3;18,20,6,1;5,24,2;21,3;16,2,13,24;20,0,29,9,16,26,28,25;11,9,20,17;14,11;3,0;7,20,29,27,21,18;15;7,3,18,5,14,9;12,1,2,28,19,23,15,14;5,28,13,16,8,24,9,6;17,14;12,2,16,27,19;23,21,5,19;25,16,13,15,3,29;25,23;29,25,28,24,27,6,3,14;13,22,24,27;7,5,21,25,20;27,5,13,2,0,24,9;29,10,4,3;16,28,26,22,13,10,25,11;26,5,17,28,8,15,19,20;0,26,4,17;0,15,16,12,4,1;11,16,0,15,6;4,2,26,14,21,23,24,25;22,5;20,6,7,26,19
27,6,21,16,28,14,13;0,2,27,28,18;2,23,24,20,5;15,7;5,9,3,8,28,18,10,29;19;18,12,24;13,22,25,12,7,19,16;3,19,28;13,7,19,22;6,17,15;18,29;5,26;9,16,6,14,27;18,19,21,12,25,29;29,6,14,11,7,17,10;5,27,16,0,12,8,13,7;0,5,22,18,14,16;19,12,16;16,5,29;17,13,27,26,18;17,6,24,27,3,14,10,26;20,22,21,19,5,12;25;6,23,20,14,5,1;27,2;11,20,7,0,17,13,23,21;14,20;20;23,10,0,16,4,1,19;0,24,18;10,28,19,9,4;28,6,12,9,27,16,11;5,12,8,11,0,27,24;25,22;3,18,16,12,23,24,17,0;18,4,3,0,21,17,27,10;21;0,16,14,7,20;9,3,16;23;12,13,26;13;9,25,20,11;23;29,16,5,14,7,19,23,21;19,14
26,13,12,17;28,13;1,20;3,19,0,27,7,22,1,11;25,16,14,22,21,18,7;25,6,1,5,16,2,10,27;26,7,23,0;4,1;5,10,4,27;21,17,1;17,7,15,12;15,22;14,28;14,8,0,1,16,23,27,10;4,13,2,11;13;9,27,1;3,7,29,19,16,11;23,19,3,0,28,16,26;9,12,27,22,0,4;24,4,20,22,29,1,23;2,9,6,19,23,11;29,6,1,20,8,23;29,7,28,22,16,23,10;16,6,29,7,15,23;13,25,17;9,25,1,10,6;20,7;17,24;9,7,1,8,4,11;22,4;23,5,22,18;15,23,29,6,5,14;12,3,6;29,7,2,25,9;18,7,2,22,14,25,15,28;11,25;9,27;26,29,13,5,11,23;19,29,23,4,28;27;16,9;20,24,25,15,29;9,24,13,16,26;3,14,2,18,9,1;20,7,1,6,24;23,5,21,11,13,20;12,7,11,14;9,27,15,11;7,21,29;16,10,27,26,18,12,14;6,1,2,26,29,4;28,22,2,15,12,6,21;16;17,11,10,1,23;1,22,15,20,25;20,27,12,19,21;29,11,8;27,0,1,7;0,11,3,16,15,26,4,7;1,8,20;9;29,2,5;12,24,19,6;21,6,24,27,2,9,10;12;15,8,26,6,22;22,23,1,5,0,25,18;13,18,27,12,20;4,13,17,22,18,6,29,28
26;28,4;14;19,3,15,17;24,8,16,0,25;11,28,24,10,9;29;22,6,2,8;13,26;0,7,11,5,2,26;18;15,19,4;21,25,24,13;19,23,28;24,2;10,26,18,28,5,29,24,12;17,26;19,20,10,11,24,16,15,26;5,11,23,20,14;13,0,28,17,27;25;29,18,11,6,14,5;23;9;18;25,10,20,18,29,13,17;18,17,5,4;0,8,6,13,22;25,24,22,2,21,3,4;27,1,3,14,9,28,2;19,2,22,14,15;4,24,7,6,27;23,22,27,25,19,6;6,11,19,28,21,12,16;26;3,14;16,3;3,23,29,13,25;26,21,18,28,17;15,20,25;6;11,8,1,2,13,10,6;3,26,10,22,24,20,27,15;4,20,25,16,6;13,3,6;16,28;4;2,9,11;4,6,12,10;1,29,9;3;26,29;23,12,5,11,24;5,3,26,0,2;2,9,20,3,14,17;13,16;3,25,23,16;11,5,16,13,21,7,19;17,6,15,2
6,4,23,2,26;17,27,16,23;12,26,13,14,3;6,19,18,2;0,26;3,16,25,0,9,4,8;21,26,4,5,0,25,17;5,29,28,27,16,12;1,18,17,6,15,29,2;18,11,5;24;14,24;5,19,14,12,3,26,2;3,22,18,14,19,23,9;13,18,23,27,12;3,6,21,18,8,24,14,10;21;29,28,13;26;26,13,27,5;20,22;8,29,9,1,3,16,28;19,24,16,7,26,3,4,2;13,15,9,29;19,8,29,13,5,21,24;12,21,0,5,9;9,25,14,5,6,27,3
8,16,21,27;24;23,9,0,26,22,16,18;21,13,10,15,18,27;29;24,2;15,23,9,24,25,21,28;7,20,3,28,14,22;2,14,18,8,12,0;19;24,7;23,8,15,12,18;10,24,14,17,21;14,5,15,7,3,18,29;7,23,13,10,5,22,16;14;3,12,15,21,8;25,12,11,27,4,10;23,26;4;7,17,26,29;6;13,17,8,14,23;29,21,24,22,2,13,15
13,9,10,17,5,25,21;18;14,21,5,15,2,20;28,19,20,27,8,21;16,29,0;8,0,28,18,4,1;8,9,11,23,26;27,3,21;25;24,23,27,28,8,10,21,0;4,17,22,5,0,19;16,25,24,28;26,24,22,2;19,8;7;22,10,7,23,19,17;11,26,2,14,22,1,5,23;5,19,24,3,28,1,11;8,20,25;10,13,5,17,8,14,29,3;11,13,9,8,16;29,10,21,5,15,8;24,5,4,8,25,0,15,17;8,4,7,16;5;6,2;14,6,12,17,11,21,4,15;14,9
29,24,22,28,19;28,29,27,25,24;27
15,25;24,28,0,17,20,8,4;8;2,10;23,9,12,26,22,28,29,21;6,24,7,27,22,5;24,29,25;18,20;21,28,22,16,2,15,27;0,28,27,4,16,5,20;16,20,17,9,19,27;29,8,2,22,4;28,27,24,12;19,14,4,8,10,1;1,0,8,21,29,5,2;10,20,5,7,4,11,15,12;29,9,21,10,25,3;3,12,8,14,4,0,17;20,29,22,6,18,21,23;24,16,29,7,9,11,14,6;18,8,10;3,25,29;11,1,4,29,25;10,5;15,13,5,11,23,6,25;10,3,23,11,25,6;2,28,23,27,29,11,19;2,7,11,29,12,21,26,16;19,28,11;29;16,26,29,17;17,9,4;13;27,7,28,11;23,28,20,14,4,2,0;19,13,3,27,7,24,1,16;16,1,2,23,21;28,22;20;18,0,16,11,9,20,17,3;23,3,5
25,17,8,27,10,28,23;4,26,11;12,14,26,13,9,20,18;10;26,9,12,3,2,28,16;26,0;29,16,0,27,24,3,8,14;9;23,14;28,24,9,5;23,26;8;28,3,15,21,18,26,9;19,3,27,20,2,11,10;29,5,4,27,23;8,13,21;3,20;4,23,22;17,22,19;15,12;29,3,26,6,8,16,19,5;12,17;10,24;17,10,13,2;7;13,7,4,26;16,27,22,3,7,29,21,12;2,20,23;3,14,18;1,13,6,24,5,9,28,10;3,28,15,26;29,17,13,11;10,18,20,2,26,7;5,20,29,12;19,8,3,18;4,5,19,16,28,2;24,4,20,19;13,22,4,7;1,16;23,0,14,4,28,15;17,29,23,22,16;18,22,20,2,6;3;10,13,14,8,12;26,3;13,25,3,29,21,12,15;2,15,16,17;22,7,0,29,17;25,1,17,20;10,22,1,5,20;10;10,19,14,0,4,18,23;19,21,15;13,1,8,26,27;24,10,6,16;4,23,6,12,10,8;22,14,26,25;5,27,11,26,6;0,7,25,23,8,29,15;26;29,23,15,13,0;2,20,19,16,10,6
6;9;2;27,25,22,10,2,26,3,23;20,21;10,8,16;9,11,1,13,7,4;21;23,18,5,6;27,21,26,20;9,13,12;10,29;0,6,15,12,5;24,28,23;24,25,13,22,20,23,12,10;9,16;10,20,12,14,0,11;0,18,11,27,3;14,26,11;6,18,28,19;15;23,22,3,27,11,15,1,8;26;6;29;3,15,25;1,19,16,3,22,17;20,29,12,15,1,23;16,1,8,25,17;25,20;23,22,26,8,6,7,19,3;29,24,2,21,0;20,14,3;0,11,16,4,29,27;7,29,9;3,0,10,23,7,20,2,1;7,6;3,9,14,22,12,17,18,23;15,24;21,6,10,9,20
12,8;24,9,19,6,4,13,16,28;21,13,8,7,15,26;7,10,14,20,6;12;25;24,5,22;14,4,10,24,11,0,19,5;17,14,15,3;15,26;26,18,16;4,12,27,9,20,5,15,17;26;6;5,8,4,9,15,14;7,4,5,8;4;14,26,0,21,5,17;1;14,0,26,27,15,11;27,26,25,11,23,12,28;22,13,29,8,25,11;18,25,7,6;11,1,26,28,9,8;15,22;20,21,16,22,15,13,10;27,23,18;16,17,2,7;20,26,4,19,0,9,2,18;10,11,27,12,26;14,1,16,4,22,3;18;6;4,6,13,19,24,15,9,10;8,7,3;5,7;4,20,17,2,29,14,15;17,18,11,27,10,29,15,21;28,3,8;21,22,17;13,7,5,21,16,23;9,7,6,23;17,22,11,28,12,20,14;3,29,4,19,25,12,13,17;9,16,21,24;16,7,21,14,5;4,16,17,12,20,7,27,10;25,6,1,15,12,14,4,10;12,5,21,25,26,2,15,10;21,2;12,0,7,29,27,14,4;7,17,4,18,11;25,0,18,17,26,27;3,13,1;3,17
17,18,19,1,25;22,13,2,12;8,25,16,18;20,4;5,20;11,26,27,18,25,19;6,8;22,13,12,1,25,19,20,14;28,29,9,8;11,19,20,24,26,23,29,25;27,12,9,10,14,26,11;7,10,8,24,3,25,4;13;3,6,14,5,15,13;14,22;26,28,16,18,14,2;8,23,29,28;8,10,21,7,6,3,28;6,22,16;27,8;0;16;26,20,0,29,27;7,0,28,27,17,23,5;16,14;19,25,23;28,16,20,13,27,12,18,25;23,16,9,19;5,1,4,11;24,20,0,10,9,23,8,19;8,29,13,0;10,19,15,24,16;7,11;27,7,15,2,18,24;23,21,2,11,10,19,18,4;10,20;9,1,27,25;13,14,19
24,5;23,4,11,10;11,28,7,22;22,8;2,21,3,19;29,19,18,21,17,15,20,14;4;25,2,1,0,16;13,22,8;19,10,24,16,2,9;3,1,26;21,6,8,25;27,19,4,22,25,16,23;4;3,25,6,4,15,7,1;12,5,19,14;5,3,24,7,8,26,25,18;5,2;9,19,22,25,26,16;29,6,4,23,10,9,1,19;21,15,16,1,24,5;26,20,10,28;29,13,21,23,5,16,8,15;11,21,17,14,0,26,22;27,26,29,12,4;21,5,0,14,8,17,26,13;15,12,18,19,9,11,6,8;19,20,29,10;1,10,18,14,27,0,17;3,18,20,26,7,14,29;12,13,6,27;15,23,13,12,16,27,26,11;27,25;20,21,26,18,7,12,17;27,24,10,21,15,1,22;25,0,3,27;17,11,2,18,27,3,23;12,16;26,7,10,9;14,23,8,5,2,16,1;19,13,5,6,29,12,17,23;25;23,28,26,9,10,12,2,6;16,26,25,5;22,13,17,19;12,5,15,27,10,20;25;17,22;29,18,16,1,15;26,13,11;11,29,2,1,18,10,22,12;8,29,1,5,2,4,18;20,5;26,6,9,5,19,2,20;13,8,24,1
1;16,26,23,17,1,11,2;23,13,25,9,6,29,7;24,16,8,1,12;3,18,21,10,19,7
22;7,0,24,12,25;14,0;10,17,12,26,6;26,28,4,9,22,17,16,12;9,28,5,15,6,11,3,14;17,28,7,2;8;22,0,24,10,5,15,8,16;17,16,28,21,19,25;15,9,17,25,20,5,19,18;18,9,5,2,10;9,27,17,11,4;10,25,26,23,27;17,19,13,16,8,28;14,3,15,11,1,8;27,10,17,0,2,16,8
29,5,23,11;6,13,12,5,23,27,19;0,23,29,25,9,18;8,23,11;14;14,27,7,3,2,18;10,20,1,13,28,4,21;27;0,18,17,15,25,21,3;5,18,13,4,1,3,23;23,1,17,9,21,16,18,10;1,27,19,16,2;25,3,20,19,13;28,27,20,5,14,23;22,16,12,7;7,18,15,13,26,8;6,25,4,24;4;6,7,26,24,0,1;8,1,18,13,9,29,4,26;23,22,18,14,17,19,4,0;14,12,19,2,24,26,17,9;3,17,21,16,12,9,24,13;1,24,21,3,8,26,10,20
5,21,28,24,26,1,8;2,4;3,10,23,24,28,16;10;28,27,21,23,17,16,0;5,8,1,13,27,11,21,15;19,8,14;7,1;12,24,28,0,16,4,23;3,10,12,13;18,12;7,28,0,10,23,12,26,24;13,22,11,19;5,27,28;1,2,22,0,28,7,8;26,29,15,14;14;20,28,23,18,10,2,9,15;5,25;15,21,20,2,28;26,7;22;0,8,3,2;29,9,26;0,29,27,17,28,12,19;5,23,27,28,12,10;6,2,1,11,28;23,29,26,24,4,6,27;8;4,1,27,2;18,7,4,23,15,12,22,19;3,19;17;24,23,17,9,4,26;9;29,6,16;11,22,0,5,14;18,4,26;22,7,27,6,12,0;26,8,15,11;1;2,17,12,14,24,25,27,5;23,22,12,2,5,21,18,10;3,23,15,20,22,14,11;13,11,5,1,23;23,11,12,16;8,25,24,4,17,29,11,18;13,29,24,8,18,1,3,10;4,25,6,19,16,26,14;12,2,4,18,23,15,21,0;27,10,9;10,17,26,0;21,20,13,18,9,14,4;22,16,2;26,11;1,7,0,29,12;2;20,8,13,6,25,4,18,23;9,18,2;5,23,18,9;5,7,20;0;25,10,4;3,18,15,5,29,22,17;1,22,6,18,23;5,1,18,22
4,23,8,19,28,5,16,1;14,28,17,22,3,2;12,24;3,18,10,25;19;24,5,25,8,22,26,13,3;12,5,14,27,13,29,19,18;28,12,19,9;18,14,20,22;20,23,22,8,25,28,4;28,9,19;5,6,26,11;17,19,12,20,0,29,2,14;12,19,4,0,9;13,6,26,27,21,1,29,2;3,0,25,21,26,18,20;23,1,21,17;24,23,15;22,28,27;1,12,24,29,23;7,6;24,13,8,25,14;22,13;24;11,8,26,28,25,20,16;10,16;4,11,26,25,10,16,2;7,20,11,23,18;17,14,20,19;25,5,0,15,19;11,20,19,17,14,27,10;13,19,28,15,22;22,6,24,3
4,5,1,13,21,0,26,8;25,13,18;4,24,21,7,0;24,28,19,25,17;26,4;25,18,29,17,27;7,6,3,24;28,10,12,24,21,26,0;7,6,8;3,9;15,10,7,17,23,8,24,3;17;20,19,5;26,28,12,16,13,6,20;26,8;7,19;7,26,10;6,16,24,19,29,20,17;29;1,11
26,3,7,22,10,18;17,13,1,25;9,4,13,16,2,23,3,11;16,9,1,21;10,13,24,6,23,2,1;7,24,1;19,24;15,4,22;5,9,17,0,14,11;4,22,29,21,23,10,1,8;12,23,6,11;25;18,1,16,20,14;7;9,7,20;12,23,18,26,11,14,6;0,25,20;1,28,20,0,5,29,27;17,14,6,11,10;20,6,13,25,15,29,17,1;21,14,13,25,28,6;10,8,4,28,3,29,7;13,8,27;25,23,10,22,11,17,14,16;0,23,22,5,20;13,21,15,23;24,6,19,17,28,2,13,7;1,6,10,17,25,20,28;4,26,2,11,9,0;6,19,18,3,21,8,25;19,9,14;19,15;16,12;16,21;11;23,22,20,10;9,22;17,1;27,9,22,28,10,11,25,16;17,2,25,0;10,22;13,8,5,18;10,5,9,15,21;23,2,10;3,11,23,25,14,10;10,0;24,3,23,17;7;28,26,11,8,5,15;26,25,7;21,2,26;27,21,29,18,24,5,0,15;25,6,7,2;3,29;22;3,22,2,20;14,16,3,11,8,29,22;4,26,16;25,17,10,0,26;9,17;25,8,21,12;21,9,17;7,11,29,2,19,13,21,12;20,5,14,24,9,11,28,12;23,28,7,1,20,10,13,0;15,5,9,23,11,25;5,10;5,3,19;8,16,11,1,23;2,12;0,14,3,8,15,1;26,5,20;24,4;6,11,15,19,14,24;20,21,7,19,15,28;8,27,19,25;0,9,25,8,15,22,10,19;25,10,24;17
25;19,16;19,22,27,26;4;10;17,4,15,0;25,18,10,28,22,26;29,27;20,3,23,21;23,21,10,27,22;11;11,21;19;10,23,27,17,9,19,29
10,23;8,15,1,0,29;4;2,4,3,0,29,21,24;4,24,9,7,20;16,4,21,9,0;15,10,17;28;26,29,22;26,21,1;4,9,26,15,5,0,10,14;4,3,18,20,17;19,5,29,4,20,27,7;9,6;5,24,3,7,2,4;23,8,25,12,18,5,27;18,16,6,9,26,8;10,8,21,4,17,13;17,11,0,22,26;23,7,24,3,4;8,16,29,28,17,18,10;19;18,28,24,2,13,15,29;8,6,14;18,9,20,15,1;23,24,14,16,10,3,1;11,2,18,26;4,8,15,12,21,24,28;15,10,9;7,0,11,23,2,1,19,14;17,6,24,3,19,23,21,10;1;16,6;10,25,8,9;6,17,21,26,16,7,18;10,24,9,22,7,12,16;21;4,18,7,27;25;23,14,27,29,11,0;28,17,14,16,20,23,15
6,24,26;25,11,3,2,29,1;12,26,14,11,7;0,13,4,12,25,8;24,28;28,17,24,16,5,4;8,6,13,22,29,12,28;0,13;19,20,24,10,22,18;14,9,13,2,0,4;13,8,25,1,15,9;24,8,20;12,27,26,21;1,4,3,27;13,7,5;7;26,16,23,27,9,4,17;10,29,1,7,28,17;3,16,10,12,11,28,2,25;29,28,25;25,18,19,7,4,22,6;13,22,10;4,7,29,27,25;22,29,6;0;11,0;7,13
1,21;0,21,28;16,7,4,21,2
12;10;29,27,2,9,26,15,6;27,4,0,22,11,16,17,6;15,0,28,12,4,25,24;12,18,10,27;8,14,22,5,13;11,14,16,15,8,17,23;13,15,27,25,10,17;3;2,12;20,6,28;1,6,21;8,24,16,25,10,4,23,15;19,8,9,7,29,14,25,28;14,19,8,21,23,7;1,9,24,23,11,5;8,24,15,0,28,22,11,20;2,24,16,27;3;11,19,0,7,27,10,1;17,4,24,5,9;17,2,25,23,3,15;15,7,16;18,4,25,9,0;4,27,15,19,11,20,29;24,19,12,27,6;19,1,20,17,16,5;20,9,29,16,10,21,28,17;22,7,13;5,14,9,17,21,19,1;12,11,5,25,9,7;29,15;2,29,22,7,13;13,7,26,3,24,20,11,2;12,22,6,27,3;29,19,26,25,23,24,4,21;10,23;18,16,7,27,1,29,22,3;27,8;10,18,20,6,21,11,7,0;3,13,1,14;5,27,9,28;18,11,13,20,21;3,14,18,25,5,19;5,2,6,14,16,9;26;17,22,0,24,13,1,2;8,11,7,29;10,17,25;19,13,29,12,20,8,23;3,2,23;2,26;17,2,22,8,4;23,13,2,24,28,5;16,23,20,2;20;10,3,23;21;29,5;7;26,22,23,19,15,6,27;14;20;28,13,6,18,22,10,2;5,4;3,25,20,15,29,11;1,4,19,27,23,6;1,0,18,5,4,8;11,15,21,26,25,0,1,14;17,16,24,23,11,15;6,0,9
0,4,7,3,18,5,25;9;3,4,16,9,22,14,15,5;16;14,16,4;14,20,6,22,17;26,15,5,4,27;20,16,10;19,10,25;29,16,18,28,3,12,17,11;17,8;20,7,24,27,28,16,11,13;29;25,0,28,21,5,8,3;3,29,0,25,15;17,9,4,6,14,0;14,9;11,16,1,29,7,25,27,6;12,13,28,5;5,27,25,15,11,6;21,24,1,27,0;10,12,3;0,6;0,2,14;23,12;12,4,14,26,10,22;18;29,14,9,26;17,13,27,23,10,19,24;20,26,22;13,2,9,12,23,4;26;23,21,1,20;25,20,19,21,28,16,23,27;0,5,1,13,8,22,14,21;16,15,17;6,5,24,4,16,8,19;18,9,7,23,4,8,22;17,18,7;3,1,18,6,20,25;0,25,8,20,11;17,15;10,24,14,26,12,1,17;13,2,14,15;3,22,28,12,29;6,9;4,20,6,0,12,23,22,1;5,9,11;11,6,10,3,13,24,14,20;28,8,20,19;6,4,14,28,21,16,12;12,22,17,20,29,18,13,27;5,23,3,22,8,13,25;12,4,7,15,9,29,10;29,14,4,6;12,17,24,16,3,20,6,15;9,14;12,27,23,11,8;13,5,16,8;15,19;24;24,8,2,29;13,4,15,7,0,18,23;13;16,9,23,26;9,1,14,12,11,28,27,15;11,5,3;27,8,0,25,7,3,16,29;26,14,25,18,16;23;8,7,16,25
5,6,9;23,0,16,5,6,2;19,9,3,4,10,5;11,17,22,23,4,18,21;18,12,5,9,29,28;9,4,18,20;28,3,20;5,12,7,4,16,3,20;15,13,9,26,27;14,13,24,16,3,26,25,9;14;0;10,16,22,21;23,29,26,10,6,14,16,22;29,4,6,19;7,12,20,21,23,22,26;14,21,0,7,1,22;6,16,12;23,14,0,13,10,17,6;19,5,18,26,16,8;27,6;22,8,19,5,20,9;28,5,8;26,7,10,11,23;24;13;25,10,21,16,8,4,17,20;16;2,3,19,18,16,5,20,28;19,28;16,20;0,3;5,9,12;19,27,6,12,5,8;0,25,10,7
13,29,16,15,26,20,12,8;8,9,6,23;24,2,12,26,28,0;22,17,19,5,20;22,10,28,29,20,24,23;29,19,10;3,20,9,29,19;22,26;11,29,2,25,27,21,16;15,8,2,20,10,0,3,11;10,1,11,25,22,23,13,19;6,5;29,20,17,22,24,26,21;9,15,19,22;17,25,4,21,14,22,13;12,16,3,5;19,25,15,4;29,6,21,5,25,7,1,16;5,7,20;23,21;22,19,17,24;28,17,21;10,25,1,17,14,18,12;4,2,19,22,25,28,20;2,8,20;1,4;8;17,10,21,23,12,24;25,12,24;22,5,18
10,24;10,20,3,2,24;28,2,23,17,7;19,21,28,3,20;1,29,15,11,8,21;12,18,15,5,25,4;20;5,4
0,11,5,9,7,2;23,15,17,3;4,25,27,13,19;8,24,16,20,27,17,25;1,26,24,19,22;14,29,19,22,2,24,21;25,24,1,28,16,26,5;18,22;0;18;24,11,18,6;11;5,6,11,26,10,20,24;0,18,28,22,29,26,10;8,24,17,0;2;16,4,26,25;19,21,28,11,24,20;5,25,24,8,17,28,12;23,28,14;19,14,7,22;28,21,1,23,18,19;24,16,11,12,10,20,0;1,27,25,15,29,26,11;9,8,20,1,12,26,22;16,10,29,15,7,5;5,7,19,22,20,28,29,24;6,9,14,20,23,18;4,23,16,26,15;12,20,8;3,29,19,22,6;22,23,18,15,21,17;7,15,29,28;9,18,25,15,27;14,16,3;12,5,2,25;1;4,3;18,28,5,12,4,23,24;17,28,8,13,11,12;4,24,6,26,9,12,23;28,23;3,13,29,15,9,4;29,8,2;25;12,20,29,18,0,8,19,22;21,17,23,12,29,8,19;18,23;26,14,15,12,2,23,5;11,22,1,27,6,17,2,10;10,2,20,9;0,2,21,28,11,13,18,26;0;5,17,28,19,6;27,5;6,22,0;28,9,16;19,0,23,21,18,25,3,14;16,26,28,19,3,23;7,25,14,9,27,26;26,19,25,23,0,24,5,9;24,11,16,8,23;28,1,0;26;4,15,21,20,6,2,18,3;19,0,13;29;24,14,15,0,3;7;5,3,4,10,29,15,28;2,13,23,1,4,19,6,3;27,25,9,28,1,2,3,17;11,15,21,9;10,7,9,5;15,8,1,9,22;22,21,17,7,24;8,4,24,1,27,12;21,22,0,6,12,5,23,26;6,23,18,28,1,25,14,27;15,16,6,25
26;10,5,15,2,24,3;15,27,26;15,13,17,28,24;26,25,1;12,17,22,13,10,9,8;11,15,29;20,4,5,11;6,17,9;16,13,3,29;8,0,20,7,4;12,26,27,14;15,6,27,4;19;5,6,9,2;17,10,14,6;14,16,1;26,29,2,6,7,25;4,8;25,23;3,17,1;21,1,17,20,19,29,22,6;4,25,26,23;29;4,12,11,22,7,10;11,19,1,8,15,7;2,26,27,16;23,22,1,0,26,4;13,1,6,5,19,29,9,18;27,23,20,6,25,9;10,1,18,23,21;21,3,6,1;5,25,27,29,28,18;3,25,7;19,11,14,0,17,16,4,27;19,0,3,27,1,22;22,12,19,6;10,17,23,21;9,27,13,24,16,28;19,1;11,29,6;14,9,18,13,10,22;25;24,7,6,20,16;12,11,24,23,7;8,12,29,0,25,10,13,18;9,11;4;12,27,15,29,24,4,17;15,2,28,3,20,22;14,1,29,23,26,12,15;6,8,18;10,27,24,11,0,21;25,22,21,11,4,29;26,17,20,13;15,25,21;18,10,2;24,11,21,28,4,23,8,5;22,18,20;24,3,8,20,29,15,22;19,22,16,28,4,5,12,13;14,12,24,23,0,10,7;20,2,4,12,10;12,20;23,28,15,20,12,3;6,0,3,22,24,15,17;6,12,15,5,22,18;2;13,0,7,10,15,16;20,6,22,11;27,13,2,26,7,0;6,22,2,5,12,9,28;23;28;6,4,9,7,24,10;27,25,10,1,21,9
29,0,28,9,22,13,11,7;16,2,17,4;10,28,13;4,27,3;20,27,4,1;24,11,12,1;21,1,6,3,15;11,13,25;18,15;1,2,29,19;24,21,22,28;20,10,29,24,13;7,3,21;14,8,26,1,4,12,28;3,12,15,10;14,18,29;23;5,15,3,7,20,13;13,8,17,20,25;23,5,0,11;26,24,22,1,7;4,6,21,9,19,16;19;4,24,22,5,1,7,25;24,20,16,12,25,2,5,22;1,14,28,6,11,29,4,27;3,2,23,19,7,21,12;1;28,2,15,22;27,20,22,0,13;15;0,3,8,13,6,14;25,18,11;28;25,4,3,19;6,25,28;16,28,9;17,2,18,28,20,14,15,7
27,7,3;19;9,16,23,3,17,29,5;1,10,2,6;16,6,27,21,22;14,22,23,3;3,2,23,20,5,8,15,12;18,1,24;15,6,3;9,14,8;3,13,12,4,8,18,19;5,23,10,26,29;28,27,1,14,17,23,8,19;7,26,13,23;9,13,21,28,18,6,29;18,26,14;17,2,21;11,22,7,28;8,17,12,7;9,11,28,18;13,15,5,20;24,4,28,19,26,0,8;22,4,24,2;2,24,8;13,15,0,5,10;2,27,7,24;2,8,12,9,21,5,28,16;29,12,3,2;25,17,18,22;10;1,5,21;17,20,6,0,13,14;22,1,10,12;7,9,15,24,14,3;0,26,6,3,2,28;6,0,7,19,11,14;16,9,1;26,0,25,23,2;17,23,21;12,14;2,6;2,4,3,24,9,21,7,19;22,14,12;15,23,3,18,7,2,6;1,15,5,29,2,24,17;23,4,2,24,17,19,28;17,15,6,5,29,0,26;3,12;22,20,8;26,22,19,11,15,23,16;24,19
23,5,13,11;24,2,10,27,29,8;24,14,22,18,0;16,9,5,27,21,20;8,16,29;15,20,5,3,6;2,15,13,28,4,6;24,22,3,21,15,9,1;20,24,29,11,1,0;13,18,6;16,20,11,29;25,29,21,3,22,27,14,20;25,3,21,18;5,19,16,2;0,14,2;13;4,5;13,10,20,5,17,6,26;24,21;16;21,26,4,7,27,13,17,24;4,8,2,23,11,18,22;10,25,12,1,9,0;17,8,20,13;8,9,3,10,26,20;11,27,2,16,24,29,26,6;21,14,7,9;24,0;21,19,27,20,14;13,27;20,9;1;29,26,22,5;18,27,5,8,2;3,21,19,26;18,6;26;18,0;3,5,23;25,5;7,14,11,2,8,9;6;25,18,9,23,0,12,6,21;21,29,11;7,6,21,19,27,2,20;13,18,29,7,28,25
29,0,9,2,14,22,10;26,29,13,9,10,14,16,21;3,7,23,13;14,5,22,27,6,11;24,14,11,28,8;15,13,23,28,29;3,21;19,12,18,20;19,21,24,17,8,5,23;12,8,7,24;8,19,23,6,10;1;6,15,1,21,11,19,25;13,12,4,1;0,26,7,28,24,10,27;18,8,11,5,19,4,12,23;15,3,17;2,10,29,8,6,3,7;0,21;26,18;28,13,1,10,15;22,19,4,18,17,14,21,24;9,11,0,20;1;21,18,29;22,27;9,29;27,17,20;12,1,15,7;27,28,29,3,23;18;4,21,24,22,26,9,16;7,11;24,19,22,6,3;29,28;25,8,16,17,18,15,3,11;11,20,8;12;14,8,25;7,13,16;27,8,12,11,24,4,26;13;9,24,12,21,14,20;15,3,4;3;19,27,22,20,18,11,15;8;14,6,9;17,13,15,1,14,29,2,12
6,26;4,5,19,21,18,17,25;26,6,5,14;26,29,3,20,9,14;22,7,29;22,27;11,12;10,15,11,18,6,7,16;8,5,26,9,0,2,29;26,6;2,23,19,8,13,24;6,1,21,23,27;24,27,16,29,28,5;12,25,27;29,16,27,9;3;23,8,4,22;12,21,11,23,26,9,18,15;3,2,10;10,5,14,4,3,17;3;16;2,15,10,4,21,19,26;8;17,7,8,9,24,22,15,29;18,6,20;0,10,23,7,29,28,5;9,0,22,24,15,17,21,5;10,18;15,20,23,29,18;1,26,16,25;16,12,28,18,11;20,11;4,14,3,19,29,16;15,29,23,22,3,26;28,1;13,12,29,16,23,4;14,18;23,20,2,9,28,0,3;17,0,8,28;18,5,11,29,27,1,25;27,1;21,4,28,22,26,16,14,18;27,17;20,27,21;3,4,28,26,12,2,16,7;3,14,20,1,29,6,13;17,0;21,4,0;2,21,23;7,19,10,12;12,2,11,0;4,6,27,20,7,19;4,9,26,8,17,22,2,6;16,1,15
4,0,27,11,28,7,29;9,0,6;28,25,5,24;2;5,15,29,3;23;3
1,12;1,3,12,4,5;16,20;13,9,26;0,23;21;24,14,9,20,11,12,15,21;7,12,25,27,15,16;7,25,26,9,6,11,2,4;5,27,0,1;8,19,27,15,25,23,28,17;8,11,23,17,26,16,28;4,25,15,27,21,0,26,20;0,16,28,21;29,6,0,23,10;3,5,20;28,22,2,5,3,14,27,0;17,27,0,14,23,24,3,4;14,18,5,4,16,22,1,7;3,6,20,10,0,19;8,11,19,3,28,13,16,25;16;24,14,6,17,23,20,9,19;7,0,3,23,14,1;10,20,18,15,13,21,1;3,5;10,18,8;22;24;29,16;18,2;5,28,3;2,15;4,8,25,19,23,16,24,17;12,24;6,29,3,7,21,0;17,19,5,21,16;18,0,20,5,8,11,1,2;20,0,9,25,23;19,20,3,15,1,25,13,22;18,23,4,21,10,20;21,15,11,14,25,28,7;7,25,17,10,19,16;19,24;13,22,12,18;21,5,28,15;8,26,20,4,16;24;1,19,17;16,13,9,2,8,18;17;12,18,29;3,19,9;3,24,8;11;4,2,23,16,3,9,18;16;25,21,4,28,18,9;20,10,17,15,26,23,27,18;26;1,10,27,23;21;0;16,12;17,18,7,16;9,21,0,20,5,18;28;5,25,24
3,20,0,10;20;29,26,1,8;15,22,0,7,16,28;23,9,29;28,13,15,17,26,8,12;17,27,11;28,16,21,8,12;9;14,18,11,7,6,5;25,17;8,23,2,7;16,24,5,15,18,29;4,2,16,17,21,26,29,18;25;2,20,7,9;9,8,14,27,22,19,18,23;4,0,8,21,29,17;5,16,1,29;9,5;27,29,25,21;20,3;1,5,13,8,21,7,28,20;15,8;18,27,25,14,0,4,17,13;6,18,14,26,16,2;14,0;11,24;24,10,23;14,20,9,28,18,21;13,1;3,13,19,29,17,24,10;23,4,6;24,3,25
19;17,15,19;16,4;29,11,21,12,17,14,9;19,25,10,16;15,25,6,8,3,19;21;15,20,13,10;11,28;1,18;23,12,17,9,24,6,20,22;6,15,2;12,16,8;8,6,23,13,22;26,20,6,24,15,19,1,10;14,1;28,13,12;3,17,25,11,26;20,13,3,0;26,25,15,22,24,3,8;6,3;8,21,28,24,26,15;17;17,12,27;14,28,1,6;1,2,20,5;7,9,29,27,20,4,14,2;27,29,12,25;26,5,24,17,18,7;18,8,9,22,26,2,11;10,15,4,28,2,13,5,21;29,18,21,17,19
