65,35,91,98,76,50,46;104,51;70,60,14,62;24,53,33,46,65,30,107;46,63;45,46,33,109;91;29,18,104;35,25,30,69,109,36;27;10,84,1,91,38;92,105,48,14,94,96,72,61;25,102,65,58,7,86;63,97,53,0,19,99;75,95,67,40,77,53,64;89,34,38,21,91,51,36;55,67,66,60,46,14;103;56;71,25
45,26;18,68;11,57,17,39,31,32;71,27,47,49,5,79
105,89,100,94,61,66;8,52,45;101;2,50,20,9,82;20,40,101,27,57,45,36;19,22;102,62;6,56;37,86,21,87;45;64
52,2,67,95,21,41,26;20,96,100,75,68,28,78,29;94,89;106,72,28,1;77,22,66,54;40,87,72,57,106;17,15,96,29,97,95,50;16,82,72,87,84,26;80,60,8,22,4,84,85,12;47,107;12,39,68,18,10,34,1;31,9,12,77,51,47,20,63
69,46,94,5;15,83,107,55;34,31,82
97,79,101,96,36,27,72,98;61;70,42,15;98,50,16;68,87,102,52;36;16,67;83;58,55
21,83,76,32;73,65,81,75;19,94,2;49,43,76,89,64;93;11;2,26,95,106;4,71,86;87,16,51,22,19,8,109,10;60,98,48,53,28,34;74,76,84,51,30,94;9,101,39,80
73;55;57,103,32,30,72,29,7;109,12,74;31,0,92,102,68;41,93,82,67,91;104,47,84;24,93,86,74,44;105,97;60;38;89,33,20,70,41,104;47,79,89,75;107;12,31,84;43,19,67,8;106,31,75,74;5,104,93,31,16;4,2,95,99,86,28,5
31,75,70;79,96,59,72,105,100,61;48,78,50,13,33;25;106,87,109,9,66;42,24,22,5,43,88;33,23,10;40,17,35,52,15,9,80;58,38,86,28;18,1,88,65;99,52,75;73,71,80,25,5;73,53;23,59,6,88,95,60,11,78;95;31,67,21,69,11,60;59,93,67,8,31,39,15,97;13,95,0,49,67,42
96,66,4,36,109,101,68;90,30,68,19,83,39;32,44,109,1;102,108,76,45
103,39,34,97,54,43,77;21,16,62,99,42,2,57,1;18;24,74,40,48,61,27,57,45;51,26,53,109,57,99,5,87;92,38,63,18,73;58,94,6;15;84,42;81,46,97,35,84,10,47,83;85,55,16,17,101,9,94,68;76,52,99,82,104,49,14;54,66,52,42,20,5,4,63;7,62,9,81,10;67,72,71,53,101,29;5,24,51,107,35,17,84;15,22,106,42,107,19;55,95;104,15,16,86,55;3,18,98,40,28,8
93,66,38,49,55,59;55,30,26,45,70;18,106,88,107,53,102,97;7,55,98,11
24,21,34,39,91,66,64;38,40,90,107,59;19;12,15,26,1,52,7,104,94;14,91,22,10,4,55,33,16;42,78,1,73,48;6;101,51;31,37,1;103,18,48;8,105,34,86,24;70,8,95,6,87,31,98,54;47,66;88,82,99,49;74,91,62,96,94,67;64,11,36;107,8;8,25,44,24,99,104;29,21,0,102,72
42,1,82,101,94,66;107,109,32,81,21,68,72,92;49,75,91,1,21,51,5,102;48,19,35;82,62,22,40,4;9,45;85,65,44,62,88,23;68,34,73,32,76,42;12,29;42,32,100,108,10,30,105,53;1,91,85,88,16;36,101,70,26;74,9,106,7;84,16,27,35;75,77,12,4,0,73,81,90;57,43,32,30,41,94,93;87,85,13,35,30,22,109,103;91
1,7,36,44,96,97,34;16,58,101;32,92,69,14,41,34,90;47,106,19;17,11,8,89,86;43,107;12,26,94;59,102,8,74,44;47,26,63;85;76,81,33,73,71,89,96,103;38,5,91,56,28,44;33,66;79,87,49,9,93,24;42,71,6,80,75,85,73
61,87,96,74,41,5,84;105,18,71,17,50,16;7,16,50;96,7,71,58,10,101,26
105,57,45,98;79,38,33,83,68;106,6,23,96,72,68,53;88;45,97,105,28,39,33,77;77,29,106,55;55,90,52,1,44,93;101,15
11,67,41;101,79,74,55,83,10,45,33;29,98,45,89,24;38,11,10,77,17;90,19;0,96,63,19,95;7,58,12,62,44,4,67,36;104,65,94,64,35;46,52,80,101,8,53;4,12,77,7;27,21,45,31,84,43,69,54;61,59,39,58,100;11,31,96,81,93,71,83;91,101,5,85,25,96,10,0;80,26,30;76;49,19,11,9,103,22,99;35,75
63,55;109,8,90,0,83,77;64,102,52,77,34,83;108,63;14,105,37,3;3,47,6,91,78,19,17;86;45;102,5,3,62,89,19,108;18,50,107,46,40,23;49,68,74,41,26,17;95,69,64,73,86,43;23,86,67,10;56,15;27
80,92,78,106;79;74,64,22;75,104,95;66,79,69,74,26;42,51,101,96,39,28;66,105,49,0,1;88,10,14,86;9,60,69;51,67,92,104,14;76,43,71,90,8,11,41,98
31,79,70,44,32;49,90,55,47,80,35,56,20;75,64,44;89,94,5,82,45,81;7,9;45,46;99,26,22,7,108;65,71,60,35,28;55,85,56,11,103,29,68;97,7,44,53,78,107;42,10,7,40,39;19,39;84,26,99,35
14,70,43,52,84,4,101;84,52,105,43,71,14,109,0;34,25,96;40,88,3,29;90,72,94,85;32,56,107,53,10;74,68,104,65;94,84,55,32,52;96,88,106,52,23,16;47,76,11,8;87,7,65,25,42,37,94,16;109,93,21,74,60
98,17;67,61,1;26,42,45;75,40,46,18,76,45,80;18,106,15,103;78,6,97,64,46,60;15,11,59,36,53;65,108,56,23,1;67,30,72,10,58;56,72,109,48;34,35,46,43,31,70;104,8,28,61,81,89,79,53;34,100,12,106,94;35,70,61,29,87,81,83,43;21,51,91,48,87;34;97
57,4,76,20,21,67;87,71,9,5,27,35,63;54,59,92,56,61,71,76;100,88,21,54,74,37;104,50,85,36;73,82,2,98,12,58,10;24,36,2,5,14,26;12,104,37,54,102,108,103,46;80,51,15,102,100,55,1;50,52,56
40;52;21,42,10,54,23;41,85,32;57,83;95,68,38,72;67,88,39,95,109,45;10;39;53,25,4,22,101;62,20,59;94,49,19,54;46,106,108,42,98,30;25;72,109,100,66,41,83,32;84,94;12,50,8;70,38,6
102,0;10,89,52,62,16,72,98,26;48,55,38,93,11;71,29;42,32,79;59,94,21,41;81,38,24,21;1;10,57;27,2;30,4,11,96;64,30;50,22,47,24;67,90,101,34,31,35,11,106;49
17,33,9,41,60,69;43,51;106,16,12;60,77,11,37,91;102;102,57,60,20,2,104,87;13;100,31,95,43;84,67,82,69,95,24;26,107;23,67,29,70,79,62;109,62,36,92;56,74,59;49,77;36,84,65,63;98,68,29;21,103,94,12,78;69,81,82,28,2,25,17,60;31,66;24,40,6,65
64,74,9,43,55,98;56,50;19,25,48,33;0,10,24,47,96,93;9,40,70;61,15,100,4,86,63,90,82;58;59,108,63,62,100,10;71,8,32,1,24;23,99,94,18,72,77,62,53;93,85,9,44,17,49,26,77;0,81,36,26,41,61;6,33,4,42;4,45,97,61,28,47,96,16;104,86,73,26,94,103;22;39,29;37,69,109,14,87,70,4
89;42,37,29,90,61;62,3,33,18,35
5,101,41,54;96,16,7;4;37,33;24,2,93;93,78,82,108;62,107,6,33,64,1,60,52;38,0;61,89,2,69,75,20,84;93,67,85,12,60;38,14,4,12,19,86,66,61;85,9,44,46,91,57;105,107,49,67,10
107,61;24,12;105,6,28,14,61,22,94;76,53,52,20;67,10,21,74,88,94,42,65;72,34,97,14,26;18,106,46;53,59,32,6,39;52,51,85,2,32,89,92,63
30,88,104,73,89;33,17,75,57,30,45,61;93,68,91;18,90;85,77,95,46,3,72;11,66,8,39;97,61,51,100,87,71,107,29;28,11,91,100,99;74,24,60,100,69,48;48,65,83,72,31,45,91;60,9,16,98,104,40;22,100,78,89;42
50,86,85,22,13;89,5,15;93,40,63,32,26,66,107,44;86,85,34,76;100;72,18,78,24,98;15,106,93,57,97,105,34;89,75;26,6,61;2,76,88;63,4,81,9,109,94;35;10;108,84,98,30,39,83;45,14,71,18;13,15,108,2,72,85;75,63,102,47
107,60;80,62,78;70,35,37,82,17,11,66,0;82,91,45,57,101,32;16,65,52,61,81,30,33;45,17,43,7;81,109,64,99,11,71;16,47,51,0,102,6;100;90,7,61,66,59,104;81,74,37,17;43,9,36,105,38;48,22,89;56,78,3,50,63,105,16;19,101,26;69,55;71,55,87,56,40,33,16
15,62,73,95,100,67;100;95,77,85,90,27,31,91,16;44,59,93,97,69;9,90;26,0,50,76,43,46
33,99,63,35,100;65,86,70,100,77,98,28,60;9,67,26,83,61,25;105,46;109,85
16,8,61;35,58,87,78,30,22;104,96;107,31,49,68;90,91,49,32,103,36,21;75,0,77
57,97,101,63,64;82,68,36,41,9,6,84,38;18,74;40,35,103,102,60,85,79;24,10,88,107,43,70;15,43,57,73;33,83,102,64,88,87,8,96;105,21,23;43,15,77,9;83,82,49,102,70,35,106;40,90,83,45,89,70;37,31;70,14,106,92;10,81,29,62,94,98,101,59
45,37,12,48,71,8,97,19;29,70,106,41,19;1;26,11,60,16,43;72,60;6,0,3,93,55,96,102
63,69,34;84,7;95,7,79,70,63;49,86,54,40,29;97,106,15
94,31,57,61;35,69,30,43,16;18,78,19,70,9,8,96;101,66,17
99,1,35,74,95,88,84;51,4,87,16,97,74,17,64;0,25,100,60,84,104;9,33,74,81,36;48,98,15,58;47,82,15,16,104,85,84;6,17,58,50,25,90,40,56;50,106,21,39;98,27;80,52,59,31,7;60,34,76,54,11,27,3,82;98,63;34,22,33,95;74,22,27;9,63,15,6,93,32,33;13;43,38,52,25,17
96,11,94,58,105,6,75,9;5,50;72,101,36,95,10;97,25,47,71;77,67,45,30,54,83;23;53,22;105,33,83,8;76;36,20,14
10,74,38,7;55,23,71,98,24,28,35,1;78,4;21,33,81,11,8;65,79,29,93,104,41;5,12;73,98,27;40,53,6,56,29,37;64,54,96;37,29,43,58,54,18;43;33,68,83,18,34,35;102,44,66,25,13,76,23;58,26,89,83,57;46,67,38,106
48,35,71,38,105;48,69,62,17,58,39;98;38,1;9,54,43,20,46,55,63;94,48,61,78,8;56,48,34,90,65,73;84,34,61,53,59
10,46,30;93,57,11,41,108;69,85,42,32;87,18,56,86,70,105,50,64;69,86,56,28,34,60,78;31,61,105,53,59;88;106,48;10,48,21;3,60,50,106,0;5,26,35,78,0,44,68,96;79,15,12,96,32,31,91;24,16;83,12;105,23,98,34,108,82;6,11,106,103,77,89,98,36;44,93,32;27,36,90;50,79,72,5;88,71,17,51,66,85,26
51
101,87,37;86,52,97;109;68,60;45,18,108;86,35,3,17,14,16,20;65,52;89,78,108,100,45,11,41;75,85,17,72,102,90,67;82,65;101,44;85,73,18,80,88,76,45
68;3,23;103,88,12,29,79,39,76,92;83,62,30,8,97,7,69;10,104,1,4,89,56,73,59;57,96,95,93,106,60,66,79;22,8,101,61,27,109
54,51;87,73
