26,3,2,0,7,28,22,29,17,6,12;18,19,27,14,20,8,11,16,13;11,18,22,14,25,2,19,15,7,0;17,21,20,0,16,23;20,25,9,4,23;27,14,5;26,3;28,12,23,0,22,25,29,17,9,16;16,28,0,7,15;21,19,27,16,9,7,29;23,20,8,21;14,9,21,6,22,0,29;9,19,26;1,25,6,28,20,12,8,9;16,2,0,14,6,17,7,19,8,15,29,21;29,25
25,24,28,3,16,21,13,19,7;8,0,20,11;17,2,23,20,22;11,25,1;25,24,10,8,14,27,21;24,14,20,7,10,26;6;25,18,27,12,22,24,19,14,16;21;13,1;20,18,15,29,24,1,11,12,23,27,6,7;3,17,23,29,16,15,2,18,6,26,1;23,14,0,28,4,17;13,21,19,6,5,0,23,12,11,15;6,3,28,8,21,26,4,7,19,13,5;25;26,7,21,24,9,6,29,4,19,13
29,21,6,18,15;4,17,0,15,22,23,2,9;18,28,6,23,10,21,2,13,27;19,2,17,27
10,24,20,27,14,29,3,22
10,27,12,29,19,15,5;9,0,6,18,7,15;10,11,20,13,12,26,19,28;16,10,8,20,29,18,15,4,2,26;26,18,22,14,17,6,9,27,2,7,11;27,12,21,29,24,1;27;18,10,19,28,7,27;13,15,28,8,12,19,14,25,0,9,1,5;22,11,27;5,22,4,13,24,0,26,20,6,15;15,7,0,9,12;6,12,9;8,5,26,28;5,19,6,27,20,3,28,4,12,21,7;24,1,12,13;15;26,23,10,25,2,7,14,0,24,22
6;2,1
14,21,11,0,5,24;9;2,8,24;28,22,20,11,12,19,6,26,17,10,24,23;6,2,19,11,8;20,16,0,23,7,19,17,11,24,14,13,2;6;9,25,3,18,27,17,13,2,10,24,8,15;11;11,2,4,9
8,20,14,25,12;27,2,21,7,29,15;26,23,28,14,5,29,0,6;7,14;20,16,25,29,22,14,1,10;27,10,9,29,19,23;19,6,3,0,18,5,11,7,26,14,12,9;22;5
3;13,5,23,16,12,18,15,2,21;15,22,16,0,4,24,12,7,28,13;4,11,14,12,7,23,6,13,0,9,26;8,21,27,1,20;13,21,11,28,10,0,3,6,29,20,24;14,25,24,3,28,8,9,0,22,18,5,4;0,24,5,20,28,25,4;6,7;10,20,3,0,15,2;21,22,24,11,7;8,29,14,21,20;6,20,26,22,11,24,16,9,5,27,29,1;22,14,18,12,24,6,9,5,16;0,6,25,29,3,22,21,8,10,9
21;5,10,3,13,28,11,25,7,16,27,23,17;0,4,10,17,3,13,27;21,18,16,11,0,4;15;9,10,12,21,1,27,17,11,22,7;2,1,5,19,12,26,23,8,7
22,6,8;8;29,24,18,6,2,4,23,5,16,27;17,14,3;26,4,29,15,18,24,12,0;9,28,23;20,5;26,22,6,9,24,15,10
7,11,28,21,20,9;9,13,18;2,10,20,19,25,1,16,0,27,13,26;6,13,19,7,14,16,11,28,2;29,14,4,28,18,24,5,26,1,2,0;2,17;7,26,5,21,29;22,10,4,6,19,7,5,3;17,14,6,10;2,0,6,4,15,24,23,25,11,9;12,14,4,19;7,4,20,3,22,19;14,5,9,27,21,3,25
0,8,14,24,10,13,27,15;8,9,29,6,3,7,26,22,12,13,16;3,4;0,25,8,3,24,12;15,19,16,12;29,18,1,27;8,3,1;27,29,21,23,12,16;28,3,20,29,7,27,8;9,1,11,25,14,15,5,17,7;7,28,8,16,3,23,18,4,24,25,15;9,29,3,15,21,22,10,28;9;3,23,24,9,6;18,5,17,26,14;20,4,21,19,6,25,10;14,29,0;15
5,29,3,7,27,16;3,2,11,27;6,5,23,4,27,2,19,7;3,17,28,1,10,21,16;28,6,12,9,27,25;26,4,10,27,25,24,7,8,5;26,7,18,8,19;21,28,12,14,0,15,1,3,6,10;7,13,25,20;26,27,16,13,15,28,29,19,14,2,6,25;25,10,22;18,22,21,8,1,23,13,10,11;13,14,0,8,25,29,18,5,17;19,27,3,24,17,9,23;27,15,20,18,1,5,24,25,19,11,17;23,28,18,13,3,6,1,20,22;24,23,5;17,2;23,12,28,25,2,1,13
9,21,3,26;16,9,18,5,2,14,7,22;13,26,24,12;25,5,22;10,16,28;21,1,3,20,22,13,5,17,16,10,29,18;15,3,5,21,10,25,16,9,0;0,28,20,6,18;3;27,20,16,1;11,3;7,24,20,19,23,22;13,26,25,15,17,1,23,3,9,2,5;0,27,8,13,1,16,11,15,7,10;5,11,14,15,21,2,12,26;26,4,27,25,1,5,21,29,15,20
10,11,29,1,21,0;20,13;3,6,26,1,9,16,29,28,0,5;21,29,15,1,10,20,4,12,0,11;12,9,21;25,23,11,5,6,8,9,4,13,27,15,29;17;8,18;5,20,22,11,9,6,18,0,4;3,13,19;7,27,26,19,8,18,0;28,2,18,19,20,9,27,0;27,15,12,29,3,13,2,6;8,29,21,14;0,4,26,17,1,23,2;22,1;2,8,28,27,12,26,21;10;11,18,15,13,3,16,21;27
7,2,5,18,6,9;17,8,21;9,17,10,5,6,20,14,8;3,23,19,24;27,7,12,28,10,19,13,8,1;10,0,1,6,4,13,11,7,2;24,6,9;19,25,4,13,11,1;22,20,26,12;20,8,3,26;10,14,2,0,20,11,9,4,15,26,7;18,21,8,0,11;25;25,0,3,19,26,5,14,28,21,18,12;13;0,16,8,9,15;25,27,21,3,19,6,28,8;14,22,3,11,23,29,5;16
17,28,21,6,24;12,25,26,4,22;10,7,8,14,20;12,21,9,20,19,11,8,18,16,1,17,6;28,3,21,9,0,25,5,2,8,4;20,28,22,10,12,17,23,3;22,19,14,26,27,28,12,3,1,23;0,17,19,8,10;20,28,10,6,19,13,1,17,7;26,25,14,27,22,9,16,3,17,15,8;21,12,3,11,14,23,0,1,5,13,9,7;19,16,8,23,27,0,5;22,14,25,21,18,5,7,6,10,8,4;3,22,12,27,17,25,20,9;8,23;2,23,14,1,12,20,25,16;1,3,23,16,6,0,27,2;22,20,18,9,24,19,13,29,11,8;22,11,18,4,13,0
20,2,1,24,14,23,8,18,11,12,5,25;27;19,2,10,13,28,6,24;3,6,22,11,1,13,25,0,24,17,2,27;29,27,1,9,26,22,13,3,21,8,5,17;5,20,9,6,13,12,10,21,11,1;5,11,8;16,22,8;11,24,4,26,5,3,13,28;5,22,27,1,16,13,8,11,14;16,19,23,17,12,27,14,8,0,20;20,29,16,25,26,17,9,15,4,6,8,23
3,9,19,24,26,11,22,2,13,15,1;13,7,12,5,15,18,19,20;7,28,24,15,2,11,12,8;21;12,13,29,16,17;25,21,22;18,7,1,28,25,17,16,19,21,20,26;2,25;29,15,28,19,21
16,15,25,5,26,11,29,0,2,8;4;2,20,27,6,16,23,15;14,26,11,4,29;15,27,9,2,6,10,25;22,29;18,28,2,1,5,29,7,3;5,1,23,6,19,7,3,25,2,24,11,10;6,9,15,3,1,0;16,7,10,26,1,15,4,11,20,19,8,6;28,2,23;25,6,13;6,7,28,23,22,8;13,28,6,15,1,26,10,11,5,9,0,29;23,15,10,13,19
20,21,18;9,20,6,2,29;28,0,20;10,15,1,12,27,7,22,26,6,0;3,9,24,18;3,1,11,14,21,7,6,19,23,18;15;19,6,9,25,24,29,0,17,18,5;11,9;15;2,7,21,15,5,4,6,19,0,12;22,13,12,9,17,7,19,25,24,0;25,28,17,20,27,18,2;16,28;24,6,19,23,25,12,14;21,10,23,24,20,27,8,22,18,11;2,17,24,1,21,26,18,4,16,5,8,13;7,0,21;27,3,24,20,4,12,7,11
10,3,12,19,6,21,28,4,26,15,27,16;4,27,12,21,16;0,15,5,20,19,8,7,2,10,23,17,16;2,5,17,26,18,0;10,17,20,18,15,5,16,6,8;29,11
15,26,12,9,4,10;17,25,13,27;25,3,15,5,20,18,16,0,23,4;7,20,26,21,18,17;13,21,4,16;17;14,7,20,10,23,13;19,25,24,28,11,5,21,23,4,14,27;16,18,26,10,28,4,19;5,19,8,12,6,27,29,20;10,21,14,23,25,3,24,1,26,12,13,11;0,1,21,7,16,4,6,13,17,12,20,8;27,21,18,6,3,14,24,17,12,4,2;2,12,3,24,26,20,22,0,9,5,15,16;1;19;29,7,5,24,13,21,4,28;26,0,9,21;7,5,15,29,28,17,18,1
24,23,22,8,9,20,0;20,0,11,15,29,21;16,29,10;1,20,17;29,0,11,4,26,13,10,6,18,21,7,28;4,9,3,21,27,16,20,2;28,14,20,21,0,29,17,8,13,23,27
11,18,14,27,13,0;0,19,26,21,17,22,24,29;19,10,21,7,29,20,6,18,15,0;28,7,13,20;16,23,6,21,15,8,18,9,1,20,2,27;19,25,20;17;9,14;25;8,13,10,6,20,7,0;16,8;28;11;27,21,19,17
12,25,5,29,24,13,28;0,6,4,14,25,20,8,9,5,3,28;10,11,15,1;2,0;9,1,11,4,17;14,5,26,10,6,2;9,10,28,1,29,16,14,23;21,5,27,22,3,10,8,7;28,20,8,9,13,15,19,1,10;29,25,15;2,19,14,5,18
3,1,23,28,20,11,29,25,21,0,26;17,12,11,22,8,21,28,6,7,27,18;4,2;0;8,5,2,13,17,6,7;14,19,23,9,11,29,2,12;10,7,2,11;9
20,11,13,29,2,26,8,4,3,10,12,14;3,19,20,28,5,11,22,14,17;12,1,27,25,28,5,14,3,15;8,19,6,25,29,21,4,11,5,15;3,17,20,18,22,8,24,13,29,26,11,0;1,17,5,11,19,28,6,4;16;5,15,3,0,13,24,25,1;17,0,28,16,9;10,15,26,4,3
18,3,17,23,6,29,13,27,9,5;20,27,5,2,16,26,11,10;16,13,9,7;22,2,3,1,9,15,5,16;19,15,13,18,1,8,24,14,16,5,2,3;29,18,19,13,17,0,23
20,1,13,6,12,24;2,20,6,29,11,7,21,14;3,4,29,14,13,15,26;16,23,13,7,8,28,15,9,18
2
11,28,20,26,4,17,18,13,23;8,19,15;7,17,25;3,14,22,23,7,12,16;24,9,28;23,14,13,29,26,27,12,25,8;22,5,24,12,19,25,10,29,15,16,27;1,13,23,25,24,14,5,2,19,6,10,21;24;2,17,28,7,22;26,24,6,3,21,28,16,29,19,22,4;10,13,26;0,16,13,11,23,20,27,3,21,17,15;25,7,17,11,12,18,21,15,26,19,10,9;26;15,27,28,26,22
19,14,15,5,13,27,21,8;15,6,4,17,9,20,29,0,18
22,14,28,8,9,16,21,20;29
17,25;18,29,14,6,1,9,26,0,13,20,5;5,24,19,22,23,10,1;1,12,10,5,21,16,6,13,11;25,18,27,2,20,21;19,24;4,16,14,2,7,15,19,1,27,18,21,11;17,15,12,2,27,25,13,3,26,1,20;19,20,17,4,26;10,23,29,0,18,4,16,8,13,26,25;20,5,13,19,11,7,15,17;19,11
19,9,20,2,1,29;29,7,6,25,13,12,2,22;23,3,16,8;27,11,24,29,13,5,21,15;19,7,24,4,5,29;18,29,12,23,7,13,9,15;11;19,13,12,11,25,17,21,1,6;8,26,23,21,9,14,28;12,11,3;16,21,9,5,15,26,2,23,17,7;4,14;9,10,19,25,12,24,4;17,20,6,21;25,14
16,10,2,28,11,14,27,18,5;0,17,18
10,23,18;19,25,16,8,27;14,20;21,27,7,18;25,24,13,3,17,21,27,1,0,2,4;27,21,5,17;15,12,20;15,29,3,27,28,6,21,24;4;26,6,28,16;8;7,3,0,19,16;27,1,15,8,29,21,28,7;9,11,1,19,23,3,22,14,28,6;0,19;28,12,5,23,4,26,3,1,27
10,25,27,16,15,22,5,1,28;22,11,8,17,18,7,1,0;7;5,16,26,29,27,8,6;28,22,12,29;27,19;21,27,16,8;17,9,10,24,11,19,1,13,4,3,22,14;17,3,19,16,12,25,9,8,27;20,0,8;22,16,2,10,27,24,6,12;12,17,13,21,8;14,23,12,28,7,24;18,21,5,10,29,6,19,22,4,9,25,24;24,17,6,11,25,8,21;20,23,17,26,25,1,14,0,11,29,21;27,11,25,0,28;7,16,3
13,28,23,5,0,26,11,8,22,27;25,16,14;27,12,0,7,17,9,20,22,4,26;21,5,18,28;11,2,15,3,18,29,14,19,10,4;25,22,14,28,8,29,11,6,5,27,20;12,11,16,20,13,21,22;18,1,26,5,17,20,29,16,21,3,28,6;19,18,2,16,29,21,6,15,14,8,13,25;24,22,16,20,9,19,13,25,0,10;21,28,29,0,18,7,22
18,22,7;21,6,28,10,19,0,24,27,1;6,20;7,25,4,1,8,5,14;0,26,12,27,8,14,16,21,4,3;24;8,27,29,12,3,7,1,11,25,28,22;29,20,2,8,3,21,7,25,4
8,12,19,29,25,23,14,27,10,13,22,9;21,0,8;9,2;26,15,24,22,21,12,19;7,20,28,4,29,13,25,11,1,12,6,14;15,13,29,12,10,9,20,4,6;1,0,7,3,21,6,9,11,24,16,19;12,14,7,23;16;1,2,27,29;24,2,10,20,9;26,7;5,26,15,11,14,22,23,4,6,27;5,8,24;13,17,7,16,4;22,9,25,8,6,21,4,11,10;6,21,3,8,15,27,7;2,29,18;2,19,5,7,24,25,17,1,8,9,27,16
6,27,4,1,0,9,12,26,3,21,29,14;29,2,21,4,23,19,1,6;13,25,9,20,11,1;6,22;29,26,13,14,0,24
9,16,13,7,21,22,8,14,19,1;2,5,14,28,11,23,29,20,15,19,1,26;19,25,18,28,26,15;24,21,23,19,6;14,7,1,22,0,20,13,17,23,26;12,1,18,27,26,25,14;25,15,1,28,27,23,5,19,10,2,22;27;23,4,11,17,3,27,15,19,5,22
8,26;25,28,7;29,25,17,16;17,25,3,10,6,9,2;21;15;10,12,15,13;23,8,5,7,12,18,0,2;21,12;5,11;2,14,7,13,12,9,3,8,10;5,22,28,7;17,13,10,20,12,0,14,21,4;15,20,13,2,11,17,16,21,23,12;22,28,21;15,16,26,14;4,13,27,20,10,1;19,26,15,7,1,23,14
11,5,21,18,8,0;4,18,20,7,17,5,6,25;27,9,22,1,4,5,20,25,14,24;11,16,4,12,25,8,5,10;17;12,25,19,20,17,22,1,7,23;14,23,9,2;23,12,21,8,10,25,3,16;21,18;27,22,15,20;22,16,17,18,1,25,26,13,6,7;25,2,16,23,13,27,9;28,29,8,25,9,20,22,16,27,5,7;22,13,28,27,3,1,5,6
12,3,4,15,2,25;1,10,24;5,14,25,2;1;21,18,23,0,10;9,19,0,14,10,22,21;8,13,24;12,11,9,19,28,16,22;19,20,16,29,11,9,27,23,15,26;25,26,18,23;29,4,6;16,29,7,12,13,0,27,14
18,11,28,19,10,15,0,23,21,4;1,6,4,18,10,15,7,21,24;3,2,16,23,5,14;28,15,4,3,10,20;28,13,15,5,4,23,18,8,1,25,27;12,21;27,10,23,6,1,19,2,21,22,7,16,3;17,0,18,23,4,10,21,16,24,7;26,16,7,21,10,6,17;7,3,19
5,17,27,14,1,0,20,3,13;22;29,20,17,12,18,8,21,11,16,5,19;6,2,4,22,26;1,4,13,14;25,24,14,20,21,27,12,0;2,11,26,14,17,18,6,13;19,16,3,20,7,12,29,18,26,23;6,9,28,1;3,9;24,3,12,11,23,10,1,21,15;10,25;4,6,22,1,29,19,0,5;5,13,25,29,2;29,18,7,25,4,8,13,17,26,6
