27,15,26,14;11,26,3,16;0,8,25,19;18,4,12;1;4;1,8,26,4
19,12
8,20,25;18,26;21;13,24;3;26,10,24;25,11;5,24;17,22,24;27,29,23;12,10,9;28,24,2,13;21;1,19;29,20;0,25
10,4
1,6,14;23,21,7;18,25,5,11;2,13,19,7;0,8,15;6,17,14;19,5,6;13,12,14,8;5,0,17,10;14,1;29,5,23,2;8,11,24;21,14,13;16,27
12,18,16,11;7,16,11,5;3,21,16,6;3,13,12,15;7;19,9,2;1;20
28,24,0,6;1;1,5,12;0,24;9;1,8,25;13,22,24,20;4
17;29,21;0,3,16,20;24,1;21,8,11;5
16,25,17;3,6,12,14;21,3;15,3,5;2,17;3;22,5,21;19,29,14;11,7;19,10;18,28
24,3,0;25;22,24;28;17,19;9,25;6,2,27;27,9,26,2;10,16,9;10,9;15,22,13,5;12,2,16,14
5,4,23;15;24,10,7;24,14,27;7,29
22,7;7;13,1;10;22;25;13,23;21,10,20;20;24,2;27,21,20
5,2,12,1;12,27,6;18,15,16,12;19,17,7;20,28,13;14,27,9,4;8,5;21;20,27
1;2;0,3,18;1;24,21;9,17,16,12;26;20,29,15;24,8;20;24,3,4;7,12,26,1;10,0;25,11;1,26;17,29,14;2;4
25,3;16;9,28;21,22,26,29;9,18,5,15;28,20,9;9,29;11;27,25,15;24,18,23,29;19,4,15;27;20,0,1;22,23,0;29,19
28,25
14;5,25,24,16;26,4;14,23;13,1;11,10,27;21,17,13,11;24,13,18,5;16;21,7,19,22
19,3,11,7;17,5;13;27,24;18,1,13,0;25,7,3,24;27,19;15,10,19;14,25,7,17;25,3,13,24;17,12,10,5;7,25,14,15;6,28;12,2;9,4;7,11,4,26;5;25;5,6,16;29,22
23,14,10,20;7,9,4;10,25,4,0;6,28,0,2;29;18,7,13,19;29;10,19
1,15,7;16,3;27,26,17,25;0,18,28,17;10;18,24,26;0,10;7;25,15;1;1,29,28;17,12,13;0,3
7;5;15;20,8,13;11,0;28,21,10;17;16;27,18;4,22;6;19;1,17,0;23,11;13,24
25;15;24,1,9;11;22,16;7,10,17;19,26
2;29,19;26;7;24,11;0,25,7,19;27;3;14,18,2,6;12;2,19,0;13,0,24,17;19,4,1,24;4,20,9,0;14,28,11
28;3;24,27,5,9;22,21;25,18,17;13;21,23;18,8,4,26;28;16,6,21,4;6,17,9;0,28,2,4
23,1,26,24;2,4,23,17;20;20,8,24,16;26,5,14,11;7,0,9,4;0,10,20;16,3,4;16,24;20,22;27,8,15,26;28;8,22,13,20;23,19,22,10
29;10,12;7,13,27;10;26,4,29,16;28,18;10,26;7,8,19;21,1;4;24,6,9,15;1,25;5,10,28;22,2,14,8;1,7,12
4,29;19,15;8,27,23,14;20,23,2;19;17,27,20
17,10,12,24
15
5;9;20,27;11,8;9,15;10,15;10;23,24,19,13;7,15,10;13,23,17;23,27;18
2,17;11;3,8,18,4;28,27;18,13,28,9;27;18;26,15;5,25,14,20;1;22,6,2,27;18,7;7,23,24
17,7,21,14;2;3;5,9;2,10,27,21;17,7,4;24;22,11,5,18;28,6,21
25,10
14,20;16,25;18,15;27,29,23,16;7;1;4,7;12;4;21,23,10;3;14,25,27;7,23;28,16,12;2,5,10,27;29,22;21,26;23,12,28;7,26;28
8;26;17,21,0;22,10;1,15;20,0,15,13;26,29,6;10,17,16,24;12;0,22,5
1,20
18,15,8,3;2,15,19;13;4,17,10;4,18;29,17,19,23;16,2;0;16,28;17,24,29;9;7;22,28,17;13,21,8,16;16;17,25,13
22,2;21;17,7,20;23,18;26,16
21,5;22,11,13;0
7,2,22,16;14;15,28;13,3;1,28;17;23,7,13;5,14,22,4;7,24;5,14,12,0;28,21,8,5;1,20,13;17,29,14;25,21,12;12,21;6,12
21,15,29,20;3,4,22,0;9,10,0,21;13,26,22;16,6;11
3,0;16,26,11;4,13,15;19
17,27,1;19,7,9,21;28,14;28,8,1,21;26,2;11,19,21,4;17,1;27,16,1;1;23,22,13;15,10
17,14,13,15;27;15;15
20,6,26,15;1,29,2;20;11,27
24,10,28,20;18,25,10;8;23,29,9;7,27,1;9,22,24;24,5,20;27;15;7,11;10;7;18,19,21,3;15,24;7,28,25,20
20;23,5;17;29,16;22,14,3,28
8,11,14,3;0,16,12,3;5,14;23,21;7,23,14,3
19,26,4,9;23,21,14;16,4;22,16;9,11;7;3,20,24;0,9,17,13;24,0;22,27,17;23,10,3;9,17,10;9,8,13,0;29;17;3,0;16;22
15,14;24,20,29;7,20;8,0;20,27;7;4,19,3;7,3,27;2,29,13,23;28,18,7,25;6,10,26,15;21;27,25,0;20,9,14,13;1,21,25;14,11;13,21;17,3,6,5;29,19;2,13
