17,23;24,25,5,3,9;15,29;1,14,24;19;20,27;18,23,7,21,11,26;19,25,16;14,12,24,18,16,13,7,4;3,23,24,29,18,25;12,5,6,11,15,22,16;19,17,12,15,27,21;29,24,10;7,29,11,12,20;3,13,0
20,28,14,25,11,0;1,4,21,6,13,8,29;28,29,5,11,23,15,18;21,19;6;18,8,12,11,15,16;12;10,0,25;2,15,26,0,22,13,6,11;9,25,1,12,0,17,18,8;29,10,15,5,13,17,24,2;11,28
14,17,16,25,9;24,1;29,28,24,27;5,27,3;25,10,28;0;2,10,13,24,3,1,11,20;7,14,22,1;20,26;28,14,26,11,25,16,19;16,7,27,14,6,5,1;27,7,29,24,1,11,4;12;21,8,5,15,22,17;23,3,2,6,0,9,4;27,9,10,12,26,4
9,23,28;17;1,18;24,26;7,5,3,10,18,22;28,7,3,25,9,8;16,26;3,13,8,22,0;29,5;7,25,6,14,3,12,1;14,0,21;17,6,3,8,20,14,15,1;13,8,23,20,17;21;7,2,25,28,15,29;21,17,12,4,8,11,15,3;7,6,14,11,29;2,20,19;18,14
14,8,7,5,17,13,25;25,6,27,15,9,8,22,14;20,6,7;11,6,13,1,16;22,17,1,6,11,19;27,28,11,19,13;11,16,23,3;29;2,25,26,15,1;12,20,11,2,4,9,7,21;12,18,19,23,22,1,10,5;26,4,8,3,9;26;10,8,26,5,14,1,12,18;20,15,6,10,17;1,2,21,7,9;13,7,16,12,24,29,19,14;13,18,14,5,9
1,14,12,2,8,6;5,23,2,8,12,22,29;10,29,17,9,13,24,4,27;23,21,9,1,27,25,0;1,13,21,18,23,5,8;7,12;20,23,28,1,12;26,16,12,20;13,16;5,12,15;24,28,13,16;27,4,22
4,6,15,17,9;16;28,26,9,0,10,15,29,19;17;3,16,27,1,29,9;11;27,25,29,0,24,16,26,2;29,21,6;6,18,22;2,20,10,29;20
1,18,16,28;17,0,1,9,11,7,27;28,2,8,5;1,5,3;7,6,20,10;7,17,16,14,22,27,13,23;17,19,12,7,6,5;19,17
19,11,0,2,15;5,6,26,14,23,12,27;2,23,22,28;9,19,12,21,0
13,17,21,9,16,8,7;20,29,9,2;0,26,3,29,21,5,8,28
0,16,22,5,12,11,10,9;1,18;10,26,1,18;22,6,25,0,24,3,12;2,25,22,24,1,0,12
18;13,28,24;1,20,15,24,17,9,6,3;4,13,6;17;4,17,14
0,19,23,15,22,7,21,24;9,4,12,25;4,11,6,25,17,29,23;3,1,4,18,12;24,27,0;13,16,26,20,18,27;6,15,24,16,0;28,3,19,4,22;23,18,20,14,22;0,23,3,29,5,6;22;20,28,22,16,9,18;29,20,5;4;1,19,3,28,24,13;2,22,10,21;5,25,11,8,4,21;27,16,6;11,20,4,27,23,14,1;21,1,13,20
9,20;12;18,14,19,0,15,12,6;22,9;29,24,5,21,3,10,17;28,11,8,2,13;11,15,27,28,4,16;10,2;28,2,20,10,25,0,3,21;8,21,27,25,17,15;20,12,3,13,6,26,24,25;11,6;17,14,15,1,27,25,12,6;10,14;26,14;16,17,0,24,8,26,1
20,4,15,7
28;9;17,5,8;10,14,23,26;1,9,25,22,26,5,18;9,19,25,23,20,18;1,26,21;20,14,4,17,18,26;1,7,29,26,4,20,14,5;26,22,10,4,19;13,29,10;10,15,17;7
2,25,24,0,7,5,23,13;13,28,5,6;9,4,17,8;19,0,26,13,28,3,12;9;15,13,0;25,23;13,8,26,14;26,21,7,12;8,25,26;0,8,11,27;1,21,8,16,15,13;1,25;0,15,25,28;19,27,22;11,24,13,4,1,22,7,17;9,12,4,28,26;24,3,18,5,21,20,29,15;29,19,4,5,7,15;18,20,23,15,11,3,27
8,14,5,9,21,0,23;10,4,5,24,21;26,28;12,16,19,15
2,27,8,21,9,23;1;5,6,20,10,4,19,25,13;29;4;7,26,24,18,20,10;20,5,28,10,13,9,18;18,12,13,10,29,26;1,27;24,7;9,3,18,21,10,11,1,25;9,24,1,17,25,3;18,21,2,0,11,16,20,13;5,14,9,8,2,4;11,29,15,8,13,18;19,25,6
27,21,20,11,6,17;19,7,28,14,22,13,25
19,27,4,20,28,0,5,9;6,17,26,2,29,4,13,25;12,0,13,29,20,8,17,3
6,16,17,10,22,1,26;10,20,4,29,2,15,17;24,14,0,13,18;11,5,19;5,22,16,6,2,19,23,13;3,8,29;12;7,28,5,29,21;17,15;24,17,15,12,21,3,4,1;14,11,24,19,21,13,12,20;7,9,27,28;2,18,29;5,7,18,25;18,26,10,19;19,16,4,25;9,4;17,12,29,8,18,20;0,5,17,21;16,23,20,8,26
14,2,6,24,27;19,17,26,0,13,14;12,21,22,4,28,8;29;13,11;29,28;16,12,21,17,14,9;24,8,0,10;27,16,14,8,0,23,2;11,5,8,26;23,22,12,2
20,15,7,8,1,12,14;5;17,25,20,0,2,3,23;4,18,19;19,16,4,15;12,13;15
2,27;6,25,23,7;11,2,25,19,12,27,15,13
18;0,14;18,3,23,21;1,11,17,19,20,23,28,6;22,3,16,19,4,28;16,8,15,3,24,5,11,26;23,4,12,16,3,19,26;16,25,10,13,3,2;8,28,1,5;28;26,11,3,19,0,24;25,10,3,22;23,9;18,12;6,28;23,16,13,28;3,20,7,19,15,28,2;29,2
14,13,6,26,7;19,17,29,14,27;0,23,7,24,17,1;29,4,12,6;21,0;21,0,10,8,19,3,16,28;2,0,19,28,17,3;3;0,3,23,10,8,18,7;27,7,23,13,0,20
24,8,3,19,21,16,25,14;8,15,29,9,4,14;22,17,3,19,11
5,28,23,0,17,19,3,2;0,20,21,1,19,9,6;28,3,17,4,22,1,0;27,20,4,9,10,24,7;29,14,5,26,21;13,27,2,25,8;5;18,24,9
10,27;8,16,6,3,23
13,17,3,10,1,7,5,14;1,28,3,13,11;3,20,17;24,1,12,10,23,14,2,0;3,12,23;0,11;23,14,27,20,21,18,26;8,23,1,3,13;27,7
18,9,16,27,3,6;11,14,7,25;21,23,10,11;18,20,6,24,21,4;28;6,13,3,12,10,25,29;25,28,23,27,21,13,19,17;4,0,16,17;28,23,3,10,7,17;5,27,14,4,24,6;1,8,2,6,28,22;24,1,17,0,14,25,16;23;20,28,29,25,14,2;13,25,27,11,16,10,21,4
6;3,24,15
23,16;5,0,24,22,10,12,3,15;16,21,10,18,23,0,17;2,18,0,7,25,21,10,15;26,13,3,8,25,28,27,21;9;18,6,5,0,12,17,11,13;28,16,4,20,24,10,5,2;13,11,22,8,10,15,9,26;5,15;1;17,4,29,1;22,28,0;22,19,10;23,8,25,11,12;25;22,16,10,14,25,6,13;16,8,20,7,25,0,28;10,2;20,26,7,14,15,11
28,0,2,7;15,7,6;2,3,14,19,27;29,16,11;5,13,18,17,27,26,24,12;9,21,10,0,18,29;1;8,27,2,25,15,20,14,24;16,7,2,20,4,6,10;4,5,24,15,9,11,0;9,25,21,1,6,5,7,27
26,9,17,0,18,7,6;27,4,20,16,6,14,17;11,18,19,21,7,1,28,22;16,0,22,13,8,24,27,7;13,14,3,11;28,1,4,3,13,25;17,19,14,8;11,14;26,15,16,22,9,4,5;2,5,9,11,3,25
25;22,20,19;28,22;16,10,21,14,19,3;27,23,4,6,19;1,2,4,10,20,5,16,26;6,10,3,15,23,0,8;8,9,5,2,6,23;27,21,7,13,15,18;8,18;24,19,6,22,8;26,0,12,1
6,9,20,11,2;25,28;8,20,1,16,6;17,8,19,15,22,10,14;27,29,21,6,18,9,17;11;10;18,25,5,21,28,22,2,4;9,22,14;28,0;25;29,8;19,2,16,14
27,26,29,10,13
11,8,20,19;26,27,13,8;23,27,16,0,14,18,21,20;26;14,25,0,1,4,3,10;21,26,9,17,5,28,10;2,16,15,21,18;1,28,16,12,7,4;26,13,2,19,18,9,28
15,17,1,18,28,25,13,5;28,16,26,25,5,3,18;9,20,25,26;20,25,0,17,2,21,3,19;9,0,5,28,19;17,16,22,29,5,2;23,24;4,13,11,16,19;16;10,15,19,9,18;20,28,29,22,19,3,2,12;26,23,16;0,28,9,23,13;10,4,28,22,3,1,5,15;23,7,15,2,5;3,19,10,26,18,14,15;5,8,2,22,0,7,13,10;25,26,21,22,11,3,24;27,8,7,14,9,11,25,18;20,0,1,16,5,2
6;6,13,9;26,29,27,4;17,5,13,4,0,16,23,24;21,20,29,25,15,16,5;0,20,23,29,10;9,17,18,11,7,25,5;25,27,10,8,1,16,22;2,0,1,17,23;20;6,2,21,19,24,0
4,18,28,27,5,10;7,17,2,13;26,27,13,21,15,25,3,4;2,20,27,9,4;25,1;13;0,5,3,27,6;6,5,15,23,26;12,6,18,25,13,0;4,7,11,13,28,26,24,16;3;21,5,1,10,29,0,4;27,0,13,5,29,15,26;21,13,22,23;8,3;15,6
22,14;12,22,6,14,3,24,26,7;18,12,7,28,25,4;16,9;18,0,7,20,8
19,11,2,17,0
3,10,5;14,7;19,27,2,9,26,8,25;16,15,14,6,27;27,4,11,17,25,24;23,2,6,1,10,8,5;15,20,13,21,8,2;2;21,8,17,9,4,3;19,23,27;2,24,21,23,6,3;21,2
8,15;23,3,18,5,2;6,7,19;9,18,20,14,21,13,19,2;11,13,22,27,20,19;3,18,29,23
29,26,23,11,6,17,22;9,8,20,18,16;11,23
13,3,18,14;2,6;22,17,15;0;2,3;11,5;22,4,18;21,28,29,15,13
17,9;2,28,13,5,3,11;8,29,20,24,7,28
