21,29,5,11,1,17,8
20,2,27,15,26;14,24,6,17,16,4,27;5,8,13,21,28,17,18,4,1,12,26,16,7;24,25,6,0,22,27,28,29;15,13,5,9,8,22,10,29,16,25,21,1,7,19;2,24,0,23,12,8,26,6;4,10,13,2,12,7,21,18,26,1,3,27;18,21,15,27,8,12,6,16,0,14,28,2;17,28,2,1,23,14,5,13,19;19,27,5,10,4,7,8,13,0,25,1,22,11,29;6,4,1,22,12,28,2,17,15,18,13,3,29,24,11,27,7,14;17,26;23,8,3,0,19,11,5,7,27,14,4,18,24,9,1,6,26,20,28,10;19,2,26,17;23,6,27;28,2,6,21,11,18,8,1,26,12,0,23,9,27;2,24,28,3,13,14,8,16,27,21;17,4,21,24,20,15,22,29,9,25,28,13,3,5;3,27,26,12,17,29,22,10,2,5,13,1,28
19,24,20,13,22,18,9,0,28,16,1,26,17,5,4,14,6;12,10,1,13,6;28,3,14,25;15,9,22,6;9,15,20,0,14,12,23,19,13,16,8,29,3,26,27,24,4,5;14,1,15,10,7,13,4,28,24,29,22,20,0,19,25,21,3,11;4,26,25,17,0,27,14,8,28,20,5,21,16,18,6,11,19,7,12,15;7,11,0,27,15,17,9,20,28,1,5,14,21,25,29,26,24;0,3,15,19,11,17,22,9,4,23,21;21,26,6,11,12,4,19,23,15,27,18,1,25,28,10,29,16,3
1;7,22,2,27,25;25,8,13,22,24;10,19,24,13,5,4,2,27,7,29,14,9,18;25,11,19,17,21,3,27,10,29,2,9,18,5,15,12,28;7,2;9,0,10,22,15,13,11,24;24,23,22,20,21,1,14,2,27,6,8,5,0,18,28,12,13,7;16;28,4,5,23,14,1,24,7,2,10,9,15,0,8,3,16,25,13,19,12;15,16,2,8,21,0,11,14,27,10,4,3,24,22,1,25,17,19;29,2,5,17,20;11,7,29,25,4,10,28,0,6,26,1,17,9;19,7,24,5,15,2,1,18,4;7,10,27,8,1,17,19,5,29,20;6,11,3,2,0,1,4,27,10,16,20,29,9,7,12,5,15,28;2,15,29,11,20,14,28,12,26,5,17,24,10;16,15,14,2,29,18;1,17,12,2,20,8,3,13
9,3,6,17,24,29,16
17,26,4,9,22,8,29,0,10,23,2,27,1,21,13;18,2,7,19,29,28,4,26,20,24,11,25,27,9,0,17,13;26,5,7,25,13,22,10,9,15,29,18,19,4,27;17,1,20,6,10,0,24,18,25,2,9,3,28,11,8,19;17,6,7,15,29,19,21,18,9,12,26;10,13,6,9,15,2,21,0,3,16,18,4,20;19,21,14,11,18,3,26,13,29,20,1,16,12,5,10,7;8;9,20,0,25,6,4,23,7,5;13,15,24,28,23,11,22,2,7,29,25,5,16,21,27,3,1;9,14,4,11,21,27,29,8,2,28,10,23,22,7,25,16;15,2,22,23,13,3,8,17,9,10,29,19,16,26,0;29,7,2,26,20;0,6,23,17,16;9;4,3,11,2,21,16,22,28,12,15,13,17,23,29,7,19,5,27,18,1;24,29,12,16,18,19,5,25,28,11;2,20,19,28,27,17,5,13,12,23,25,24,15,7,0,6,8,14;16,12,26,8,3,20,9,13,17,29,2,19,28,23,6;28,4,17,1,27,18,13
16,8,13,0,9,14,5,3,4,29,6,22,23,7,20;12,19,0,27,15,26,20,18,8,14,29,28,10,1,7,16,5,11;18,2,25,28,17,21,27,20,9,23,8,12,11,6;3,28,29,15,14,16,18,4,2,21,10,27;16,20,15,19,6;23,1,17,9,10,24,21,3,26,22,6,18,20,13;24,22,3,27,28,13,2,26,23,20,29,25;11,2;27,17,22,20,29,11,15,8,23,5,2,9,6,0,19,21,10,3;22,29,11;20,1,4,23,10,13,18,5;11,17,12,29,20,14;21,3,16,5,25,8,13,0,20,7,26,19,23,2,4,14,29
27;22,6,7,8,29,18,13;26,16,25,28,14,10,1,6,21,19,17;1,12,11,17,9
12,7,23,15,21,10,20,1,4,2,13;13,20,17,5,15,1,16,25,4,21,22,11,29,26,23,9,8,0,19;8,28,23,4,27,3,26,20,7,17,12,10,6,5,19,0,16;18,1,27,17,28,7,13,0,15,5,8,2,10,21,22,14;2,12,4,11,27,0,10,15,22,7,26,1,19,16,9,28,18;21,14,5,3,17,22,18,26,13,28,7,16,8;12,4,20,2,21,24,23,7,17,22,5,25,29,0,16,27,26,9,19
0,9,4,28,16,19,10,27,18,23,8,3,14;3;27,2,11,26,29,8,7,28,5,0,10,18,9,12,20,15,21;4,17,2,10,8,29,21,15,26,12,11,23,1,0,28,27,19,18,13;5,17,20,23,29,14,8,16,6,13,18,15,10,0;17,22,3,7,9,12,26,28,20;14,19,3,1,5,9,2,24,20,25,11,29,17,0,16;27,26,21,12,23;26,11,13,24,28,14
2,29,9,10,21,3,17,1,26,16,5,20;12,22,23,6,18,0,9,24,1,10,3,29;2,13,10;26,17,12,3,9,16,14;28,29,5,9,24;18,1,11,9,28,13,22,5,25,26,6;21;29,28,8,1;2,9,12,4,8,17,25,0,1;24,6;3,20,24,21,16,26,4,13,6,28,7,5,1,18,29,15,11,0,9;9,3,14,1,5;10,24,8,22;25,12,16,6,19,27,24,23,2,9;21,20;4,20,14,15,16;11,0,14,27,9,6,2,7,4,16,26,25,13,28,29,15
17,11,15,5,9,2,6;10,24,3,29,28,22,19,6,25,9,26,14,17;23,14;29,20,9,6,13,10,14,7,4;16,0,22;17,7,24,18,1,16,23,0,28,2,13,29,21,15,26,14,6;28,15,10,19,23,25,5,17,24;9,28,26,18,10,24,17,25,0,4,23,3;15,21,14;24,14,26,4,29,5,15,11,17,13,9;18,5,7,9,13,27,23,16,17,28,19;27,18,19,2,1,11,13,20,16;17,5,21,6,9,3,26,12,19,24;13,27,10,0,3,8,20,5,24,25,12,7,17;0,19,28,12,20,1,7,24,16,11,22,13,25,8,9,4;13,11,16,18,23,7,4,5,1,0,8,25,10;14,6,1,22,13,27,16,24,11,18,26,5,12,29,21,20;10,20,25,17,4,1,5,12,16,28,0,18,26,7
9,6,8,20,17,4;9,21,17,10,23,24,11,29,28,7,22,13,12,6,3,20,15;3,19,23,29,25,16,21,28,4;3,2,26,29,24,16,22,12,7,5,13,11,23,17,8,1,28,0;29,5,1,17,7,27,4,0,9,10;7,9,23,11,10,22,21,6;16,9,14,23,4;22,24,25,2,15,14,8,23,20,29,12,1,21,13,16;20,27,7,21,0,15,19,10;14,19,3,1,12,13,6,20,10,18,15,28,24,27,5,21,26,7,0,23;13,6,2,24,20,17;5,18,2,6,17,7,12,26;23,16,0,6,18,12,11
1,3,28,25,17,9,16,29,8,20,6,7,27,15,4,10,24,2,11,13;16,13,7,15,20,25,17,28,3,14,21,18,29,0;6,26,17,8,29,20,25;28,21,17,5,20,25,2,0;3,10,29,21,11,12,7,19,28,1,22;1,11,21,27,12,25,22,15,16,17,0,29,28,13,19
26,0,29,7,27,13,14;1,29,6;11,24,10,21,1,5,27,13,3,6,16,9,2,12,23;29,10,7,15,1,6,24,8,3,17,5,27,4,23,12,26,19;16,18,25,28;12,5,8,23;0,6,20,7,22,23,17,2,24,29,4,11,5,15;24,23,6
14,20;6,16,22,18,8,21,26,3,13,0,1,23,20,2,15,17,4,28,27,9;9,13,5,26,6,1,0,24,25,27,8
0,10,15,6,29;29,11,13,2,22,21,16,9,26,23,8,25,10,3,0,17,12,20;22,0,18,26,23,27,11,24,21,25,7,10,29,15,4,20,28;7,6,3,10,5,14,16,25,27,15,12;8,26,2,12,22,23,0,19,20,24,27;18,16,14,28,2,9,19,15,25,11,20,23,5,0;9,25,4,18,29,2,20,8,0;3,26,10;2,25,3,7,28,14,19,17,21,26,0,4,5,23,13,9;23;15,21;29,16,28,10,22,12,7,19,18,5,9,17,4,1,14,13,23,3
21;27,12,11,6,13,14,28,1,29,15,8,24,17,22,19,23,9,10,25,4;9,12,15,24,2,7,20,4,16,21,1,23,13;9,24,22,18,4,3,28,17,13,6,23,2,27,11,26,0,14,16;10,4,12,0,19,17,22,11,21,16,28;6;25;12,4,16,17,1,5,29,22,18,19,15,27,3,11;27;5,24,23,8,1,19,26,14,10,3,20,13,6,21,15,28,22,7,12
27;13,20,29,4,26,15,1,9,2,19,21,16,25,17,18,10,3,0,14;15,22,29,18,23,6,16;4,10,12,29,18,0,6,14,5,19;6,4,13,8,1,24,19,28,23,25,20,22,3;6,11,0,1,2,29,28
23,24,12,19,9,7,4,8;8,25,24,11,10,16,17,13,23,6,2,9;27,22,26,25,7,18,2,11,5,6,19,9,13;20,12,29,9,27,13,26,4,15,2;12,9,0,25,18,29,10,13,26,1,27,14,3,8,20,6;29,1,27,19,3;14,12,23,16,9,21,17,27,20,13,15,0,25,6,10,26;13,7,28,6,14,16,25,21,22,19,4;25,11,24,20,2,28,12,19,8,3,4,17;17,27,5,18,12,16,0,9,3,4,29;2,14,15,17,6,28,27,19,26,29;3,16,7,15,22,13,6,25,9,8,1,2,27,12,26,14
0,26,18,17,3,21,4,7,29,9,8,10;11,14,3;20,5,10,9;22,8,25,29,16,0,19,13,20,10,28,3,4,7,6,12,14,23,26;15,8,19,1,12,3,2,26,10,6,24,23,14,0,21,27,7,29;22,2,21,17,27,7,4,1,19,25,16,0,6,28;4,19,0,14,22,21,13,6,24,2,3,10,28,29;1,29,7,15,14,25,6,2,13,19,18,8,3,27,5,17,16;23,3,2,0,24;28,9,29,15,19,20,27,13,18,23;8,9,12,13,26;9
11,21,27,8,0,26,2,22,5
13,24,2,18,19
25,11,1,8,19,17,15;4,22,0,12,20,28,21,14,1,9,11,5;3,8,10,25,4,7,19,24,9,29,6,26,12,18;21,29;24,19,11,14,27,28,29,5,20,0,18,7,2;13,15,4,11,8,20,24,26,9,7,1,5,6,10;3,13,23,5,18,1,11,6,27
14,10,4,20,19;7,25,22,4,16,17,26,21,29,6,13,23,11,14,12,10,2,15,0,19;2,18,5,14,19,11,15,0,21,29,1,28,8;6,14,22,27,29;8,5,0,23,4,18,19,15,24,20,16,9,25,27,6,1,21,11;21,25,6,7,20,14,27,26,28,12,1,11,9,4,15,10,24;5;8,18,24,17,20,11,15,26,9,0,16,23,4,19,1,2,28,5,12,27;5,10,22,6,26,29,7,3,14,1;8,11,12,17,26,28;22,17,0,13,14,4;13;7,3,23,21,20,4,19,1;24,22,4,2,14,21,28;8,28,19,12,15,9,5,18
15,4,29,27,26,14,24,23,13,3,25,5,7,28,16,6,8,1,9,19;4,23,17,27,1,14,11,10,20,0,9,8,15,19,22;27,25,23,2,22;0,18,4,6,21,17,13,9,19,20,25;23,0,28,17,13,26,7,24,22,11,27,15,14,21,9,10,6;18,23,16,9,20,4,13,6,27,10,29;7,22,28,17,20,15,2,8,29,4,19,14,12,9,27,5;24,17,5,28,23,12,4,16,11,2,19,3,20,26,10,1,9,22,15;19,26,5,7,14;9,7,27,26,17,13,15,0,23,16,3,8,24,20,29,19,2,22,4,1;13,20,18,17,0,22,8;14,5,23;9,6,20,0,14,22,3,10,5,23,28,26,29,13,2,24,18;1,6,10,26,0,5;13,21;22,11,28,14,4,12,21,20,2,24,25;3,24,10,29,2,8,25
6;28,18;26,29,4,23;21,28,0,4,16,10;20,22,19,27,6;11,3,23,2,0,8,5,19,14,15,4,7,9;7,4,29,26,21,11,0,20,13,2,28;28,21;21,24,13,4,12,7,9,29,26,10,28,11;26,15,13,1,19,2;9,22,16,17,6,14,20,24,23,26,25,21,29,2,27,8,4,28,7;1,6,21,8,3,25,13,24,17,22,28;1,19,8,15,24,20,6,5,14,18,7,0,25,2,26,13,12,29;3,7,23,15,10,2,13,25,1;17,2,4,18,14,3;4,12,17,9,24,13,2,0;8,11,10,17,4;24,29,3,15,13,9,8,6,10,28,22,0,5,4,17,25,16,14,18,26;11,8,23,18,19,21,3;15,5,19
27,3,18,26,0,8,22,11,9,2,17,7,14,5;19,23;17,19,29,0,6,3,13,28,2,20,16,11,5,4,22;18,26,3,25;1,23,11,8,2,29,9,6,3,17,14,7,28,10;12,5,19,20;26,0,20,24,27,22,11,3,1,7,8,17,21,28,2,13,16,19;3,29;14,22,4,29,23,18,12,2;22
12,29,15,19,7,1,25,27,0;3,4,8,15,2,18,21,26,29,12,6,13,7;29,18,0,11,15,17,10,3,25,20,21,5,4
14;24,7,15,0,11,4,12,16,5,21,27,29,3,18,25,13,22,1;22,25,27,9,29,24,26,14,21,3,2,23,17,11,13,7,16,4,20,12;27,6,19,18,24,22,16,8,13,2,1,15,3,28,26,25,17,12;5,8,21,16,27,18,11,20,26,15,1,10,23;23,16,17,29,14,18,8,28,0,24,5,22,10,4,26,7,19,20;2,13,14,22;20;13,9,22,24,5,18,27,4,15,19,1,8,11;22,24,2,15,8,3,10,20,6,13,27,4,29,0,1;10,6
1,6,15,18,2;14,29,9,1,5,18,24,7,16,17,6,27,3,19;18,25,6,5;13,26,3,17,22,21,1,27,6,28,16,20;2,9,22,6,3,11,1,23,19,13,21,10,24,0,26,16,25,29;8,2,18,4,20,13,22,19,29,1,25,3,27,21,24,11,6,9,7;11,12,0,28,10,24,26;17,22,7,10,24,13,0,20,28,14,4;20;24,13,20,5,21,12,0,18;13,0,21,17,1;5,27,18,9,29,26,1,23,14,19;24,21,8,6,18,1,14,2,23,16,7;16,12;15,8,16,21,3,24,20,11,27,28,23;21,9,0,24,1,5,18,14,15,22,2,6,19,13,28,17;3,9,28,16,15,26,6,1;17,1,0,15,5,22,14,6,16,21,9,8,4;4,3,27,18,6,28,15,16,8,12,25,19,5,0,17,29,7,24,9
29,19,7,4,21,13,11,18,16,22,1,6,27,23,14,10,28,5,9;22,16,9,6,21,28;2,22,8,3,25,18,13,15,7;25,21,11,0,2,4,20,13,10,27,15,28,17,24,7;26,17,13,24,0,8,18,10,5,19,23,22,7,15,16,9;5,20,6,0,18,4,13;12,5,14,15,28,0,8,6,10,4,2,7;21,2,15,25,8,16,9,5,17,4,23,24,18,22;19,8,4,24,1,26,2,6,16;6,9,14,25,2,20,16;10,6,23,8,17,24,27,21,15,3;6,14,26,27,29,18,12,1,17,16,11,8
10,29,28,7,22,27;13,25;17,8,12,13;12,16,15,4,9,5,3,0,18;29,15,1,8,11,22,0,3,13,27,4,25,21,19,7,6;19,3,27,8,28;13,24,10,26,6,18,28,11,9,16,27,2,29,1,25,7,0;16
27,25,20,4,26,6,18,2;6,2,26,4,27,5,29,21,13,3,24,14,11,7,0,12,15,22
15,21,28,2,19,3,10,11;18,29,15,7,25,2,19,20,23,0,13,1,11,3,27,6,5,9,16,4;26;10,2,8,20,25,9,12,6,1,27,28,29,15,18,13,26,4,23,5;4,16,12,0,8;7,12,18,0;1,14,27,10,8,11,9,20,12,29,23,3,7,24,15,18;23,13,4,0,21,12,8;7,20,6,0
21,29,12,18,8,28,25,19,27,7,17,22,2,6,26,5,1,16;12,29,22,26,2,5;12,29,4,23,25,2,1,7,9,14,3,28,8,0,21,18,27,16;21,4,14,15,26,5,6,23;5,10,18,0,14,24,9,26,7,8,21,23,4,19;20,21,3,27,25;6,20,13,19,3,25;5,18,2,14,16;5,29,15,0,26;1,15,7,25,0,10,8,16,17,24;19,28,6,23,10,4,25,2,18,29,27,16;17,23,15,28,27,19,4,24,3;24,28,3,26,15,13,25,9,2,11,7,17,10,19,14,23,6,20,8,22
19,20,29,10,28,22,4,15,18,11,17,9,25,23,8;15,21,25,18,24,9,10,8,23,4;26,13,16,28,24,14,18,8,4,10,2,9,17,12,15,1,6,3,27,5;14,13,19,22,25,20,11,12,7,23;19,13,23,20,11,28;19,8,23,20,22,15,25,14,6,10,17,16,21,9,5,12,3;28,18,7,17,24,4,6,23,5,11,9,15,22;1,23,17,7,20;18,13,29;6,3,29;7,20,16,9,26,1,3,14,11,29;23;15,29,10,27,13,2,22,23,0,12;10
23,27,15,9,3,20,14,18,24,1,13,28,25,26;5,16,25,23,14,15,19,17,27,29;0,16,12,25,21,6,10,26,27,7,20,23,28,4,9,15,1,13;8,22,26;22,24;14,22,1,26,7,3,25;5,23,20,14,12,8,18,10,22,1,28,9,13;16,23,27,9,26,17,10,22,2,28,19,7,6,14,21,13,29,18,1;14,1,15;0,25,16,4,2,17,24,5,28,19,10;25,28
24,14,11,28;4,11,23,2,22;22,4,19,20,17,26,15,29,10,25;1,21,10,0,17;3,13,0,9,8,25,19,15,17,20,12,18;16,9,15,29,26,3,27,13;29,12,13,21,28,2,16,17,18,15,26,19;23,15,21,17,16,10,29;29;7,27,6,20,18,22,9,17,0,21,19,24,4,1,5,8,26,28;5,27,1,13,26,18,11,17;27;15,4,19,28,12,0,18,20,26,16,10,9;6,13,12,5,7,26,2,24,18;18,8,17,1,5,19,29,4,22;6,2,25,26,5,4,29,0,20,8
21,11,24,20,9,13,19,26,25,22,10,14;20,24,23,7,1,5,13,12,8;13,29,20,14,5,6,4,28,7,26,17,1,15,25,21,16,10,19;3,21,27,18;29,24,21,8,17,15,18;19,22,7,21,6,14,3,9;14,13,22,4,20,6,29,23,26,0,3,15,1,16,8,27,2,10,11,21;9,26,15,16,17,21,25,23,20,14,7,18,29,24;20;15;27,20,24,1,19,22,0,4,23,14,13,7,12,25,16,26;11,8,9,16,15,7,14,28,0,23,4,12,13,25,3,24,19,26,22
15,13,5,4,12,7,3,9,6,29,18,14,28;13,15,22,17,20,5,18,16,8;27,20,5,21,18,11,13,25;18,17,2,29,4,28;26,6,12,7,20,9,28,0,2,18,11,22;11,18,28,29,5,12,3,22,23,9,2,6,4,15,17,1,21,14,13,25;2,1,19,29,23,27,7,18,8,26,13,15,22,21,25,4,17,5,9,28;24,15,22,3,8,26,5,6;20,5,21,8,26,24,16,28,27,29,1,4,19,9,23,14,10,15;5,23,28,25,10,24,8,19,12,29,6,20,18,7,17,0,11,14,3,9;4,8,3,28,9,27,10,12,20,18,25,6,11,5,1,26,17,21,15;1,25,28,24,17,0,20,16,15,11,22;24,6,11,1,22,28,26,13,16,17,23,9,19,18,7,27,12,15,3,2;5,11,28,3,24,6,9,25,12,10,17,20,15,29,18,23,4;6;10,5,16,11
16,20,9,17,3,29,13,8,23,5,10;23,13,19,6,12,16,11,5,25,17,2,15,1,28;21,13,2,16,10,1;25,11,28,21;19,7,0,3,5,20,4,15,26,24,27,12,2,9,6,28,1,14,8,13;12,11,0,20,16,9,24,22,5,26,4;28,6,13,15,5;26,13,24,12,5,15,29,27,23,0,21,1;26,10,23,16,13,27,21,19,7,22,24,0,9,15,28;10,19,14,17,6,11,29,22,13;0,15,26;5,18,13,2,0,20,24,15,14,19,1,16,26,21,8,22,23,10,4,25;9,21,3,15,23,2,17,18;20;27,10,8,0,26,18,24;18,21,1,29,14;27,15,23;10,13,25,5,24,3,8,16,17,9,26,23,15,11,4,1,19,7,28;7,27,6;5,4,0,27,15,14,16,9,7,17,18
13,1,2,17,20,5,25,18,12,21,19,6,10,3,4,27,7;21,23,4,15,28,13,2,29,11,12,26,16,9,3,19,0,6;25,6;12,27,11,28,7,8,1,2,19,20,10;26,18,17,3,23,24,2,4,8,10,29,14,15,28,11,13,5,6,25,7;15,7,11,5,17,12,19,20,18,16,26,2,13,24,4,6,25;23,20,26,27,10,3,12,6,15,16,18,24,9;6,15,1,10,9,3;28;19,13,28,27,22,12,10,23,29,26,21;21,20,5,7,27,3,13,16,18,0,9,15,17,26,25;6,18,25,5,16,8,23,13,22,15,3,27;1,12,24,2,10,20,28,13,22,19;16,17,18,2;19,29,25,9,15,6,27,2,16;17,12;26,20,4,29,14,13,21,27,24,16,6,28,5;1,10,20,17,3,6,7,27,15,21,5,28,14,29,23;16,0,22,9
14,17,25,8,29,9,28,1,18,3,5,20,4,10,13,16,2,27,21;11,22,2,3,5,27,24,4,16,15,29,9,19,8,25,20;7,17,15,13,5,2,14,0,12;0,25,5,21,9;23,2,19,26,25;20,4,22,17,5;27,18,6,9,1;26,22,14,19,0,20,27,1,10,25,18;23,20;22,10,26,14,29,23,1,27,20,15,13,25,12,4,9;2,15;2,27;25,10,12,24,11,19,27,0,20,9,3,6,2,15,28
27,0,12,11,8,5,4,6,22,9,13,10,7,16,24;28,19,11,1,13,4,5,17,22,9,24,27,6,26,25,16,2,8,3,0;3,13,14,2,1,15,28,0,22,20,24,4,6,19,5,16,27,23,29,7;7,21,22,27,0,2,28,23,10,16,14,19,26;0,21,28,18,14,12,2,9,4,19,11,1,26,22,27,13,15,10,5,25;9,23,7,5,15,3,20,11,22,0,6,12,2,21,16,17;21,24
19,26,27,14,11,15,28,8,6,18,25,16,1,4,13;25,7,12,14
18,6,26,1,19,15,20,23;25,20,13,16,5,28,21,11,17,2;13,14,15,3,11,29,18,5,7,21,20,6
6,22,27,18,20,28,21,29,5,23,1,12,15;7,13,25,21,5,20,3;9,6,5,8,0,10,7,29,28,2,21,20,19;26,14,15,5,21,24,29,16,13,28,27,10;18,6,17,12,16,28,22,27,8;1,25,9,23,14,20,19,4,11;11,23,5;7,6,14,12,28,15,19,26,13,18,24,4,11,16,27,17,2,23,21;7,26;0,2,16,17,9,7,18;19,21,4,14,27;11,28;3,12,28,19,4,23,25,17,20,8,15,18,22,29,26,7,11,16;15,13,2,1,11,16,6,4,10,22;11,23,16,24,6,20,17,28,14,8,25,3,29,18
16,29;14,5,17,18,26,3,25,24,28,9,11,2,12,4,20;9,26,29,16,5,13,18,21,3,4,24,23,6;26,17,19,8,15,29,25,14;23,25,10,16,1,12,13,22,4,9,6,28,0,20;22,26,15,21,10,19,14,0,13,4,2,16,28,7,25,5,29,27
17,3,21,9,26,14,22,18,15,1;16,28,17,11,25,26,3,7,29,20,12,14,5,0,24,19,13,15;18,25,0,9;11,24,16,20,2,26,25,23,3,0,17,10,28,18,13,4,8,14,7;1,29,4,23,27,14,2;20,15,17,0,5,1;2,27,20,23,17,13,11,15,9,21,14,16,22,18,1,25,4;0,12,9,27;25;12,9,7,21,23,29,18,1,26,22,14,13,11,6,10
