3,16,14,26,29;4,22,0,18,12,25;9;18,7,16,8;5,3,8,21;25;22,7,3,2;24,9,16,7,14,5,10;11;20;19,8;10,0,12,18,17,27,19;22,10,9,1,29,27;26;9,14
18,10,9,19;29,16;25;5,8,4;16,7,1,29,5,8;18,29,21,14,10;4,1,18,2,0,7,13,29;26,29,28,8,16,22,9,18;15,19,17,21,24,12,22;4,15,17,27,8;18,3,17,12,16;29,19,9,23,8,15,26;19,26,18,15,2,22;16;4,0,11,29,15,8,14;1,4,6,11;17,26,4,23,18,5,10;16,5,15;12;10,2,1,25,6,4,5
9;9,24;14,22,11,7;27,24;5,17,22;11,29,24,22;9,14;22,15,16,10,18,20;14,10,22;19,11,27,26,4;12,4,26,23,1,15,18;24,29,6,3,22;0;21,23,16,6,5,28,18,26;14,9;5,4,11,10,2,20,16;5,10,2,22;4,5,17,25,19,3,26,1;0,11,24,25,10,1,12
28,26,1,16,24;24,28,0,11;29;13,1,3,19,26,7,0,4;17,0,27,6,20,28;11,20,10,8,28;23,10;18,12,8;22,18,1,19,28,24;29,11;18,25,19,29
11,22,10,24,20;17,19,14;11,14,25,2
9,6,23,28,25;9,20,0,22;26,18;20,25,10,4;4;16,14,28,26,29;15,23,9,19;1,16;27,8,3,6,1,4;5,28,29;12,9,29,22,16,26,3;7,22,19,0,16,28;27,25,2,8,14,5,12;29,19,20,2,26;16,28,2,9;12,6,27,21,8
27,6,17,14,8,4;27,21;2,6,18,11,7,3,29;4,16;16,6,12,18,15,17,14;3,2,27,15
29,0,19,25,12,24,28;15,21,8,19;5,10,14,27,22,4,12;22,19,6;12,9
22;22,0;27,21,13,23,1;29,0,15,6,11,23,28;2,4,12,10,26,20,8;17,8;5,29,12,7,16,18;18,0,22,24,27,13;5,2,10,27,17,4,18,11;9,16,7,12,25;21;20,26,21;21,0,26,13,24,2,8,19;19,11,6,0,1,25;5,24,19,23,26,13,28;4;13,17,7,23,4,10
16;20,2,27,24,1;6,7,8,18,4;26,1,16,20,6,14,23;9,16,23,2,28,26;27,5,29,6,11,28,15,1;21,14,11;24;29,20,0,18,12,24;8,17,5,20,18,14,29;2,26,22,27,15,13,20;17;20,24,5,23,2,14;11,20;16,11;12,18,29,27,10,14,25,20;10,0,17;11,9,21,7,0,3
14;25,4;16,0,9,18,28,7,1,25;4,26,19,15;5,1,24;15,10,8,22,13,21;25,17,5,10,28,0,27;27,24,1,22,26,25,17
17,25,9;28,29,17,2,25,23;12,9,25,18,14,2;12,27;27,29,21;1,7,19,29,2;0,23;26;22,18,7,23;28,19,11,18;23,14;17,9,28,11,8,10;9,18,29,8;19,13;0,5,4,12;9,29,1,11,3,23,12;4,13,29,20,10,9,24;28,5,12,26
21,25,13,3,22,26,24,2;20,11;8,7,18,27,6,19,29;17,19,22,3,1,0,12
13,26,12,25,10,18,29,24;15,9,20,6,21;7,16,27,26,12,5,17;3,8,10,12;6;14,5,7,1,10,28
22,27,4,2,13,19,3;4,20,0,21,29,11;26,5,18;29;28,22,0,17,20,4;25,29,12,6,1,15,26
18;16,25,28,26,5,9,14,6;29,25;26,29,16,22,2,24;4;17,11,16;9,22,8,1,17,16,0,11;22,23,2,15,13,12;2,23,27,17,15,22,21,20;2,29,23,4,12;4,15;11,25,27,19,8;18,1,0,13,7,3,17;24,0,13,23,15;18,12,27,22;7,24,29,11
28,20,9,8,24,7,2;13,18,23,4,24,22;19,25,29;22,25,27;3,17,8,6,20,24,29
24;15,2,22,8,12,14;11,29,9,17,14;4,16,2,23,20,7;3,18,7;5,15,7,8,29,28,23;18,29,14,25,11;9,24,14,20,15,3;23;24,8,20;4,21,27,3,19,5;0,18,29,8,2,9,24;19,13,12
9,4;7,5,11,2,26,14,15;11,7,28,18,15,12,24;5,22,11,21,2
10,19,13,20,0,12,7,22;6,17,23,10
