31,23,9,17,24,26;12,31,24,17,34;27,25;21,2,1,25,11
24,4,5,32,1;13,32,35,11,20,17,37;9,34;27,19,29,0,38,39,13;37,10,14,3,16,2,17,20
31;8,5,24,9,33,23;12,5,23,8,37,19,28,2;19,36,16,35,30;27,15,4,13,29,0,19;33,8,36;20,8,25,9,31;23,33,20;10,38,16,34,19;10,30,11,1;19,8,35
10;23,32,6,39,8,24,31
4,14,20,30,38;19,30;22,30,13,7,9,16,17;1,30,35,24,20;10,33,27,17,23,34;25,1,34;9,8;7,24;36,17,39,5,34,19,16;31,34,12,3;34,37,7,19,13;38;27,36,20,0;33,8,3,32,35,0,39;37,24,2,6,19,4,15,14;5
1,38,37,18,12
10,28;34,31,23;6;24,20,36,35,13,3,15;11,12;32,28,30,2,24,7,18;4,30,0,5,36,10,35,33;29;24,13,23,12,1;23,35,7
39,30;27,5,24,25,0,22,31;24;1,21;32,25;6,21;28,35,13,29,16;4;8,14
2,10,24,0;22,34,8,9,6;32,20;24,33,29,3,0,32
26,29,8,12,17,32,3;38,2,28,36,20,24,5,25;19;30,17,19,1,36;33,25,22,15;27,13,39,7;6,17;21,19,5,29;12,35,13,5,4,25;23,13,34,39,29;13,16,36,37,0,26
29,5;39;5,2;16,14;28,7,9,39,12,11,1;33,31,37,4,10;32,13;25;13,35;33,31,29;8,29,9,36,30,31,0;1,4,32,15,30,9;24;14,37,20,28,15;3,37,29,7,14;8,31,29;38,26
17;20,15,28,18,32,4,1;14,8,37,33,30,22;12;15,17,38,20,7,35
28;9,11,30,1,37,0,5;29,13,15
1,2,11;11;16;30;24,0,31,38,9,39,19,7;10,31,9,29,4,24;15,14,24,2,18,37;25,29,39,8,20;39,34,7;31,8,17,29,26,38,5,36;34,9,35,36,14,10,28,39;26;3;11,12,18;39,24,12,8,29,28,0;26,27,34,22,20,15,31,33;19,38,21,15,1,39
11,20,30,22,17,31,13,6;5;25;16,12,18;27;26,28,14,32,5,6
34,21,6,14,30,25,28,23;33,31,2,8,28,21;38;14,32;23,1,0,20,39,32,35;28,26,23,4,20,15,11,5;23,26,36,17,19;13,32,12,7;18,38,33,15,7;1,26,16;28,36,9,38,11;26,9,39,6,11,10,34,21;34,24,3,37;33,15,20;10,33,32;25,35,5,24,23,22,18,16;35,12,8,3,32;21,35,14
0,37,18,36,32;34,36,39,4,15,26;2,38,9,23,0,14;25;39,18;23,10,37;10,3,6,24,15;15,30;30,24,22,20,11,17;16,13,25;19,27,8
8,22,12,34;9,18,23,2,12,38;31,12;0,39,7,1,8,36,24,17;16,9,8,21,22;12,0,38,13;22,37,5,8,10,16,24,34;37,35,25;36,2;27,33,15,2,39,8;13,4,35,9,19,24;30,8,11
36,37,22,18;10,25,30,15,18,12,16;15,0,1,11;13,15,23;36,28,16,31;13,16,27,20;19,1,4,11,14;17,28,16,27,8,21;5,3,8,24,19,21,2;33,27;27,23,13,25,22,35;6,16,10,1,17,26,21
37,15,22,18,6;3,13,25,8;15,19,16,27;8,33,9,29;20,28;33,38,20,6,14;0,2,24,4,19,27;0,30,37,6;31;17,35,32,19;16,5,20,33;2,13,18,6,37;26,29,19,36,18;36;12,22,18;26,5,2,37,1,15,7,30;38,12,0,23,20,8
16,9,15,14,39,5,27,20;31,20,32,14;30,9
22,25,23;0,1,15,8,22,30,17,21;8,9,25,31,11,23,35;34,17,15,20,6,26,32,27;1,38,0,22,3,13;30;31,22;31,22,5,18,25,11,13,23;5;37,33,11,35,3,21;31,37,17;1,11,28;14,8,5;33,14,36,4,25,28;26,14,18,24,3,21,11,30;14;1,26,31,3,6,2,23,0;23,15,20,21;32,5,20,21,10;27,8,17
24,28,39,33,23,20,32;29,36,21,28,17,0;10,11,17,25,9,6,22;27,3,26,16,5,11,10,37;38,5,27;9,33,23,37;5;20,1;23,3,6;25,31,13,5,27;6,9,20;4,18,39,12,16,37,27,17;11,19,21,33;27,4,22,23,10,33,24,32;13;15,18,37
1,32,10,5,14,3;16,11;28,27,9,20,26,33,8,11;1,7,9;21,18,11;1,24,9,4,26,21;11,27,31;14,7;1,3,26,29,16,38,13,32;15
26,8,5,31,4;14,11,24,5,27,18,31,9;32
24;38;36,18,11,13,27,15,4;25,6,10;19,9,0,4;7,26,29,14,17;23,3,20,16,32;38,3,33;2,34,33,9,31,12,23,35;5;10,11,25,20,30;38,23,0;10,30;28,0,16,1,11,24,18,14;18,35,1,34,26,27,33;18,36,29,31,35,6,3
8,16,24,33,10;24,11,1,15,27;15;29,6,10;8,22,37,26;2,12,7,35;23,28,35,29;15;37,25,22,20,29,18,3;30,13,23,32;31,0,35;38;10,18,29,36,13;7,15,2,14,10,6,25,9;12,20,14,6,32,26,34,25;16,10;15,29,21,36,9,7,20,34;21,29,24;10,31,39,37,28,26;37,15,14,9,18,23,31,11
36,17,28,24,39,38,26,19;32,35;17;28;1,32,29;39,10,16,11,35,22;2;23,21,34,11;11;29,21,19,32,11,26
32,33,2,37,23,19;12,16,37,21,32,28,33;10;13,28,25;5,16,17,7,36,30,0,6;26;21,22;3,33,5;27,10,9,6,21;31,22,3,18;39,23,21,5,28,20,16,9;18,31,16,37,39,10,25;27,31;18,2,22;36,32,1,6,11,26;15,13,9,3;6,12,38,29,23,34,2;12,20,21,29
12,33,20,30,29;30;21,29,8,7,26,23,4;27,29,33,13,16,12,11,5;31,19,28,2,14,3,10;36,34,4,30,29,14;8,37;16;36,2,11;31,18;29;7,25,11,6,27,9,29,14;4,3,18,0,20,15,7,33;38,3,30;26,37,1,19,30,4,35;15,0,19,25,3,32;3,9,36,13,39,8
12,1,0,28,20,8,21;22,28,6;23;17;23,6,3,15,4,35,10,5;36,25,26,11,17,38;1,10;26;2,12,33,21,39;1,9,18,31,3,15;17,6;32,33,37,13,10,18,1;22,28,7,17;2;18,7;10,26,20,30,5;38,27,26,13,30;11,2,20,18,38
37,4,23,19,17,18,0,26;19,29,14,27,33,16,2,26;34,14,1,6,11,39,7;12,29,11;13,18,21,12,36;22,5,23,18,6,38,31;14,35,15;37,14,39,30,5;13;2,9,26,10,23,7,22;37,33;10,34,2,28,6,20,24,3;36,10,6,1,27;24;39,6,35,4;2,32,36,38,39,33
22;7,20,2,25;9,37,20,6,30,1,31,28;17,22,24,3,4,11,5
9,26,37,10,20,2,36;13,27,32,26,20,8;28,35,39,4,11,23;39,24;18;37,22,5;3,21,37,4,13,1,23,2;14,16,8,21,33,20,18,2;22;11;19,22,3,39,36,2,4,12;18,31,27,21,38,10;32,30,17,9,20,6,27,2;35,1,30,31,11,25,5,34;28;17,25,29,8,36,21,31,24;19,13,34;24,12,27,6;1,18;35,24,34,5,18,8
8,13,38;23,18,32,5,19,22;33,39,6;38;32,20,10,21,13,23;31,12;29,21,23;4;30,2,3,20;17,39,5;7,13,39,9,14;3,33,7,8,4,34,15,12;4,32,9,10;39,36,26;19,13,23,16,15,5;29,32,21
28,4,38,8,30,13,2;2,34,30
12,33;11,24,19,20;7,16,5,4,38,28,27;19,28,6,36,17;8,37;35;9,33,14;3,29,36,32;5,34,10,35,25,27,26,36;33,5,23,11,6;12,32,24,8,33,6;29;12,34,9;20;23,18,2,13,16,22,29;11,38,33,15,25;36,0,17,25;21,29,24,28,20,26,6
4,15,3,37,32,19;22,2,6,25,13,5,35;1,5,18,28,38,19,16,20;19,38,23,33,4,8;6,32,12;12,29,21,17,25;10,8,12,9,37,33,20;36;27,1;23,33,16
2,24,35;1,19,28,15,0;23;12,38,13,14,36,9,7
24,38,20,9;9,4,29,25,33,2;20,8;12,20,19
3,15,5,29;30,29,28,10,4,20,12;27,35,16;5,25,13;31,33,35,3;39,3;0,20,3,7,31,26;32,14,24,9,23;15,7,35;32,38,22;29,7;3,39,0;17,20,22,36;38,4,15
6,28,15,17,4
31;6,16,27,7,17,2,38,21;32,30;3,26,17,38;5;10,38,3,2,4,7,0
6,32,16,1,17;5,2,15,39,7,13,8,0;4,21,28,2,26,25,12;16,3,1,13;28,0,3,6,19,36,15;34,6,17,10,8,36;32,37,18;1,27,18,35,12,2,13,36;26,32,25,11;5,25,34;17,39,27,15,8,1,37;0,37,15,23,39;9,36;0,36,16,39;14,10,29;25,21,8,37,15,0,9,5;18,25,22,34;38,0,34,4;15,10,31,14;23
37,36,13;10,25,34,12,20,37;36;39,2;21,20,2;29,18,19,17,23,24;10,33,2,8,22,21,3,37;37,36;29,28,2,30,14;11,27,10,35,30,36,16,24;3,20,8;17,4,7,24,20;10,30;26,13,6,8,37;3,13,29,10,35,36,30,11;5,12,19
21,9,3,1,10,15,39;23;3,8,37,23
2,37,10;10,16,19,20,0,27,24;8,26,2;3,37,18,36,31,5,30;14,15,21,5,6,23;34,17,8,30,24,10,6;3,27,20,23,36,7,6;25,39;22,16,2;30,12,28,33,10,14;1,39,17,22,23,15,26;35,3,9;30,36,29,37,28;30;15;34;4,28,21,22
8,12;3,17,28,24,29;7,34,24,25,35,17,26,2;10,15,26,22,25,19,14;23,3;14,35,21,23,31,33,32;23,16,12,19;30,18,12,22,9
14,0;18,2,8,4,36,32,15,33;2,35;19,34,5,31;0,27,14,36,30,22;22,21,34,7,29,0,24
28,11;29,24,7,36,11,27,0;14,16,7;38,9,20,10,28,15,14,21;16,30,20,28,19,35,6;16,24;4,10,30,21;38,24,10,35,0;23,38,20;8,37,20,38,21,6,36
