1,3,18,22;11,2,8,22,17,4,25,3,19,21;15,16,29,11,10,24,27,25,20,7,6,14,19;26,22,6,18,16,7,10,1,8,11,19,14,28;4,16,21,27,19,23,25,28,26,2,22;3,28,8,21,0,27,22,12,16,29;19,8,28,10,27,26,2,5,1,17,18,7,11,23;8,12,9,23,13,26,2,24,27,15,3,17,29,11,16,4;12,1,11,29,26,16,27,5,9,23,21,20;26,28,1,20,18,27;6,7,1,3,11,9,12,2,25,26,29;4,20,18,9,19,12;12,17,3,20,16,0,25,28,15;2,1,4,5,11,20,21,3,6,23,10,24,19,25;14,27,21,6,17,11,26,23,0;20,16,9,14,4,28,18,6,21;16,28,7
4,21,29,3,0,26,14,13,7,24;4,17,19,13,22,14,18,11,9,15;19,11,29,14;9,24,29,23;17,16,0,8,22,6,15;6;15,8,21,20,28,5,10,0;7,27,16,3,22,10,11,13,15,17,29;22,10,15,1,9,12,16,7,18,26,11,29,28,13,21,20
15,4,28,17,11,29,19,23,18,1,5,2,13,7;16,24,4,25,11,20,8,6,15,10;27,13,19,4,14,9,10,16,18,8,20,22;22,1,6,18,9,2;12,1,7,4;2,17
8,19,0,20,13;6,16,7,17;28,3,19,10,7,12;7;11,19,2,24,21,20,3;16,5,20,14,2,6,25,26,21,11;18,4,29,28,6,1,27,2,5,21,10,14,23,9,11
29,14,8,20,6,22,3,16,13,17,12,26,24,1,2,4;2,0,16;6,13,24,17,18,21,26,23,4,19,14,5,11,28,20,15;17,0,21,10,22,24,28,15,1,29,12,13,8;6,9,4,16,12,23;24,26,17,16,22,3,4,21,11;3,25,12,0,14;20,10,9,22,3,12,18,14,8,29,26,6;4,10,12,29,13,21,0,18,20,26;12,8,0,22,26,16,27,9,20,24,3,19,25,21;6,9,26,21,20,2,24,15;6,17,21,15,11;27,12,21,7,22,9,0,5,29;2,23,21,13,0,6,24,29,19,12,7,16,11,5,4
11,4,2,21,29,6,10,24,13,7,3,15,27,12,9,14
4,7;11,18,19,8,24;2,24,23,28,7,4,22,8;11,12,7,16,19,28,22,14;23,9;10,21,11,7;17,5,22,9,3,13,0,27,19,11,1,12,8,24;5,20,28,13,1,10,16,15,11,7,24,14,4,23,3
29,5,14,26,7,16,21,3,4,23,11,2;7,29,1,9,28,14,4,24;18,26,8,23,14,25,17,10;10,25,13,5,1,26,17,0,18,27,7;18,8,10,20;2,6,19;26,6,16,7,2,1,29,24,10,20,9,17,28,25;26,9,24,27,12,13,11,18,8,6,28,15,1,16,3,10
2,27,21,5,14,22,9,19,11,10,7,25,24,12,1;20,26;5,25,29;10,21,20,6,16,13,15,26,4,5,8,3;26,9,4,15,19,17,3,7,13,14,11,22;29;12,23,17,13,9,21,1;12;19,13,21,9;14,13,2,9,0,18,11,8,25,16,7,26,21
1,4;2,16,11,14,19,17,24,15,12,18,10,1,21,9,8;14,5,10,16,3,25,0;27,4,7,16;11,25,7,19,2,26,18,12,23,20,13,28,21,3,6;16,19,14,0,12,17,5,8,9,11,7,23,10,1,22;23,4;25,22,17,14,13;27,9,10,23,14;16,6,1,20,17,15,29,0,23,21,12,2,18,19;4,27;27,3,25,17,1,11,4,14,9;21,13,23,8,4,20,14,24,27,12,10,9,22,0,3;6,5,13,10,7,25,24,14,9,15,12,3,0,19,8;26,1,16,28,7,8,10,19,4,5,6,24,2,13,3,25;0,26,29,27,4,16;11,13,3,21,8,23,9,1,24,14,26,6,17,16,5
4,25,6,9,7,29,20,26,2,5,18,14,13,27;29,25,10,24,26,20,27,22,9,5,1,19;9,24,23,15,5,22,19,10;24,23,27,4,2,13,6;16,2,29;14,27,5,25,1,3,15,13,23,12,17,20,26,22,10;10,19,9,15,1,22,5,25,4,23,28,16,2,29,8,14;3,15,26,7,19,29,2;15,8;22;10,9,11;28,8,23,10,17,2;3,8,12,20,22,6,24,18,9,11,10,15,0;17
9,17,25,10;26,10;28
4;14,19,9,21,13,24,20,29,17;20,29,19,15,16,8,18,1,22,12,10,26,4,24,25,5;18,8,20,6,19,10;0,21,7,20,8,28,2,25,5,23,22,27,18,6,12;8,18,7;27;19,0,11,26;13,24,2,12,11,8,5,4,15,19,6,1;0,23,12,15,18,9,8,1,16,21;17,11,5,15,1;8,23,9,2,15,4,6,21,26;15,29,22,13,2,16,7;21,16,22,18,10,5,0,17,4
18,12,7,25,10,3,5,29,16,28;27,15,2,18,24,6
23,27,28,9,26,6,13,2,8,20,29,0,19;29,17,10,19,7,14,18,21,12,25,27,20,4,26,28;14,26,8,1,10,25,22,17,18,2;13,0,12,15,14,29,16,24;28,24,1,21,3,9,8,17,27,5;4,10,3,7,11,12;22,8,11;0,3,5,12,14,29,25,11,8,26,6,19,27,17;14,26,28,3,20,13,18,0,10,8,5,6;20,19,8,28;16,17,8;9,21,27,3,11,12,26,24,13,28,4,15,2;19,7,12,14,26,22;3,6,7,12,24,19;9,10,8,5,6,17,16,4,12,22;8,16,20,11,22,2,3,4,19,26,24;8,22,12,15,3,0,21,26,4,9,11,1;20,11
25,14,10,21,29,5,18,22,13,1,15,16,27,0;4,9,5,16,24,26,11,19,6;17,12,1,2,22,3,11,7,29,21,18,13;3,15,28;12,22,17,4,23,7,20,24;10,23,0,14,24,15;9,0,23,26,4,19,10,12,18,6,8,15,11,20;21;7,26,23,17,27,6,20,21,9,28,8,11,29,5;27,4,5,15,29,1,22,12,19;25,11,13,19,20,1,16,21,15,27,10,7;15,21,28;8,27,14,11,0,7,15,13,29,4,2,19;20,28,25,3,21,15;6,14,4,12,23,21,24,28,15,19,11,8
27,22,20,8,4,11,24,12,6,2;5,11,8,13,20;20,5,22,29,23,8,16,4,10,24,21;29,25;19,11,20,0,22,3,6,13,5,23,16,10,14,12,27,24;5,21,20,1,27,18,9,24,0,13,16,17,22;26,7,18,2;10,2,26;12,4,22,0,20,26,13,7;24,8,2,1,13;17,15,1,25,5,22;12,4,10,9,21,2,22,17,13,14,5,24,26,11,0;29,13,23,27,9,10,26,16,12,8,1,25,7,19,18;29,20,22,4,11,7,18,13,26,2,1,15,5,14,17;4,20,7,14,12
17,14,12,29;8,9,19,0,1,4,27;22,28,3,8,2,5,9,6,25,13,10,21;6,14,10,15,22,20,16,0,27,25,3,17,29,12,2;13,23,17,1,5,26,6,18,27;20,25,7,13,6,0,8,1,2,28,23,15,21,18,27,16;16,14,17,5,18,20;5,0,23,11,24,18,17;22,9,2,18,3,0,11,12;9,14,4,23,12,10,16,20,13;16,4,2,18,17;7,5,23,25,21,16,2,24,29,11,17
28,8,2,10,11,5,15,1,4,16,12,27,24,7,19;8,22;6,11,18,7;18,17,24,23,29;23,29,21,16,13,26,4,24,20;16,22,12,6,29,18,1;20,4,15,13,12,1,25,5,17,6,0,22,26,24;23,10,29,1,27,5,0,20,12,22,2,3,11,6,18,8;23,10,17,5,25,1,27,3,15,16,18,19,20;20,13,22,25,10,12,24,26,5,17,7,6,9,11,23;6,26,11,17,14,25,29,13,28,2,19,12
1,29,5,12,20,18,6,28,22,16,17;9,19,26,18,1,14,3,20,2,24,23,15,29,28;21,26,2,28,24,8,22,18,29,16;2,11,5,13,25,4,27,8,6,12;2,24,23,12,22,20,26,17,0,8,18,9
6,29,27,5,20,0,1,24;20,15,19,4,7,26,1,2,27,13,5,21,0,23;16,19,23,15,28,24,25;9,11,8,17,18,12,21,22,0,13,5,19,20;9;26,3,16,5,8,10,28,11,0,13;0,8,19,9,20,14,13,3,25,23,1,5,7,11;29,18,3,16,2,27,1,21,23,0,17,24,26,15;17,22,19,6;17
17,2,16,11,26,10,7,25,23,0,24,19,9,3;25,10,12,18,23,2,22,29
7,19,13,15,14,23,27,24;10,19,28,15,27,12,2;10,20,16;18,25,26,11;5,8,21,2,23,12,29;11,6,0,29,15,7,1;24,13,6,12,1,10,20,19,11,23,29,3,2,15,26,25;23,3,29,5,18,22,1,14,12,19,17;28,4,20,24,16,5,19,13,0,9,18
16;8,10,5,26,28,18,25,19,4;9;23,14,4,26,17,15,2;27,21,4,1,14,19,16,26,0,6,12,17,24,25,5,22;21,26,15,7,0,20,3,19,14,18;11,18,29,8,10;28,12,24,6,13,7,23,0
2,26,23;18,14,2,24,1,8,28,5,15;26,19,0,4;27,18,21,8,9;13,21,17,6,14,0,23;14,11,15,8,18,20,27;11,21,6,28,3,12,9,4,8,26
26,16;15,16,18,24,8;23,0,15,25,11,12,10,17,5,26,18,29;14,27,2,25;1;15,26,16,0;12,13,6,18,1,22,19,8,27,23,25;17,29,9,3,0,26,8,22,15,24;11,6,25,23,28,12,10,21;27,10;22,7,26,6,17,5,18,16,3
4,19,3,14;29,16,2,28,13,5,0,18,10,11,7,12,9;29,6,16;1,10,12,14,22,26,8,24,0,6;2,17;7,17,3,25,16,13,0,1,18,29,24;1,20,27,17,5,7,23;18,16,0,2,17,6,3,21,28,24,15;13,8,14;24,18,28;29,14;10;3,17,24,2,20,4;9,29,5,4,16,27,14;29;17,3
7,0,1,17,20,10,24,16,13,23,22,29,12,2,11,15;23,17,26,2,28,0,22,27,5,29,11,10,8,19;2,10,23,21,13,4,28,0,18;23,7,27,17,6,14,19,29,5,15,0,28;4,16,1,14,29,12,27,6,17,20,5,24,8,2,18,21;20,4,27,21;29,28,23,3,26,17,6,25,16,12,15,7,9,2,20,22;22,3;25,24,8,1,21,12,9,17,13,29,18,0,27,28,6;22,18,10,29,16,0;7,25,4,15;16,0,18,9,26,4,1,21,17,8,19,13,7,6,29,10;16,5,4,17,29,14,2,11
7,8,13,15,1,16,2,5,18,12,26,29,11,10,24,28;16,10,18,23,24,8,13,26,11,21,20,27,28,25,0;6,3,9,14,28,7,0,18;11,16,26,3,12,27,15,2,7,1,17,4,10,21;13,18,16,4,23,5,20,17,22,0,10,21,25;5,20,4,15,11,7,24,18,25,26,17;3,0,7,5,22,26,15,13,16,8,20,27,4;11,1,29,23,8,22,5,26;26,7,1,12,3,19,8,2,22;19;28,15,5,9;0,19,8,9,22,12,20,14,24;25,16,20,3,27,15,8
27,21,1,12,16,13,23,26,7,14,17,25,22,2;11,13,10,12;25,3,11,29,12,4,17,13,5,15,16,10,18;4,25,15,20,8,11,19,14,26;7,28,22,24,21;10,17,19,5;14,26,28,21,2;21,12,26;12,1,29,8,25;21,3,7,6,28,9,23,2,14,29,1,11,20;27,13,15,4,11,26,12,2,6,18,7,0;4,24;16,2,17,24,11,6,12,13;18,16,0,7,5,15;16,19,7,29,15,5,4,14,17,21;12,3,0,8,6;1;26,23,20,0,19,11;7,15,16,27,29,18,10,5,9,13,1;23,16,20,29
6,16,22;0,18,16,13,26,17,6;10,18,12,22,25,3,11,19;2,3,9,0,22,29,1,4,17,7,6,20,21,5;14,7,18,10;26,27,24,10,29,11,5,1,22,9,13,18,21;27,17;2,4,18,10,19,9,25,12;2,12,7,0,26,9;9,18;1,20,18,6,7,14,29,24,4;7,29,26,28,8,12,20,15,17,4,18,11;24,18,21,9,27,20,4,5,22,8,14,0,3,2;0,11,20,26,28,7,6,10,9,27,29,23,8,4,18,21;28,29,5,15,11,18,17,12,3;13,18,28,26,22,16,17,6,5;4,25,14,24,19,18,20,5,13,23,26,17,27,12,6;16,19
9,22,13,3,28;6,27,18,22;1,21,3,20,8,19,23,7,2,5,14,18,4,15;14,23,0,13,12,18,21,8;5,7;11,18,13;24,3,17,20,9,4,10,1,5,15,6,25,11,19,12,13;17,28,4,22,18,23,3,10,5,1,21;24,12,21,15,23,1,7,10,20,28
28,9,4,0,26,23,19,16,22,18,24,2,5,15;18,14,4,11,28,12,1,21,2,7,15,22,20;17,26,27,14,28,16;13,8,25,4,3;9,29,16,15,21,25,2,12,0;23,27,3,13,6,4,25,11,26,15,19;1,5,23,14,12,6,9,8,28,11,22,20,4,17,26;2,28,1,23,19,22,3,6,14,16,20,26;17,4;20,16;4,10,26,25,17,29,13;6,8;21,10,18,15,12,8,26;15,9,23,28,25,10,22,12,3,2,21,18,24,8,26;7,1,28,17,3,13;10,19,6,18,16,21,13,22,26,29;28,25;5,8,4,14,9
22,0,4,29,7,17,8,18,5,12,2,27,21,13,26
19,0;19,10,15,8,12,22,6;24,17,4,9;4,25,19,16,23,26,15,17,2,6,8,5,29;10,11,26,13,14,17,8,22,21,25,18;6,18,11;15,28,6,0,20,14;13,27,6,24,19,20,21,25,16,8,3,4
20,12,8,23,27,4,15,6,9,2;15,7,29,16,10,0,4,20,21,2
25,5,26;15,27,19,28,1,23,8,3,22,20,9,24;5,10,4,9,7,13,16,29,17,22,11,1;14,7,2,0,1,16,22,28,20,15,9,26,19,21;21,1,15,14;17;16,19,5,28,3,29,12,13,0,21,4,25,14,2;6,8,5,15,7,10,19,13,4,26,20,14,24,22,16;21,15,10,24,25,26,22,7,19,2,3,1,5,4;13,11,16,29;24,0,29;28,14;18,8,15,17;3,9,11,23,25,16,1,0,7,6,17,18,15;9,28,26,25,0,4,18,15,22,27,7,21;13,23,7,9,6,15,29,25,19,2,18,1;29,22,18,5,12,21;23;1,28,8,5,25,27,23;9,8,26,22,13,14,6,10,19,16
11,4,6,27,9,0;21,25,4,11,9,0,29,14,28,27,10,1,5;4,3,21,16,28,25,0;25,2,24,17,15,1,28,23,22,13,20,8,14;8,24,20,25,26,19,27,11,13,14,12,29,16,18;15,23,13,19,2,18,6;27,14,15,21,17,3,8;3,4,23,8,26,28,0,22,24,14,11,1,12;7,20;26,2,16,1,8,14,22,29,11,9,6;10,12,1,4,18,27,11,3,14,25,15;18,9,19,11,13,12,24,29,1;18,19,14,16,23,8,27,24,11,13,21,15,25,10;8,28,18,21,27,25,20,2,3,22,17;11,29,14,17,9,26,6,3,0,4,18,19;23,15,10,1,13;19,1,23,21,0,17,18,22,16,28,3;29,17,24,2,10,6,4,0,11,22;6,28,10,19,12,9,18,26,15,21,1,29,11,2;23
12,7,1
28,20,21,5,14,24,13,23,26,16,9,10,1;8,21,29,15,1,10,9;9,27,21,29,23;27,7,2,21,3,15,28,18,5,16,4,22,0,26;6,18,11,28,4,29;18;24,16,17,9,7;12,24,28,6;11,6,25,9;21,3,29,25,17,1;16,21,27,10,5,17,8,15;12,20,7,11,21,16,23,3,14;29;1,9,11,20,13;16,27,14,2,1,24,23,11,18,6,29,4,3,5;7,13;6,24,4,1,10,0,2;19,23,26,22,25
1,16,6,9,19,2,20,21,26,10,17,13,5;24,8,9,15,5,7,2,28;8,13,14,22,23,11,28,6,15,5;14,6,24,8,7,11;18,11,19,1,12,0,3,16,7;27,9,29,20,16,8,21,7,4;3,15;20,24,14,4,16,15,3,27,21,11,1,13,18;26,23,29,22,21,8,25,9,15,4,24,13,17,18,28,12;10,18,22,7,9,20,24,13,0,1,16,8,14,23,28,5;18,10,8,24,2,15,17;11,3,0,22;5,9,13;29,26,2,4,15;0,28,27,12,23,9,14,1,3,11;9,11,4,7,5,18,26,23,8,21,16,22
13,11,21,6,12,27,28,22,10;27,22,24,26;5,15,2,16;24,3,11,26,19,20,16,29,18,1,10,22;24,4,10,0,29,15,28,16,11,2,12,21,5;2,28,1,22,0,21,7,9,4,29
22;27,3,4,5,21,17;20;11,9,0,25,23,15,22,5,20,18,6,7,29,16,19;25,17,3,4,2,23,28,29,0,26,18,19;21;20,23,25,27,17,29,28,0,16,5,14,18,11;2,20,25,15,10,14,11,26,17,22,7,8,5,12,29,24;10,26,24,0,2,28,6,22,18,8,9,4,17,3,12;10,3,24,19,8,20,1,12,29,26,14;20,15,0,23,14,8,7,25,19,3,27,22,29,5,6
16,2,5,12,6,27,28,22,24,19,25;11,13,12,14,7,9,22,27,21,2,24,1,18,25,10,5;10,23,2;1,9,25,3,16,6,17,24,14,28,5,4,20,21;19,6,2,20,16
8,22;10,27,6,29,22,20,16,15,13,8;22;20,10;25,29,24,1,16,6,11,27,5,23;7,20,28,8,3;7,12,15,28,18,26,8,1,22,0;12,20,16,21,24,8,2,28,23,22,1,10;22,24,5,7,4,13,6,0,9,17,20,2,26;1,17,20,10,9,23,15,27,11,25,3,13,0;23,6,26;22,29,4,14,27,25,6,10,8,2,28;13,22,9,23,28,29,25,16;14,2,26,20,15,17,19,0,18,13;23,20,21,9,2,13,7,3,24,25;13,29,11,0,21,10,15,14,24,12;14,8,16,17,18,11,21,12,22,28,19,20,13,5;0,18,8,23,2,3,10,7,16,20,25,11,19;10,7,3,2,6
28,14,6,24;17,1,21,9,12,19,10,28,27,22;3,23,7,11,6,10,15,22,28,25,8;21,13,22,14,18,23,17;15,6,16,17,22,27,24,25,21,13,7,2,26,20;17,27,13,29,21,28,10,4,11,9,7,8,16;4,8,22,27,11,6,17,28,18,19,23,1,10,14;24,4,13,10,21,29,8,14,9,19,28;24,21,7,20,4,10,25,14;27,4,10,21;22,26,13,2,21,23,11,3,12,29,8,6,24,16,14;20,7,14,16,12,26,13,19,15,24,1,25,21,6,8,18;1,14,8,11,18;3,15,27,28,22,23,29,11;16,2,24,1,7,5,25,28,9
24,25,20,7,1,29,14,10;13,11,28,17,16,4,2,23,5,3,14,20;10,26,21,29,17;29,27,4,21,14,12,5,8,6,17,0;11,2,13,16;15,10,14,19,9,28,5,20,3,16,2,29;2,7,28,26,16,21,24;29,7,25,5,14,23;23,7,8,9,17,22,15,4,27;26,4,22,13,14,17,0,16,10,19;11,23,17,21,18,27,20,7,29,26,0,28;8,5,6,23,3,10,2,29,21,1;15,7,2,1,4,16,19;23,24,3,1,11,7,10,16,22,13,28,26,21,4,8
17,10,22,12,9;3,23,22;1,20,17,19,18,13,3,26,12,5,7;25,23,15,3;7,16,0,1,23,4,19,29,17;14,23,8,10,28,2,26,21,11,25,3,17,1,0,15;14,6,22,8,9,5,2,4,13,11,15,7,3,12,19,25;29,7,4,28;27,24,14,25,9,23,13,29,12,8,20,4,2,3,0;20,0,11;24,13,27,0;23,7,2,16,3,22,4,17,25,9;12,16,19,20,21,3,13,24,10,14,29,6,5,23;10,15,0,23,7,9;14,12,11,7,10,23,15,28,2,9,22,21,19,8,26,1;17,5,15,21;13,15,9,28,25,24,4,19,26,10,17,23;14,8,11,22,18,12;9;28,29
12,13,15,5;12,23,15,1,0,24,6,5,25;1,19,12,13,20,15,6,28;0,22,9,6,27;4,5;20,7,22,6,26,23,12,10,16,21,4,18,15;28,2,7,5,18,23,17,24,8,4;20,4,18,9,7,5,17,14,26,27;18,14,6,0,8,12,16,23,27,25,3,21,15,4,17;25,13,16,24,9;12,28,8,16,11,4,1,18,24,27,7,3;29,17,14,7;9,6,25,7,26,14,28,19,11,15,2,18,4,20,1,10
25,8,22,9,24;24,8,3,2,12,13,5,6,11,20,29,0,22;28;7,27,3,0,25,15,29,9,20;24,23,5,1,11,0,9,15,27;0,18;10,1,8,3,22,4,6,16,11,26,0,15,19,20;23,18,10,29,0,1,14,25,7,27,21,9,26,5
