21,20,6,0,1;22,29,49,38,11;39;57,24,21,14;47,17,56,9,11,12;11;24,9,28,29;22,5,19,31,47,16,55,42;23,32,13,34,37,39,22;41,12,33,6,18,56,42;28,33,4,39,26,27;7;10,15,49,6;23,13,27,24,15,10,22;42,46,54,38,44,39,41,23;14
59,18,0,23,45,3;23;28,8;2,20;19,11,24,23,51,39,56,34;24,46,13,27,20,8,16;3,23,8,56,18;2,24,14;40,38;22,28,46,47,18,27;17,21,52,12,50,51,7,56;8,52,18,57;41,58,40,19,22,50;45,6,29;52,34,36,39,12;4,44,26;6,21,23,2,49,51;43;43,16,38,22,9;48,10,34,39,59,56
58,12;0,55,20,44,13,46,49;3,0,10,22;35,53,40,28,48,17,44;49,32,36,5,1,29,14;49,17,5,0,53,55,13,52;53,39,29,44,19,31,36,34
13,49;18,3,19;17;26,10,52;37,44;37,25,9,32;8;18;25,8,37,47,35,27,59,32;36,31,48,20,19;55,42,19,10,14;39,31,10,59,36,21,14,50;40,9;19;7,38,35,44,46;57,39,42,46,3;15,57,32,19,35,44;41,37;51,10,53,5,49
12,23;26;2,39;5,10,29;21,45,3,5,41;39,52,14,19,25;51,6,23,47;30;56,38,14,46,41
6;54,7,39,30,50,35;9,59;35,42,13,33,32,9;44,42,43,15,5,1,10
51,25,30,22,27;24,4,29,58,12,52,39,55;19,0,16;2,45,6,18;15,27,52,23,7,49,10;57,29,35,28,37;13,56,33,55,26;59,4,28,18;31,30,32,20
38,55,7,39,5,14,0,6;24,50,25;31,48,55,38,16,11,42,49;26,51;2,27,24,15,46;58;19,49,9,29,5,33,58,55;19,44,15,9,21;48,36,43,50,59,6,15;20,7;41,46;29,24,30,7,13;21,13,22,37,1;24,28,7,40,21,52;32,47,3,28,5;17,45,4,22;49,51,43,34,1,39;16,2
50,40,23,33;41,12,38,56;5,3;15,14,30,5;24,47,23,39;27,48,39,16,37,53;20;38,19,36,21,57,8,51;35,0,23,1,32,54,59,31;46,44,15,50,37,48;33,3,21,25,5,45;56,36,31,59,27,5;56,11,38,52,50;13,20,14,6;6,32,38,15,42,5,1,3;39,51;55
48,22,54;58,56,30,17,48,33;59,20,52,0,53,41,30;35,27,54,59,29,37,5,43;16,58,48,13,41,49,51;0,57,52,10,15;16,54,17,6,53,36,15,1;40,29;35,44,19,15,36,14;44,50,12,25,15,39,3;7,17,36;26,46;48;45,14;0,35,43,4,50;45,39,47,34,35;33,0,17,2;46,3
2,11,4;12,50,20
5,14,56,28,13,33;43,47;23,39;48,3;41;3,33,57,10,56,6;37,3,36;56,43;22,35,3,0,5,32,47;3,28,17,42,46,6;4,13,14,56,23,34,24;37,18,51,4;49,39,15;55
38,45;47,57,31
15,16,43,8,25,27,10,19;15,34,59,24;17,44,59,40;31,52;2,38,35,7,17,23,55,40;11,3,19;27,30,58,23,33,55;39
49,46,9,2,13,1;7,42,57,16,44,4;27,4,58;33,16,40,10,52,47,28,54
30,34,54,23;25,19,13;57,50,2,41,52,10;41,58;27,55,56,19;52,19,33,32,0;2,7,13,30;7,13,10,3,31,21;16,36,30,38,40,17,29,24;56,23,1;4,11;33,7;9,21,13,27,0,22,25,23;14,7,44,20;25,10,43,11;34;39,16,53,57,47,48
41;22,55,1,17;50,52,17,54;50;50,35,25,19;39,23,17,0,20,13,12
7,4,55,29;6,10,55,0,2;32,12,1;35,14,26,29,15
3,30,46,45,53,7,54;27,28;41,59,2,48,27,50;34,36,22,54,40,59,53;42,5;56,40;1,5,0,17,37,43,54;0,35,54,18,30,23;9,28,53
1;2,38,18;56,3,48,1,35,53,20,5;13,35,17,57,8,25;23,1,57;51,3;57,6,55,36,12;54,3,58,53,14;5,23,12,26,56,15,34;1,43,11,6,39,17,20,29;10;50,53,37,40;42,14,40,58,41,44,4,36;39,43,29,33,26;35,39,30,21,0,53,1
22,57,59,17,30;12,38,0;4,58,30,54,42,3,0;42,54;9,45,58,32,20;38,18;17,34,57,8,25,48,12,7;38,47,13
56;8,43,4;15;42,18,41,15,59,34;3,26,19,37,10,28,29;34,35,16;2,11,3,52,45,47;50,57,17,32,33,19;24,45,59;46,36,56,42,54,41,55
27,36,55,56,44,41
45,37,44,24,39,10,54,46;54;14,43,44,24,23,49,46,45;8,59;48,35,43,36,28,56,7;40;16,44,57,19,34,29,0,13
19;42,23,27;12,20,6,11,13,46,26;13,44,42;50,55,53,23,40,14,37;35,37,33;36,5,39,21;27,57;4,17,10,30,19,11,12,8
37,16,11,1,15;15,49,36,8,13,14,34;5;20,5,4,26,27,24,55;58,31
6,51,17;34,50,56,28;15,24,31,16,53,5,50;56,33,10,41,31,43
10;29,22,44,24;2;24,16;37;49,39,26,31;53;39,54,6;41,17;9,10,3,4,7,22,35;55;49;34,23,8,16,41,15;56,52,48,13,18,27
7,5,34,38,49,29,9,12;42,12;2;47;19;31,38,14;21,8,54,57,56,14,6,51;10,46,49,59,8,16,39;53,0,14,32;44,48,51,2,11,4;32,34,37,39;18,45;10,37,38,9,21,55
22,17,20,7,23;31,55,43,8,47;3,2;18,7;46,26;47,38,51;22,3;48,33,25,27,38;45;6,39;45,16,58,6,5,31,19,57;48,37,46,17,4;59,8,52,44,54,36,28,17;12,53,44,52;42,55,13,43,32,9,59,1;56,53,26
35,37,38;45,19,24,33,37,31,13;23,57,39,15,47;33,7,23,38;33,12,48,17;5,38;31,37,10;55,53,49,57,38,45;43,55;30,34,42,37,9;22;43,26,31;20,53,10,12,49,58,17,26;3,30
14,9;22,8,41,34,27;2,29,13,11,32,34;20,58;19,31,52,12,42,38,50;52,21;28,4,26,22,15,7,1;50,33,37,39;24,19,54;24,4,22;19,4,16,9;33,18,5,36,13,51,42;42,23;49,55,27,13,52;33,47,14;32,25,18,31,59
2,0,48,25,58;57,1;20,42,17,40,19,4,54,0;1;13,12,36,46,6;7,57;19,24,5,46,34,27;6,48,7,37,23,11,43,42;48,21,12,32,2;32,48,39,33;54;2,45;6,55,29,52,24,20,51;13,3,0,14,57,51;25,0
16;9,36,10,25,55,50,2,4;36,58,19,0,57,25;58
20,26,3;59,28,42,49,48
50,44;21,48;2,53,4,39,56,46,28,10;8,25,55,21,11,33,38;28,23,51,40,56,38,22;44,26,37,27,5;33,40,59,38,10;0,34,29,35,5,18,49,52;11,46;23,45,18,12,32,42;9,40;9,10,37,32,35,39;43,56,51,50;33,35,51,48,55;32,16,55,24,13,1;44,34;2,58,42,32,27,33,39;34,29,13,28,3;50,8,57,49;30,36,6,28,12,45
2,18,39,15;43,13,25,53,27;59;49,40;49,38,56;37,9,49,53,45,30,14;16,20,57
10,23,7,40,46,31,25;30,43;2,27;58,17;34,49,23,36;47,21,30,51;7,38,21,5;9,2,33,29,59,30,31,17;22,43,54,0,33,30;28,1,36,42,56,20;29,8,52,27,53,1,18;43,6,56,18,29
37,57,16;8,9,4;4,56;21,50,43,24;41,58,9,39,28;31,47,51,46
5,56,55,3,43;18,40,45;47,3,41,14,15,31;55,41,15,51,16;37,1;18,58,6,52,17,26;1,9,27,37;55,44,10;58,39,12,29,11,44,18;23,11,28,9;34;29,3;48,21,34,5,8,55,35;25,21,31,56,12;40,22;8,54,57,25,46,15,35;1,29,7,16,32,25,27,34;3,5;38,22,23,5,14,42
42,10,52,38
9,26
33,35,56,6,30,46,19,27;38,19,33,54,41,15,58,20;25;3,18,27,20;0,1,19,16,23,14,33;21,50,1,22,17;15,30,9;37,13,16,52,49,2,9;31,59,51,47,52;45,56,42,39;17,51;2,30,51,14,32,44,15,29;20,14,51,7,30,17;34,47;10,13,46,0,40;19,52,7,8,13;55,7,1,13,12,23;6,30,11,16,28,23,20,43
20,8,24,59,31,19,11;57,53,35,40,4,58;15,42,8,45,57
48,37,55,53,19,10;21,19,1,36,43,11;8,45;53,34,9,1,43,49,0,15;21,59,23,15,36,37,52,38;1,44,29,0,31,54;11,13,41,14,2,58;40,46,34;34,57,49;20,47,2,33,17,37;34,36,18,35,20,45,59;35,57,28,54;27,16,23,51,36,19,13,59
44,18,9,19,24,31,3,13;21,0,43,47,28,18,52;0,5,48,12,51,37,2;11,51;23;40,19,50;16,12,24,25;48,33,9,40;49,36,22,14,12;42,13,46,29,50,15;36,3,27,1,6,30;20,34,5,54;40;8,46;27,42,41,52,43,6,12;36,42,41,31,13,4,26,35;35,42;18,7,28;34
43,47,52,5,13,1,51;16,42
23,5,31,11,0,40,13;33,12,13,42,47;38,35,0,19,26;7,28,19,33;38,48,58,25,34,12,39;18,50,14,51,56,37
40,16,7,18,46,23,51;20,59,27,55,48,58,29,32;36,58,39,1,56,15,34;48,37,52,17,24;44,41;23;30,59,4,44,17,51,53;32,53,43,5,7,12,50,41;36,55;44,30,24,27,52,9,25,59;55,40;41;4,18,35;4,46,44;18,31,14,2,25,33,38;34;6,17,19,8
4,33,0,30,49,29,18;53,34,5;17;51,22,47,5
