18,17,27,21,15,0;20,7,25,3,10,12,24
28,29,5,11,7,6,27,25;3
21;15,0,9;5,0,7,25;5,3,16,0;17;10,29,22,17;25,16,9,2,5,17;28,27;21,10,23
5,21;11,5;19;11,13,5,28;18,6,24,3,19,29,11;15,12,22,0,25,5,20;6,27,8,7,9,19;27,23,20,13,3,26,21;0,26;4,8,28,16,11,15,13,1;14;24;7,2,3;14,11,17,6,18;27,20,2,4;11,27,5,19,24,1,22;18,5,0,7,10,2,27,21;19;28,20,0,5,7;13,6,28,24,29
0,13,27,25,5,11;6,14,18,29;19,23,6,17,9;11,19,17,21,29,6,28,14;28,9,13,2,23;0,24;1,19;20,28,22,6,4,5;6,9,25,21,1;26,20,21,16,4,0
15,27,6,14,16;26,15,5,24,9;27;12,17,2,22,1
12,16,21,18,2,27,29;23,20;27,3,18,20;28,5,24,14,19,29,0
9,29,24,20,26,16,13,14;11,15;7,4,9,21
7,25,22,3,18
15,8,9;21,0,10,23,20,1;4,28,24,16,9,12,11,17;0,1,21,5,25,14,23,26;22,23,9;14,16,20,5,3;7,12,3,4
28,25,23,16,20,24;11,20,12;14,17,19;29,26,11,27;14,7,20;9
6,19,5,0,12,15,9,10;8,17,3,16,2,18;17,25,18,15;19,2,23,18,9,7,17,12;17,8,2,3;16,6,18,3,25,0,10,26;2,9;4,23,1,22,26;5,11,26;2,23,10,17,0,7,26;15,25,6;9;27,7,20;25,23,12,0;18,27,28,6,21,16,17;18,10,11,22;1,10,2,4,16,14,27;15,5,24,17;25,22,2
21,4,3,27,23;23,6,0;10,14,16,6,4;26,5,13;20,2,28,16,0,8,24,27;15,25;22;9,10,28,12,25,26;27,0,23;11,16,28,24,2,22,21,5;4,6,11,16,23,22
3,21,23,4,26,24,22;21,18,2,17,29;22,10,19,25,14,6,24
15,4,16,19,21,29,20;8,14,22,23,7,0;6,15,23,16,29,21,9,0;25,15,14,4,0,29,28;26,4;11;12,28,6,0;10,26,7,6;14,29,1,25,11;8,27,3,28,9,23,26,20;23,7,12,10,15,5,9
14,0,16,19,4,6,17;5,29,4,7;8,14,16,1,29,7;26,9,13;15;1,3,21,24,20,25,15,22;19,21,10,0,28;23,10,29,0,8;12,8,23,22,25,16
20,25,29,7,17,9,22;18,3,24,9,23;6,29,15,1,21,28,24;3,9,4,0,26,21;15,20,27,21;25,21,17,1,8,11,22;29,17,6,12,28,20,3;7,18,10,13,20,27,8;24,18;27,20,6,3,26;5,21,9,13,2,16;7;2,22,14
8,22,26,12;5,27,26,4,10,28,9;23,12,5,25,2,11,6;16,9,13,18,10,24,8,20;6,21,4,5;13,6,25,12;13;7,5,0;5,4,13,19,2,14,16,8;2,15,12,22,8,0,17,9;13;23,8,14,2,20,22,26;7,11;4,29,27,0;10,0,26,1,6,23,9,15
6,22,3,17,7,11;9,10,14;25,5,26,0,24,27,22,20;23,11,1;29,7,9,17,10,19;21,9,20;13,24,21,26;3;23,14,15,20,27;19,4,9,5,6,13,22,3;17,5,2,25,10,18;8,22,1,10,23,27,14,4;19,6,11;13,25,20,28,26,2,16;17,12,9,24,23,6,16,22
29,0,12,11,5,14;9,27,23,21,7,1,18,13;3,20,1,5,8,25,17;14,17,19,21,23,24;4,16;13,26,19,24,5,11;28,6,13,15,0,23,25;10,2,7,18,11,28,23;11,5,1,9;14,13,19,22;29,0;6,25,4,20,16;14,0;14,6,12,2,16,29
22,28;13,1,26,21,23,2,7,25;29,3,4,15,18;10,27,11,28,9,22,1;21,6,26,17,18,2;0,25,23,17;7,27,17;26,29,15,3,12,14;5,29,19;27,14;5,14,6,18;5;17,26
9,20,29,14,21,11,0,1;29;18,5
2;7,9,16,4,12,14;3,16,6,27,7;13,14;17,23,7,29,14,8,3;5,25,14,28;19,21,18;20,2,15,0;10,19,13,26,21,17,20,7;29,16,12;13,21,11,29;6,23,8,4;0,5,25;16,14,22;21,15,27,1,8,17,14,2;16;0,29,15,19,3
12,25,0,4,1,3;27,7,23,6,20,15,16;10,15,11,14,24,13,17,16;27,22,15,0,24,25,9,20
24;8,0,4,2,7,6,27,12;26,22,3,5;10,2,25;11,9,17,14,16,13,6;13,2,9,4,25;4,9,24,2,23,18,16,25;25,14,16,7,0;6,12,3,13,27;11,5,17,15,27
29,7,20,26,5;2,9,15,6,14,1,27,12;23,17;21,18,24,4,7,19;25,2,26,9;29,14,19;3,28,17,11,13;25,27,18,3;4,5,3,9,13,12;18,2,14,8,6,12,29;24,20,4,23,12,9;9,18;15
8,28;17,19,23,10;16,4,21;12,15,5,29,1,10,2,7;9,18,10;8;14,4,18,28,15,6;7;11,25,12,15,14;11,10,2,9;0,29,27,15;19
20,27;28,12,27,13,29,20;0;19,7,0,27,12,22,29;27,28,5,12,21,15,20,23;8,26,22,29;18,12,16,5,2,19;18,4,25,14,13,8,5
13,0,26,29,22,2;25,0;9,11;26,4,23,17,24,15;6,4,16;11,0,10,25,8,13,27,12;2,13,0,10,5,7,20,27;25,7,24,16;4,12,9,2,18,8,25,1;13,28,8,1;28,9,21,14,5,1,22,6;28,7,23,26,29,18,10,24;4,16;21,24,10;23,15,16,6,8,24,10,22;12,25,10,0;3,13,11,5,25,1
25,2;17,1,26,16,6;8,19,13;22,18;23,12,26,16,1,13,14;3,16,11,19,5,14,21,9;22
23;1,15;26;24,22,29,5,16;4;16,27,0,17,26,14;8,13,29,28;27,2,7,13;8;28,27,4,29;21,23,19,25;25,29,1,0,7;23
4
2,29,4;19,20,4,14,28;7,26;0;20,17,11,6,5,14;6,27,24,26;21,24,5,1;15,6,8,17,19;22,28,25,21,20,8;15,26,19,16,9,2,3,17;18;17,9;23,4,9,10,25;22,13,21,16,24,19,27,9;12,17;7,12;28,29,25;3,29,19,15,12;5
5,20,29,9,12;2,24,17,25,6,5;17,9,19,27,6,25,11;12,8,6;24,10,17,23,12,26,29;6,22,20,25,19,12;3,1,16,23;28,11,5;25,19,18,12,20,21,11;17,24,7,11,5,20;19,25,27,2;14,0,11,17,21,22
26,28,6,23,1;6,12;16,26,6,21,13,19;22,18,11,14;3,13,4,9,18,20,1;28,23,10,9,29,4,2;20,21,7,3,24,8,26;18,25,12,0,21,6,7;8,25,13;3,22,29;17,20,12,19;19,26,9,20,8,14,5,24;14,11,5,1,13,19,9;5,22,14,19,24,20,21;14,7,3;29,16,3,5,10,28,14;1,23,8,10,0,27,13;8,6,15,16;6,22,27;24,27
23,0,17
17,26,22,19;9,22,5,7;17,5,8,27;21;7,24,9,8,11,28,5
15,25,24,1,13,21,11,14;4,10;6,21,9,26,22,19,17;1,21,15
23,24,27;16,27,6,19,14,5;8,13,17,3,22,23,1;20,1;25,22,17,2,11,29,7,16;0,27;13,21,3,22,4,12;17;11,20,22;9,11,27,20,4,5;3,28,16,9,7,4,0;10,18,3,1,20,21;3,16,23,11,12,26,15,1;12,7,25,22;14,0,26,1;25,8
27,19,28;14,22,4,7,1;14,5,21,12,4,0,9;8,6,15,26;13;3,11,9;21,25,24,13,3,20,9;6,8,28,25;12,1
