10,13,29,20,0,9,14;2,5,27,4,3,14;20,3,6;7,29,4,27,24;18,27,13,15,8,19,20,29;6,23;27,21,6,17,3;23,10,24,17,3,21,15;14,8,16;11,16,4,24,19,2,18;10,17;22;1,5,7,14;17,24,10;23,10,15,4,25,7;29,25,20,5,18,21
22,2,17;23,2,6,20,29,24,27,4;19,16,28;27;3;20,23,10,2,28;12;4;8,25,22,12,20
25,0,16,8,7;25,14,23,26,19;5,9,16,26,0,27,22;3,4,0,10,21;12;20,0;5,25,22,12,26,20,3;2,14;19,10,3,16,25,4,1;16,3,13
2;4;23,18,3;13,9,29,2,27,0,14;0,29,12;10,2
23,12,2,6,1;25,17,18,12,28
22,20,15,13,9,14;13,5,18;26,0,10;9,21,11,17,1,6;4,18,3;29,27,28,10;16,17,6,7,5,26,12;0,16;13,17
9,0,15
1,21;19,28,7,16,3,23;0
24,15,3,18,25,16;27,8,14;14,22,12,27,7,29
2,1,8,27,26,21,16,12;17,9,2,19;6,17,26,25,27,22;18,29,20,23,16,6,28;16,21,0,27,7,13,28,20;27,15,25,24,17,14,16,5;18,14,19,20,26,10;10,22,9,26,19,17,29;0,9;3,29,13
8,16,13,24,21,29;18,14,7,10,11;7,25,16
21,22,15;2,20,17,13,21;17,8,12,11,24,9;2,6,1,17,28,9;24;8,0,3;11,1,13;4,14,11,17;5,25,21;27,5,10,12,26,13;12,0,26;28,6,9,27;14,9,3;6,11,15,22,20,8,9,28;25,29,6;12;13,5,19,3,28,12,10
18,25,6,17,11,27,12,28;12,8,14;22,14,4,8,18,1;15,7,18,12,16,2;0;25,19,23,9;26,13,4,25,21;9,15,5,13,29,22,20;10,0,23,9,19,3,12,25
23,2,3,8;4,0,14,27,6,19,29;13,22,15,12,10,23,1;22,11,29,5;12,11,0,18;3,14,17,27,21,26,10,24;23,25,16;15,16,2,4;14,16;6,26,9,2,19,18,21;8,0;22,17,24,12,7,29,19,5;3,26,13,28
10;17,14,11,19,25,26;11;17,15,10,13,18,3,23;27,21,12,20;28;2,3,4,15;9,12,26,8;18;1,25,27,5,24,29,13,7;29,2,27,20,1,4;26,9,20;18,10,4,12;20,22,0,15,8,26,25,24;12,24,18,2,14,22,5,11;7,15,14,11,6,28;25,0,11,22;27,18;8,7,13,3;17,29,20,11,28,14,2
3,25,21,28,6,0,24;2,19,4,24,28,26;21,20,24;6,22;11,14,7;24,15,7,25,10,11,13,12;6;1;2,7,3,6,18,21;24,28,22;3,15,24,1,9;24,9,3,17,26;21,8,1;8,11,16,20,17,3,1;16,14,4,21,18,8;8,14,4,17,23,28,9,6;11,17;3;3,29,24,10,25,5,27,21
13,26;0,24,23,28,4,20;15,4,20,25,19,21,17;4,1;21,9,24,16,7,1,4,8;4,19,26,18,10,9,14;13,0,15,18;0,7,29,25,21,13,27,18;23,16,21;9,14,17,18;25,6,16,9,3;1,14,28,9,4
14,23,26,22,19,9,0;2,13,15,25,26;14,17,21,25;10,15,11;28,11,0,15,14,29;7,23,3,8;11,15;7,1,14,19;1,3;22;14,8,24
2,8,9,7;23,3,9,1,24,13
25,3,1,22,17,20,12;29;9,4,15,19,14,8,26;2,20,29,27,21,10,5,1;28,8,9,22,13,10,18;7,18,15,10;21;21,8;0,28,8;9;28,4,10,25,7,15,18;4,18,29,28,3,27,26,24;26,16,18;13,11;10,21,5,13;20,17,4,6,2;20,8,12,1,28,6,27,9;3;14,5,4
28;1,27,9,19,16,23;27,15,1,4;10;4,24,2,23,21;10,17,25,4;6,1,26;15,11,0,29,19
12,28,3,17,7,9,11;4,10,7,2,20;16,22,14,0;19,22,29,9;20,1,15,25,27;0,16,12,1,3,29,14,11;25,7,12
3,14,19;24,21,9,18,27,0,20,16;23;5,14,12,13,1,29,28;21,24,0,22,15,6;8,4,25,17,12;9,7,16,20,6,15,27,24
15,13,18,10,29;11,19,17,28,4,5,21,20;6,27,17,22,14;6,5,12,9,14,0,23,18;6,27;9,11;2,12,19,27,29,1,22;19,14;18,20,7,24,8,1,15;7,9,14,3,17,23,11,20;5,13,24,26,29,16;17,19,29,28,3,18,16;13,25,15,28,29,24,5;19;21,8,11,26,1;23,0,28,3,15,12,27,18;23,7,1,9,16;17,1,10,19,25,14;25,29,26,6
17,7,11;9,18;1,7,15,11,22,25;22;9,26,25,13,11;5,0,23,17;28,21,12,29,4,11;29,17,22,9;18,0,17,8,29,11,10;19,26,14,12,24,5,15;5,0,12,21,7,18,13;2,9,27,7,25
10,16,3,25,29,13,6;22,8,17,28,26,18,0,19;2,28,14;20,19;2,16,28,6,18,22;14,23,22,10,13,6,1;21;13,0;22,26,16,3,6,20,0;2,21,13,18,22;18,8,19,1,2,24,5,11;20,12,7,16,14;3,20,14,7,18,12;18,9,8,7;13,19,0,29,4,27,20
19,22;5,23,27,1,0,7,25;10,19,6,21;1,11,12,17,24,6,0,22;20,13,4;12,9,13,28,26,4,1;25,1,12,7;8,9,17,5,15,0,18;29,9,12,23;10
27,10,2;23,6,8,13,3,27,1,28;7,21;3,18,26,11;23,10,22,3,21,17,29;1,8,16,21,10;12,2,0,14,21;4,3;5,24,1,4;18,1,8;21,22,14,12,17,5
13,9,5,25,28;28,21,26,14,18,13;1,16,23,5;8,24,14,3,19,26;27;12,26,1,4,15;21,17,27,23;23,1,21,9;26,5,16,2,28,27;27;6,4,28;9,14,21,1;20,23,15,9,18,17;12;9;21,2,22,3,12;3,26;19,8,13,14,7,5,12;23,28,13
0,19,18;14,28,2,20,19;19,22,26;22
2,11,25,26,3,20;19,0,3,5,28,7;13,29,18,20,24,4,21;23,7,0,10,14;11,29,25,21,17,18,23,0;7,0,19,11,13,12;7,3,25,23,29,22,9,20;27,26;19,15,22,28;20;1,2,21;20,22,25
6,25,10,24,20,28,5,26;7;9,12,20,16,8;13,27,23,7,2;5,3,29,23,21,25,14,1;15;28,21,10,18,25;16,24,29,7;17,11
5,6,15,7,8;19,4,15,12;11,27,2,23,1;2,3;28,27;1,29,8,10,13;6,29,2,19,28,0,27,5;6,14;0;4,9,28,8,15,13,17;8,3,15,10,29,25,1,23;3,15,9,13;18,7,23,10,21,3;23,19;27,23,25,20,7;8,10,21,28,0,27;0,24,16,27,29,9,8,7;25,7,9,14
6,26,12,22,28;23,15,24,13,22,10,27;19,29,2,28,0;8,2,13,17,26,21,18;1
7,2,11;28,26,2,15;21,7,6;7,3,21;3,1,15,4,11,28;3,16,1,9,25,26,18;0,2;7,19,26,16,22,23;11
26,14,3;15,9,12,21;29,19,5,15,14;14,9,23,20,3;29;20,11,4,14,24;13,26,18,8,21;29,24,26,5,9,11,10,28;21,2,13,16,8,7,27;15,0;27,3;27,24,6,10,11,9,16,4;28,9,3,25,26,15,13,29;11,8,14,4,18,10;4,29,6,19,15,26,28,16;19,9,2,5,6;5,27,17;10,1,14,20,18;22,15,11,20,6
7,0,24,25;15,28,0,14
17,0,27,28;2,5,21,23,12,16;17,28,15,9,5,3;23,29,16;3,1;1,13;14,16,1,17,12;15,22,20,7,18;11,26,28,27;7,29,21,22,15,20,17;17;5,8,15,12,20,14;14,13,25,29,19,23,21;6;27,7,23,8,9,13;5,2,24,8,28;28;14,20,28,11,0,5;2,4,19,21,18,23,11
29,27,28;10,26,19,22;6;10,26;20,13,0,25,7,14,23,24;20,18,13,6;11,25,7,10,29,13,17,20;29;19,28,13,26;27,4;23,29,5,28,18,2,24;1;24;13,24,29,6,19,9,11;3,4,21,29,20,23;5;26,13,15,14,23,16,3
22,25;23,25,12,6,3;1,12,14,3,13,11,2;29;6,13,9,4,10,24,12,16;3,2,28,7,19,17,8;20;20,29,27
10,17,7,15;4,18,2,9;24,17,27,9,19,0,18;17,8,16,24,27,3,13;17,10,23;25,29;9,22,4,26;17;26,11
23,16,21,8,5,27,1;26,5,17;3,29,15,9,11,21;16,1;19,25,23;11,6,4,19
11,15,10,20,17,27,0,16;18,28,6,13,12,15,25,11;24,12,22,13,5,16,23,7;5,28,15,27,25;0,23,2,15,12,14
26,2,4,6;3;9,16,4,22;17,4,1,21,26,11,10,22;15,25,13;18,0;17,16;18,20;17,11;29;21,26,28,29,18;16,28,21;28,24,4,10;7,1,9,26,18,25;17,7,22;25,19,14;24,3,8,11,19,25,15;22,13;8,18,25,9,14,19,1,15;0
11,4,8;16,2,24,4,11,6;12,8;24,23,2,3;3,14,5;7,18,16,1,4;6;29,0,24,9,21,25,6,4;15,23;10,12,13,25,0,23,9;29,28;20,2,23,4,11,15,18;15,22,18,4,9,3;8,0;26,29,22,7,25,15;26,4,2,17;4,17,7,5,22,13,11;28,4,12,11,7,27;25,13;29,23,13
5,26,18,3,25,13,21,22;10;8,6,28,14,10,20,12;12,27,21,14,10,29,24;2,18,26,0,19,11,21;1,2,20,8,10,9,16;10,6;20,5,11,8,25,22;16,3,19,24,5,25,27,9;4,17,3,1,8,23,26,9;28,3,25,15,29;17,23,25,15,1,7,26,9
5,16,27,7,20
6,21,16,3,7,5,10
23,27,7,25;9,14,16,22,15,5,23,10;6,17,26;11,25;6,4
6,13,4,11,3,15,7,20;5,3,2,9,27,18,25,20;10,27,28;9,0,25;5,14,3,10,24;23,8,18,2,7,16,28,0;16,29,23,4,24,0,3;1,7
8,19,16,18,22,13;18,22,24,0;26,20,3,12,25,29,10;6,28,9,19,1,27,12,18;13,3,28,10,8,2;27,11;22,20,16,0,17,3,25,8;5,19,24,17;15
17,28,9,11,25,27,0;22;22,29,23,16;16,25,19,24,4,21;6,21,17,0;1,9,11,18,21,16,3,6;14;20,23,8,13,16;13,18,7,22,24,27,28,11;18,21,29,2;19,3,13;7,22,14,29,17,15;4,1,13,15,26,27,28;3,5,22,1,10,28;15,8,27,25,1,18,13,19;21;20,28,21,17,8,9,11
18,2,12,27,21,22;13;12,20;24,27;18,0,19,21,27,4;29,3,4,17,9;7,24,28,11,18,4;14,8,22;16,3,23,26,17,2;14;13
24,25;21,0,23,17,6;14,16,6,23,13,17,1,12;16,19,12;29,28,27;11,14,4;17,26,11,24,1;17,16,12,2,10;7,20,13,8,25,6;13;9,10,11,1,5,22;9,17,29,13;3,16,10,26,14,20;2,20,7,0,5,24,23,9;20,15,3,22,8,12,2,26;11,0,6;3,22,17,1,23
11,27;26,1;26,0;15,2,16,28,4,3,22;22,0,24,18;11;3,6;15,13
9,6,14,24,28,15;28,0;1;6,23,4,14,8,28,16;0,14,20;4,5,27,11,17,20,7;8,11;11,8,6,4,22,0;13,18,24,4;14,19,20;25,17,11;19,7,18,0,29,16,14;22;27,6,26
1,28,22,14,21,17;12;22,24,13,19,14,15;21,29;27,7,13,3,14,19,8;11,6,3;25;7,22,21;14,1,5,25,8,0;1
15,2,3,8;2;2,27,19,18,23;16,15,17,9,0,27,13;18,23,14;23,10,6,17,20;3;14,11,6,0,19,21,4,10;11,29,21,8,0,25;9
0;24;17,2,9,0,21;15,13,26,28,1;14,10,11,8,6,7;22;18,9;5,4,26,15,13,0,17,3;2,12,5,4;17,26,2,5,8,29;26,6,10;0,23,9,24,20,26,22
1,27,20,12;6,9,2,4,23,21;10,15,28,11,8,27;10,15;19,16,6,0,13,28,29,3;28,24,4,9,16,26,5,14;29,23;24,20,22,13,5,28,8
29,13;14,20,13,9,19,7,27;6,13,4,29,22,8,1,16;1,5,20,10,23;24,28,20;9,17,22,5,15,7,1;17,14;15,25,7,3,26,2,22
10,13,20,12,28;27,10,11,1,29;27,22,29,17,15,1,21;26,10,6;25,7,14;17,19,13,0;6,15,11,7,19,9,5,27;22,1,29,20;19,9,14,8,16,3,5,15;25,15,11,6,16;21,0,17,10,18,20;14,7,15,8,19;4,3;29,4,7,23;12;1,0;18,3,29,1,13,20,17;4,23,19;13,22,21,14;16,27,18,13
25,11,16;0,15,19,28,9,22,2,14;6,20,26;16;11,18,23,26;25,16,5,9;15,6,4,22,20,21;20,24,17;27,28,15;28;15,12,8;8,0,9;5,19;19,13,17,15,7,28
25,20,26,0,15;28,22,20,24,19,21;7;25,6
19,22,12,4,29,16,17,26;1,20,0,10,19;25,28,2,7,1,5,23;8,5,29,28,17;19,8,18,25;17,14,25,24,22;19,13,8,3,7
27,29,9,3,17,21,5;27,6,12,5,1;16,15,17,9,26;11,23,19,8,26,17,10,2;1,2,24,26,3,15,11,20;26,8,29,28,24,4;16;7,19,1,23;24,4,6,22,16,5,3;1,15,14;4,18,28;14,23,25,6,12,26;9,17,4;24,20,0,17
29,13,9,1,19,27,12;12,1,11,29,2,15;12,4,15,6,28;5;25,19;3,21,29,0,7,4,12,5;15,6,8,12,9,4,29;21,10;24,27,20,9;13,4,21;23;6,23,29,10,13,22;26,3,12,22,8;24,13,7;28,29,17,0,2,24,3
19,13,14,26;17,22,14;3,28,1
17,26,0,25,5,9;17;10;4,14,0;29,2,27;19,2,11,9,23,10,7,8;14,4,6,11,24;17,29,19,15,5,28,14,6;0,6,27,13,28,29;14,0,11,26,13,18,29;29,21,23;8,15,24,21,1,7,4;17,5,15,18,1
7,17,27,18,14;9,24,7,26,29,25;14,25,15,20;0,3,21;6,12,24,29,16,7,3;24,10,2,17,1;5,4,7,8,29,0,27;21,23,16,9,5;10,0,8,25,20,27;26,9,28,18;22,11,25;7,8,13,15,1,28,17;14,15,10,2;10,11,7,26,24,6,2,28;1,27,13,25,4,21;17,10,23,8,11,12,18;3,28
19,11,2,21,9,14,15,6;24,5,22,16,18,28,6,27;25,22,1,11;15,5,7;24;3,10,8,21,13,5;18,17,14,27,22,5,29;1,6,20,11,26,15
14;4,19,9,23,15;11,7,27,18;12,13,18,8,7,16,2;9,0,26,27,6,16,4,11;27;17,23,6,28,16
15,23,11,9,2;0;16,27,6,25,29,17,10;27,9,10,7,26;16,1,25
24,29,27,11,6;8;7,25,2,11,26;7,14,23,12,20,3;1,28,4,12,20,16;24,21,7,3,12,15,27,14;7,6,3,8,16,19,28;26,16,12;5,16;26,28,14;10,23,5,16,15,6,8;15,2,8,6,12;1,27,21,5,29;12,7,16,23,28,15;15,7,19;16,2,23
21;21,4,29,22,8,20;13,14,23,1,18,3;23,25,24,28;0,17;27,28,21,8,11,24,26,0;17,13,18,23,15,6,19;20,12,22,4,3,0,29,11;5,22,8;9,17;9,29;3;11,16;24,2,23,17,18,10,4,1;13,22,27,17,8,7,24;5,23,12;8,15,13,3
24,20,25,7;28,11,21,14,4;8,27,29,7,10,4,24,16;25,24,22,1;16,28,7;7,16,25,0,13,23,21;15,16,27,23,9,1;20,23,28,4,24,22,15;2;0,24,10,12,13,1;26,22;3;9,7,26,29,8;18,15,19,2,13,22,21;9,16,4,13,1,20,10,27;27,4,16,0,7,29,11;24,29,11,21,9;20,8
20,17,12,22,3;13,17,5,3,4,25,8;0,16,9,8,5;0,14,29;12;25,2,11,23,4;16,2,4;27
7,10,27,23,8,21,3,17;7,12,20;25,8,20,23,18;27,16,28,14;11,15,14;24,22,19,16,5,29,7,11;1,2,19,23,15,29,12,4;20,1,12,26,28,17,15,25;7,21;16,23;5,28,18,26,14,6,11,25;14,11,10,27,5,8,19,9;20;23,26,15,9,14,24,27;19,11,20,2,21,23,3,15;29,25,26,27,1,15,5;1,25,3,29,22,28,18,17
12,0,17,9,11,27,8,7;5,6,16,17,20,21,8;0,25,3,12,17,29,2;9,8,5,6;4,20,14,26,22,10,16,5;14;28,14;22,9,11,0,8,25,16;1,0,13,28,10,11,20,29;10,13,11,3,1,21,29;25,29,1,20,12,0,27;25,6,20,21,1,3,27,9;15,6,3,8,20,24,11,29;16,7,11,29,20,1,12,4;0,7,1;8,19,28,10,11,9,17,25;11,28,20,0,21,25,12,10;25;24,18,20;15,13,1,28
24,18,21,1,16;4,14,26,29,19,10,1,5;24,25,1,3;23;28,20,1,29,15,14,0,21;4,17,16,21,18,13;27,28,25,9,23,4,17;5;8,0,29,27;3,9,10,0,16;26,0,3,7,22,27;4,6,0,27,26,11;3,23,8,0,26,28,27;20,1,3;14,11,21,6,29,1,2
0,16;26,11,0,21;23,5,13,19,27,18,9;23,1;18,20,5,8,23,26;21,9;3,15,18,16,26
26,24,11,10,0,21,8,9;2,27,6,29,4;20;10,8,27,0,24,20,23;25,8,2,4,17;7;16,4,18;12,13;23,24,27,19,17,1,22,0;16,9,18,15,12,10,4;5,26,2
29,8,25,19,24,18;28,22,2,15;17,4,25,3,29,21,10,24;17,23;25,11,29,10
15,25,13,1,4,8,5;13,7,2,5;28,26,19;18,4,16,21,11;9,10,24,21;2,5
20;29;12,27,20,14,28,17,7;4,20,11,8,12,6,18,1;16,28;18,12,7,16,20,21,14;6,20,3;17,19,21;13,5,14,9,23;22,17,0,10,28,11,23;19,9,1,17,20,21,24,16
5,10,13;2,22,9,8;12,10,13,15,6;7,8,27,11,21,5,16,15;20,5,3;2,21;20;20;25,19,10;17,23,15,27,4
18,20,22,3,25,9,17,12;0,10,29,25,2,6;8,20;20,19,22,6,16,18,12;1,5;26,10,22,0,9,29,2,8;22,16,10;22,19,16,17
14,5,12;14;7,16,6,9;18,27;2;10,16,3,14;6,23,14;28,0
19,21,0;22,26,9;12,4,28,7,24;12,3,22,9,15,8;0,17,27;6;13,9,1,16;24,8,26,16,19,11,2;4,9;2,12,9,11;5,3,17,2;17,29,27,8,16;3;14,13,3,11,0,26,6;22,28,15;0,4,23,11;2,16,24,18
17,28,6,15;7,26,29,0,2,25,11,21;2,13,15,4,26;25,10,11;4,6,26,29;1,23,2;20,25,22;7,8,9,25,16,27,5,26;14,8,13,6,18,24,11,23;12,13,16,5,28,14,24;2,10;4,22,13,5,17,28;6,11,8,7,5,27,0;2,4,14,18,22,1,10,29;14,29,20,2;10,25,18,20,6,3,0,17
28;10,8,19,24,2,4,9;0,1,26;27,16,9,24;7,24,6,13,27,20,21,2;4,8,26;28,17,3,4,9,1;8,22,15,2,29,25;24,25,14,17;9,7,15,17,4,18,25,23;8,28,1,13,19
5,0,17,13;17,12,10,16,26,4,18;14,23,4,27,3,17,2;27,20;24,3,27,19;18,9,19,3,16,15,20,28;5,15,23,11,13,4,10,21;19;4,8,29,27,14,18;25,29,24,15;17,6,9;29,15,2,14,27,11;10;23,27;26,6;5,17,12,23,3;11
0;13,2,25,18;5,10,26;10,16,28,4,23,2,26,3;23;2,26,18,9;26,10,19,29,22,4;17,19,14,24,25,18,16;2,19,4;26,8,4,6,11,25;2,27,21,1,24,4,18;26,27,10,5,20,29;5,9;23,20;0,5,9,2,24
3,26,17,29,15,1,0;6,11,3;20,24,5,8,4;13,17,26;3,13,0,4,19,17;0,29,8,20;19,4,10;17;26,18,2,4,28,25;18,11,24,16,17,4,3,26;5,12,21,9,22,26;19,13,22,6,9,8,4,0;20,17,6,22,16,27,12,1;13,26,5,20,8,9,25,4;20,2,12,21,23,24,17;4,7,18,13,25
0;12,10,24,0,15,7,6,18;13,22,0,27,11,1,10,26;13,19,29,23,12,0,28;0,7,23,3,22,16;14,16;6;13,29;4,13,5,15,25,29,10,3;25,4,7,11;7,1,5,29,18,11,22,8;27,21,29;8,7,25,18,28,0,9,23;15;1;28,29,5,24;5,10,2,11,24,20
23,24,16,29,3,12,4;20,9,16,3,10,1;8;1,11,14,23,12;26,23,9;15,20,16,0,19;16,2,7,1,11,14
8,25;23,11,12,2;20,5,22,10,2;24,2,11,12,29,20
17;27,20,19;19,7,4,27;29,26,28,2;26;20,16,6,3,14,12,19,28
26,8;0,15,8,27,4,16,29;19;0,17,19,23;12;26,13,4;19,25,5,3;26,7;9,10,23,24,21,16,29,22;3,18,9,8,13,10
25,11,20;26,0,12,3,19,18,6,8;17,19,10,8,1;28,0,15,12,1,4;15,2,14,12,25,9;15,0,26,13,6,8,7;19,3,21,8,7,10,15;14,5,11;27,24,15,19,17,29;5,9,2,26,21;5,10,9;10,1,11,25,13;0,18,24,4,14,16,1;0,7,6,16;13,27,19
