21,9,2;20,12,28,7;13,6,19,3,0,1;20,12,28,8;12,6,1,13,26,11;22,29,7;10,5,21,1,3,20,26,15;26,19,24,2;17,26,3,27;2,16;17,23,22;2,8,25,21,16,29;7,3,13,2,8,21,28;13,4,17,27,9,15;11,25,29,17,2,28;16,25,24,22,13,3,18,20;22;15,7,5,14,12,10,1;9;20,14,0,9,23;15,21,13,26,22;9,6,18,21,10,1,23,25;22,9,11,5,7;18,0;4,5,24,7,17,1,26;20,5,6;16,27,22,8,5,17,29,10;2,12,6;28,6,21,5,10,4,22,20
7,4,16,3,15,19;1,26,18,11,28,12,7,23;16,15;1,23,29,5,4,3;15,19,5;7,8,16,12,2,21,23,17;9,14,17,11,23,18,13,15;19;21,12;9,17,2,15,22,5,23,3;15,9,8,24,13,19;9,27,7,3,24;0,28;25,4,24,20,0,7;21,10,15,9,0,17,20,22;29,10,21,2,3;14,3,10,12;15,28,3,4,10,17;4,12,17,0,11,28,13;2,1,4,20,7,16,3,10;29,3,13;5,6;1,19,12,16,4,22,10;19,12,7,3;22,8,27,17;12,3,10;14,19,26,11,4;25,20,15,22,0;25;14,6,5,29,22,13;8,10,11,9,16;2,24;23,19,12,28,10,9,26;21;26,15;24,9;3,19,24,21,11,6,20,27;5,24;26,17,1,21,29,9,20;15,22,16,19,8,29,2;28,10,27,11,8,24;23,5,12,15,28,9,1;3,19,10;13,12;2,11,26,0,3,20;13,12,0,28,14;16,27,18;29;16;0,9,23;2,26,4,24;21,29;6,24,8,23;11,7,25,26,9,3,15,8;10,23;13,4,15;26,10;24,4,11,22,8,5;8;12,8,28,25;5;12,18,7,19;29,18;3,14,11;18,3,25,11,26,19;27;12;14,26,2;16,28,24,21,1,13,2,25;26,4,1,22,24,18;20;0,3,14,10,17,22,4,29;8,4,22,6,5,9;7,15,0,6;14,26,20;21;20,17,28;9,8,26,7,0;20,26,16,12,18,14;9,20,19,22;8,3,26,24;15,27,2,9,21;8,10,5,14,25,1
13;29;29,13,8,22,1,12;20;14,23,5,13,11,16,2,19;23,17,14,6,20,5,0;16,24,14,22,8,11,29,20;27;29,17,8,19,21;2,23,28;19,27;20,18,25,10,26;11,6,5,20,8,24,12,14;3,11,0,8,4;5,18,8,0,12;11,1,17,22,4,10;3,0,16,18,2,15,27,21;5,12,6,14;18,17,9;5,9,21,15,20;13;3,1;29,10,4,1,13,23,3,24;16,23,3;3,14,18,28,29,22,15;15,28,6,22,13;13,22,17,2,12,8,10;29;10,25,1;10,8;27,25,22,18,7;23,22,26,5,11;15,8,26,25;5,2,21;21,0,1,29,13,11;3;11,5,19,15,21,7,25;13,21,14,15,10;20,6,12,18,17,27;2,1;23,28,2,17;5,21,22;23,1,9,5,18,3,29,21;5,20,12,0;10,2,12,29;11,5,24;26,24,20,13,15,3;17,12;14,26,8,16,13,5,29;25,7,24,23,22,18,5,16;23,1
12;5,16,3,7,9;24,1,4,10,11,13,7;20,16,13,6,12;11,29,1,5,26,24,18,13;21,10,25,2,11,0,19;2,23,12,29,22,24,27,21;27,23,8,4,6;17,9,1,27,25;11,8;14;3,0,17,12,20,5,23;14,15;17;21,17,25,8;23,7,8,17,5,2,19,0;3,13,5,19,6,26;20,5,13,18,7,29;2;22,6,0,9,4,7;1,14,28;6,12,17,22,0,2,27;1,2;2,1,25,3,16,27;26,20,10,5,23,0,13;5,17,18,21,15;8,9,5,24,7,21,12,27;7,9,3,24,28,21,27;11;18;2,4,12,23,18,6,20,27;4;4,20,10,13;29,19,1,21,5;12,17,15;5,26,6,7,15,1,27,20
26,22,3,28,9,27,25;27,16,25,26,7,23,5;8,24,0,11,10;18,0,4,28,19;25,2,4,11,22,26,12,18;24,16,10,13,14,20,3,25;26,10,14,12,29,6,18;17,20,14;18;24,7,22,6,29,0;7,9,1,17,20,15;27;21,19,14,4,24,1;12,18,3,5,11;24,26,13,14;1,2,8,9,12;23,21,9,6,14,15,11;3,5,28,23,25;28,2,19,11,16;13,23,6,24,28;27,15,6,16,12;10,9;9,29,0,23,6;7,9,21,2,29,13,0,5;3,28;21;9,29,24,2,0,4;7,14,24;6,9,13,5,4,19;20,2;13,11,1,6;12,25,9;21,4,12,8;10,26,6;13,1,28,27,9,16,18,0;21,14;3,10,16,28;29,25,4,14,7,17;23,27,0,19,15,12;15;9,24,13,5,23,25,7;10,20,14;19,2,27,15;19,20,23,12,28,18,22;23,9,14,29,26,7,27,20;19,22,23,8,18;17,28,23,24,20,22;0,4,26,7,18;26,29,2,17;4;9,2,25,22;9,6,16,24,15,12;10,3,16;3,5,25;8,17,27,1,22,12,25,7;11,26,20,29;2,0,23,3,12;10,16,19,11;5,26,0,24,12,27,21;18,11,3;1,20,18,12,19,3;28,16,7,18,20,10,15,3;7,16,28,26,4,20,8;29,14,15,9;21,0,14,15,2,19,13;0,19,27,18,16,21,12;1,23,17,14,0,24,13,16
20,4,14,25,6,17,21;6;10;23,20,5,14
14,27,15,13,4,3,17;8,7;0,22,17,15,11,6,5,25;0,11,5,21,29,28,1;15,22,10,12,5,27;15,0,14,10;1,5,19,13,4,20,8;2,28,16,5,6,13,7;28,22,1,7,13,23,5;24,29,25,26,6,20;12,27,22,21,1;8;19,25,18,9;6,25,7,17,19,12,28,0;12,6,1,0,16;13,22;12,2,13,27,28;7,2,3,8;21,24,2;7,15,8,20,2,17,28;13,25,9,22,6,14,19;8;3,2,25,19,9,14,11,15;7,20,4,29;10,2,7,28,20;0,25,11,22;28,5,10,7,20,14,11;10,13,25,24,14,22;13,9,11,7,16,28,6;2,14,23,10,25;2,21;5,29;18,27;20;1,0,17,21,14
12,2,24,7,11;24,8,27,12,4,7,13,6;5,10,0,29;17,28,13;10;24;10,20;25,3,24,19,16;27,3,22,4,13,24,20,11;4,19,8,2;25;15,23,11,14,13;4,2;13,7,0;20,29;16;4,17,20,28,29,2,22,6;18;5,12;21,16,0,15;10,8;9,1,18,10,29;2;4,14;13,18;28,1,23,20,11,27,5;17;4;11,16,2,24,27,20,3,22;23,26;1;8,18,12,11,26,5,13;3,8,7,9,10;19;14;16,14,18,26,0;12,20,4,27,11;5,27,8;17,16,15;5,18,9,14,28;14,19,4,7,16,17;0,27,4,11;12,21,6,10,0,13,27,22;28,5,25;8,29,12,3;26;25,2,15,28,19,18,27,29;22,19,7,2,18;22,3,5,0,14,27;24,25,6;13,1,6,14,23,2;9,14,18,23;7,1,24,23,12;2,21,6,29,10,20;26,1,10,16,3,0,27;3,21,11,10,20,15,23;26,3;22,19,14;9,28,20,11,27,21;2,1,24,23,29,17,10,20;11,3,18,17,16,5,29;0,29,8,12,16;3,22,17,12,16,0,2,9;24,29,8,20,26,18;28,7,12,23,14,6,18;21,26;29,6,17,15,22,9,20,23;2,17,6;26,21,8,4,23,17,27;0,27,3,14,15,20,13,12;28,0,6;12,18;25,21,6,11,5;23,29,7,20,5,25;12;8,1,23,20,10,26;19,29,21;25,0,8,11,3,10,18,26;21,25,19;22,26,11,27,1,0,7;5,12,24,11,8,25,28
12;4,24;23,9,18,11;6,4,25,7,26;27;27,19,7,21,12,0,10;18,6,28,24,5,17,8,2;3,2,13,0,18,27,12,22;27,26,3;17,11,24,2,4,8,6;1,12,5,2,17,18,16,25;24,3,8,29,1,11,2,23;25,28,11,23;3;2,28,13,3,6,27,24;5,3,29,14,22,26,27,9;15,24,6,3,5,22,13,0;23,18,0,4,2,8;29,1,22,2,11,19,4;9,12,8,29,26;1,25;20,18,2,9,11,5,22;24,7,9,6,2,3;4,1,10,23,27,16,26;11,0,19,12,21,7,6,29;28,10,0,25,9,11
12,9,8,21,10;12,26,24,25,7;19,4;5,8,12,15,24,28,6;21,10,5,12,26,14,16;7;26,17,6,5,14;29,7,19,27,6,11,21,2;11,27,23;5,3,24,15,22,29,28,7;23,13,4,6,16,0,1;3,23,10,29,28;26,2,20,19,10,12,3;13,19,20,9,29,21;16,17,25,26;29,28,17,12;6,12,28,5,14,15;16,7,6,24,13,29,19,21;20;16,14,29,26,7,11,1,25;22,16,5,2,26,28,17,27;2,13,15,1,14;25,23,17;17,18,25,19,5,3,29;23,17,0;17,10;6,16;26,22,23,20,27,28,21,18;17,16,10,6,26;8,27,20;14,17,21;11,24,29,8,3,27,28;4,15,23,0;16,29,23,26,21,6,14;6,18,16,23,25,24,10
28;4,2,18,17,9;28,9,27,10;3,19;16,7,13,15,2,11;4,8,28,0;16,11,10,7,5;2,10,24,21,19,28,13,3;1,14,29,17;14;10,14,4,23,0,26,9,2;21,28,29,3;13,9,5,25;26,13,19,2,24,14,10,25;10,25,8,18,11;29,16,22,20,0,6,14,21;7,2,27,8;15,21,14;7,13;11,28;12,19;28,1,3,21,25,15;13,25,5,19,21,26,6,2;0,27,11,10;25,4,2,12,19,14;19,13;20,5,4,15,24;13,3,21,18;25,29;13,5,0;7;10,27,0,21;7,26,12,16,11;5,4,0,18,17,20;20,4;7,25,27,16,4,23,2;2,9,16;10,4,27,13;10,12,20,13,28,19,18,11;9,0,7,16;4,11,8,0,5,12,15;28,26,20,1,5,25;18,6,1;26,15,18,23,0,25,22,17;21,27;23,6,7,1,28,21,17,4;22,18,12,29,25,6,5;5;7,12;19,11,4,9,27,23,28;27,18,0;22,18,9,12;29,19,13,11,0,14,25;7;4,26,2,20,1,18,11,24;18,4,0,5,17;27,7,6;5,2,3,9,10;16,1,25,11;18,7,29,6,14,17,20;1,16,25,24,27;28,18,14;20,26,3,18;18,19,1,26,11,3,16,2;22;15;14,9;12,9;15,9,20,1,3,7,8,28;0,17,2,11,25,21;28,4,14,18,23,8,27;19,29,5,8;6,21,1;0,20,14,11,4,15;28;7,23,2,15,8,29,1;28,16,10,17,3,15;16,10
3,5,8
28,29,7,6,15,8;22,23,2,5,4,12,7,29;19,22;5;14,25,0,8,5,23;4,5,18,28,13,19;22,14,13,4;13,17,0,26;6,18,25,13;20,4;29,0,27,17,5,21,15,28;21,9;1,10,26;16,25,11,9,17,2,5;17,13,9,14,23,7,15;4,20,16;4,15,3,8,2,16;0,25,17,21,7,27;1,28,14,0,15;6,0,7;22,26,25;6,9,7,26,5,17,22;23,3,0,18;25;15,17,19,27,12;11,4,19,5,28;16,6,15,29,4,18;15,29,11,20,16,12,3,5;15,28;22,24,15,21,7;13;25,15,14,5,23;20,8;5,22;21,5,27,14,13,11;3,1;1,17,0,14,29,16;0,29,12;11,27,24,12,18,0,25;27,21,1,29,6,15,16,13;21,10,12;10,21,15,8;29,22,1,18;2,25,0,29,14,28,20;4,10,14,15,24;4;3,8,14,27,23;15,2,14,26,12;26,17;14,27,2;28,20;16;20,8,18;1,17,15;16,29,13;5,20,11,29,1,14,15,28;0,18,27,28,2,13,9,15;22,29,15,4,8,3,18,13;20;9,19,20,29,7,6;22,19,28;8,12,19,3;29,4;15,3,8,28;29,11;10,1,21,20,19,0
25,5,29;2,0,12;14,26,17,0,24;6,7,13,4,22,17,8;0,29,15,19,6,16,18;9,1,7,8,12,14,20;1,25,9;5,19,2,24,22,4,26,0;18,17;23,19,27,7,1,22;14,21;25,21,17;22,25,28,9,4;28,25;5,11,17,3;1;21,24,11,4;5,1,25,22,29,10,15;0,19,4,18,15,7,24;25,4,5,21,9;16,14,15,7,9,21,23,27;14,26,6,2,16;0,22;0,20;7,21,9;16,3,19,17,15,14,12,23;26,19,20,28,12,16,4,11;10,11,12,27,25,8;28;1,14,13,22,17,6;14,12,5,8,25,16,29,15;9;5,15,22,6;20,16,22,29,28,9;4,11,20,3,21,27,2;11,9,29,1,27;7,27;16,12,0,27,29,22;29,8,0,19,28,25,9;13,20,24;10,9,6,28,1,12;8,20;18,0,4,7,3;14,17,7;20,18,11,0,9;15,9,27,24,4,3;23,18,19,7,10,9,21;13,1,18,26,23;27,5,28,24,15,29,21,26;20,11,29;18,3;13;24,16,8,0,19,26,10,4;9;21,25;7,14,29,6,3,27,28,25;0,15,6,29,27;20,15,9,7,21,13,27;18,1,2;12,18,17,22;24,4,6,2,3,22,18;26,6;25,29,23,5,7,8;13,21,16,15,2,27;3,13,6,25,22;28,7,0,10,5,25,22,3;11,5,28,15,13;14,9,2,7,17,27,10;3,18,4,11,28,15,9;14,26,28,15,9,1,7;14,6;4,2,19,18,16,9,29,17;24,22,23,15,16,27,4,11;15,10,6,3;6,2,24,1,15;15,17,20,2;3,5;9,2,10,6,22,18,3,0;10,14,11,27,2,3,22,13;29,23,14;7,1,10,29,9;22,12,4,6,17,29,18,8;15,17,14,11,16,26,6,21;21,18,3,23,17,26,13;4,2;4,25,0,24,12;2,22,0,15,16,11;24,19,7,20,27,8;20;1,11,4;24,13,7,23,17,3,19;17,4;13,15,23,4,2,7;28,10,13,4,21,26,8,23;13,8;15,3;24;19,24,8,0,16,28;8,7,9,4,16,25,14,24;9,28,1,2,12
19,9,18,3,5,0,2;8,2,6;22;25,18,12,28,19;10,5,9,26,27,1,14,12;24,8,22,15,14,3;4,19,2,16,15,28,5;0,18,17,5,24;15,19,16,1,11,13;23,16,12,0,5,9
9,29,27,28,4,5,6;10,22,13,7,20,29;5,3,25,4;23,8,11,10;9;5,6,13,3;22,5,11,2;23,12,6,4,20,18,26;28;13,3,1,10,29,16;19,15,11,5,20,27,17;27,3,10,14,18,0,20,21;0,15,9;25,14,19;17,10,11,2,23;0,17,23,15;18,6,17,21,14,3,28,20;8,4,21;10,13,1;7,23,2,6,25,22,27,24;7,18;0,2;29,5,27,17,2,24,3;9,20,18,22,29,14;28,15,19,0,16,14,25;2,20,11,3,15;27,10,14,28,15;14,8,3,21,13;3,2;3,9,1,0,29,12,6,28;3,6,21;1,10,25,28,21,5,20,26;5,13,11;9,0,6,24,1,12,4,23;9,8,4,12,27,22,2,1;12,22,11,27,0,18;12,9,23,2,8;3,18,14;15,18,3
24,10,11,23,9,29;27,11,15,13,5,4,3,20;0,24,20,12;2,6,24,11,7,25;9,19,21,23,28,1;27,29,18,17,8,19;23,1,6,5,18,25;24;8,10,17,12,24,23,11,18;16,17,29,25,22,6,10;1,17;20,28,16,17,4;1,3;15,1,19,17,3
1,12,15,29,22;7,4,20,12,25,17;0,18,12,14;7,6,22,9,18,20,12,27;16,9,19;5,26,4,22,12,1,3,16
19,0,8,10,11,14,5,18;23,7,1,9,29;20,18,21,26,12,0,17,9;25,17,22;5,12,8,28,13;3;12,26,5,21,0;24,25,10,21;19,23,7;22,11;8,25,26;20,13,5,19,29,23,28,26;5,12,17,9,3;11,6,14,12;19;29,2,19,15,13,12,22,0;6;29,22,15;4,22,20;14,28,27,15,26,11,0;0,27,21;21,15,3,22,25,20;8;29,19;29,25,4,24;0,25,16,7;22,26;6,29;8,27,7,24,17;19,3,12,13,0,6,14,29;21,5,10,28,4,1,26,13;15,20,16,3,14,22;12,27,0,24,16,14,3;26,18;21,28,5,11,26,25,14,24;3,0,18,29;1,28,12;22,20,1,12;20,10,3,11,14,19;4,3,27,7,21,14;24,28,1,12,19,0,4,2;12,29,4;2,15,29,10,6;5,25,10;0,13,1,23;11,6;3;16,22,26,14,23,19,25,24;27,16,29;27,9,6,0,15;20,26,12;2,27,4,24,20,18,29;28,21,24,18,25,3,13;29,22,23;8,26,7,0;11,23,15,7;16;8,6,9,16,24,17,18;16,0,26,28,18;13,21;15,3,8,4;11,26;0,1,20;4,14,15;25,15,26;25;9,21,27,19,25,13,4,18;19,23,25,4,20,15;9,23,25,3,12,11,17;5,23,3;20,7,27,21,4,25;11,12,27;15,9,29,28,16,11,8,19;4,10,2,20,27,1,8,28;29,10,12,3,6;20,18,6,19,0,8,23;14,18,3,13,0,11;8,21,15,4,17,27;26,13,10;11,10,21,29,3,18,1,17;0;16,3,24,7,28,23;9,14;16;10,18,20,1,19,0,9,6;28;18,24,27,1,3,26,2;0,10,20,8,4,24;6,19,28,22,10,9;11,7,6,10,14,15,4,28;23,10;18;22,2,26,12;3,0,2;1,17,10,4,5;13,21,12,3,11,24;22,3,28,15,11
16,8,25,26;23;14,16,28,0,29,20,25,1;4,15,7,20,27,1;18,15,29;0,27,8,2,12;7,15,25,20,6,16,10;13,11,12,29,19,24;8,9,14,5,21,1;14,27,2,4;10,28,26;6,13,22,2;11;21,6,19,28,3,2;3,24;27;23,19,8,10,6,26;12,7,26;27,1,16,0,12,9;19,8;6,8,27;27,2;5,3,11,23,6,0,1,18;0,24,18,22,27,5,7,19;22;29,15,19,17,10,24,14;24,18,19,20,2,17;7,10,15,29,17,13,25;8,29,17,22,27,4,11;15,11,18,6,26,9,29;14,11,10,15,18,6,21,8;0,22,12,19,2,28,16,8;26;18;0,7;3,19,6;17;21,29,14,8,11,20,15,7;24,27,2;4,23,8,16,24,20,3;27,7,10,29;5,11,24,25;23,20,18;21,3;12,24,22,9,6,13,3,29;3,1,24,10,21,29,9;16,1,29,17;23,10,4,13,16;0,10,16,3;19,4;1,21,28,5,22,7,10;13,5,26,0,2,27,23,18;8;23,4,26;23,28,5,25,15,20;24;16,26,9,18,24;7,22,2,20,26,28,18,0;11,8,14,1;18,23,15,24,22,19,6;8;16,22,11,24;11,16,17,18,4,14,20,12;22,11,24,28,27,7;25,4,19,3,13;9,11,3,22,19;28,19,9;0,22,25,4,8,9,2;21;14,4,9,0;21,6,20,29,8,10,16,2;2,6,24,13;19;18,11,27,20,25;17,26,25,21,12,2,19,13;25,12,14
2;5,15,4,7,11;1,10,25,9;27,11,23,7,15;3,29,9,22,10,5,24;24,4,2;26,8,15,9,4;7,24;2,29,26,20,10,24,15;8,17,18,14;5;20,8,16,19,3,23,1;13,23,28;7,0,1,24;19,8,24,5,14,20,6,13;7,20,10,8,4;17,0,5;24,8;10,28,24,19,9,16,21,0;8,25,23,22,26,6,28;15,12;0,11,12,10;16;7,21,18,12,28,1,22,2;22,17,6,10,29,20;14,24,21;20;13,11,18,27,16,14,17,28;24,13,23,2,9,8;14,6,23,24,4,26,0;10,27,14,28;28;6,15,20,1,11;5,27;14,24,29,18,6,20,2;6,29,2,4;12,16;19;7;22,18,3,12,29;4;13,17,14,23,18;26,15,21,25,5,1,17;4,23,12,22,17,1,6;26,10,2,27,29,22,28;27,1;24,4,5,18,21;20;23;3,28,25;2,6,12,9,24;2,1,9,11,5,3,6,23;26;10,16,0,29,15,14,2,21;8,11,18,29,3,10,1,2;10,16,12,5;1,9;0,14,9,28,12,18;14,11,16,26,21;13;11,0,5,19,4;14,12,19,2,16;9,15,13,14;16,9,25,0,27,20,7;26,29,12,25,0,7,28,1;11;25,23,8,26,2,29;2,13,25,22,23;20,18,10,5,17,6,28,26;9,26,21,14,3;16,7,18,8,0,24,15,23;24,4,27,22;19,22,26,27,0,4;29,15,16,12,0,1,22;3,28,10,0,17,24,1,12;22,3,4,10,20,14;27,7,22,26,4;2,23,9,19,14,25,11;25,7,1;2;16;26,15;15,29,24;14,27,4,23,16,25,13;13,9,4,3,22,24;17;23;19,2,12,28,23,22,11,6;21
26,24,22;9,20,1;8,5,7,26,3,23,28;26,13,1,14,8,12,15;22,5,6,16,11;24,22,21;15,26;16,15,2,27,10,19,8,12;28,2;24,8,2,14,23,21;26,21,25,5;14,18,12;4,20,2,12,18,15;0,18,1,8,6,7,2;28,11,24,9,26,2,29;7,3,11,18,8;2,11,26,6;26;2,4,0,28,16,21,23,22;1,7,5,4,19,0,14,11;3,29,13,19,7;29,1,5,3;29,13,7,1,16;23,28,11,21,12,15,4,29;10,3
10,26;29,12;29,24,18,7,8,5,12,1;24,22,19,20,1,29,12;21,17,2,10,16;24,17,10,3;14,18,20,29,1,22,2,12;28;20,18,1,0,13,17,9,22;10,19,29,13,15,12,17;14,29,2,12,9;8,27,18,26;12,28,22,11,18,24,8,6;2,12,15,9,18,1,5,7;6;19,24,10,18,2,9;14;21,20,10,17,6,4;19,21;25,8,21;23,28,22,1,29;0,14,24;10,1,17,13,23;22,10,15,0,18,7,19,12;19,7,18,24,25,2,23;24,7,15;8,15,27,13,24,7;21,8,20,6;14,5,6,22,1;15,21,3,7;15,7,18,11,9;2,8,26,19,17,24;23,10,4,28,15,8,17,12;16,18,28,6,3,15;1,29;20,27,15,6,5,21,19;10,2,25,1,13,20;0;14,27;22,20;14
24,17,25;26,15,27,1,29,24,28;13;15;15,11,22,16,26,4,7,18;22,20,19,29;22;20;18,24,9,6;5,19,21;17,9,23;24,25,18,29,20,8,23,4;27,20;29,28,0,27;0,7,15,11,2,5,29,13;22,26,24,29,13,18,25,2;15;26,4;14,22,12,21,17,25;16,10;22,0,24,26,6,27,8;23,12,17,4;26,7,28;14,6,29;18,5,6,15;10,8,20,3,15,11;0,25,9,13,28;11,1,12,2,4,15,14;7;11,3,23,28,13,18,19,15;1,18,25,24;0,19,6,21,27,1,4;2,3,4;14,19,9,24,16,8,28;0,22,6,11,25,24;23,16,5,11,0,1,18,3;20,24,5,11,6,29,12;12,26,0,21,1,18;19,5,23;24,3,1,9,21;13;13,0,15,12;19;5;12,17,0,13;19,9;4,9,0,28,15,16,5,21;1,0,8,14,24,7,22;12,14,18,10;21,15;15,12,24,7;14,18;7,19,5,16,25,12,20;7;10,18,28,6,21;18,14,0,7,5;10,15;18,26,6,27,28,2,20,4;25,18,4,9,16,14;14,3,18,5;3,29,16,2,23,26,0;3,4,16,2,19;3,18,28,14,17;25,15;14,12,22,24,18;22,20;6,5,22;18,5,10,3,11,22;0,17,6
16;6,9;16,19,17,0,21,4;3,15,8;10,28,11,0,22,6,26;0;14,2,5;22,18,7,28,20,1;25,18;1,26,10,13,16,3;29,9,10,12,28,3,20,14;27,28,19,6,0,25,21,17;2,29,26,27,3;28;20,26,11,18,28,23,6,8;12,19,25,29,21;24,1;21,18,25,14,6,5,12;4,15,13,20,8,25,23,29;24,2,21,17,26,25,11;29,7,16,3;24,18;21,17;25,26,6,11,28,7,17;5;3,15,22;12,9,28,1,29,8,22,13;5,16,6,4,28,20,18,22;22,4;11,13,5,0,2;17,4;18,9;22,15;16,8,22,3,5,10
14,10,16,1;26,24,2,12;1,28,9,15,25,2,22,16;2,29,7,22;2,14;16,9,6,15;17,16,12;13,11;12,6,4;28,10,21;28,12,9;13,18,19,23,6,22;15,25,11,12,7,10,19;16,6,23,5,22,8,21;18,24,12,20,11,10,19,2;21;23,14,1,3,24,19;24;5;20,14,15,23,11,26,3,9;3,18,15;21,2,23;14;25,22;15,3,1,9,16;11,20,2,23,10,3,28,18;14,6;6,15,25,3,22;19,12,11,0,8,28,3,10;22,3;12,1,7,13;19,29,1,20,3;25,23,19,15,27,0;6,7,4,2,8,25,13,1;15,23,12;13,22;27,19,6,12,16,9;14,13,2;16,29,3,8,22,12,15;19,3,14,9,12,18,1;11,20;10,7,4,24;4;19,22,2,5;11,6,16,24,9,22,17,2;4,18,16,22,0,19,17,27;0,28;9,0,24,7,15;4,20,29;19,24,18;3,29,20,2;23,24,11,27;9,11,7,15;17,4,24,21,0;16,2,3,19,0;10,19;9;20,25,10,26,12,6;10,7,11,2;11,22;8,19;6,15,0,19,10,22,8;18,22,28;19,11;12;21,16,10,0;10,16,20,22,0,18,15,23;14,17,10,29,15,27,3;21;1,29,21,5,4;17,2,7,1,25;7,22;22,26,3,28;3,8,2,14,25;5,24,7,14,6,11,9;26,11,14,20,25,3;4,18,5,0,23,21,17;28,3,7,27,6,25,20;17,1,25,5,29;27,3,15,26,29;27,6;7,26,3,10,1,18,28;24,4;7,11,1,17,28,27;22,27,8,11,20,9,14,28;12,4,0,1;5,24,25,0,11,8,17;5,2;8,28,3,12,17;16,27,17,8;25,21,13,9,24;12,28,23,2;14,20,12,4,22
26,27,7,16,2,5,24;24,19,10,14,26,25;17,8,13,10,11;9,4,17,22,6,15,18,29;8,5,15,7,27;26,6,25,8,4;2,19,20,9,3,17;6,21,16,24,28;5,24,3,17,22,8,11,9;29,8,17,15,2,28,14;11,20,29,15,28,7,12;15,26,12,24;11;20,12,2,19,1;7,22,18,23,16,28,15,0;20,13,24,27,19;14,17;23,28,2,6,12;6;8,1,21;23,20,28,24,3;21,11,15,17;12,6,1,26,9,17;27,12;3,16,10;29,6;23,8,20;10,27,12,13,3,7;26,12,16,0,25,1;21,12,8;14,24,20,28;26;29,28;1,11,20;20,3,16,25,8,19,12,15;6,15
5;0,12,24;23;19,7,14,25,1,13,17;23,1,19,20,8,21,15,26;25,12,17,20,11;2,23,25,5,1;22,3,12;20,11;6,14,23,27;2,21,28;0;10,24,1,3,16,15,6;25,24,21,0,6,18,26;12,24,14,27,29;7,28,17,27,8,0,6;17,15,3,18,20,29,12,25;9;10,7;3;6,10;10,21,18;21,7,11,25,26,14,6;14,27,10,7;27;5,19,24;7,2;28,2,17,0,16,15;24,29,0,15,22,12,4,8;8,5,13,26,18,15;0,9,29,8,1;18,3,8,17;1,8,19,22,18,29;14,9,29,15,21,27;22,10,21,14,13,9,27;19,26,4,27,24;23,20,25;5,28,8,11,19,10,7;4,0,22,17;26,6,11,12,16,21,17;2,8,20,18,16,28;12,15,14,5,4,17,25,13;9,2;13,10,4,12;24,6,17,23,10,4,16,11;13;8,9,7,1,25,28,3;20,5,10,22,4,29,2;3,18,22;8;29,7,17,5;21,4,15,11,1,27,8,18
0,11,17,13,16,12;4,5,24,15,25;6,27,21,3,19,24;10,24,26,4,12,14,20;0,4,17,2,3,21;21,4,28,5;18,25,4,16;18,24,0,22,9,28;0,19,28,2,17,15;28;10,8,14,21,24;20,26,14,22,11;12,29,10,0,19,7,17,4;0,19,9,11,29,26,1;22,26,6;13,8,0,5;27,24,17,9,25,19,28,14;7,18,6,13,20,23;18,22,10,13,26,6;14,5,7,12,9,3,13,28;19,12,6;17,19;18,6,26,1,7,9,23;0,29,20,2,1,23,22,21;1,15,11,22,16,2;26,0,17,20,10,11;15,4;9,28,3,7,14,10;26,16;8,16;17;20,10,9,16,21,0,17;4,28;8;11,0,9,21,10;17,23,14,20,11,26,9,1;2;3,25,11;20;21,19,16,4,9,13,11;8,18,9,19,10,14,28,24;18,2,23,25,11;19,14,0,15,2,27,23,28;8,29,9,18,10;26;6,8;16;20,7,9,17,4;20,5,3,27,15,2,1;18,1,23,10,6;14;18,12,19;28,10,23,11,13,2,8,7;0,14,29,8,10;24,25,14,2,6,5,8,13;24,5,10,16,21,28,7;11,25,0,6;17,6,11;22,24,12,28,1,25,27,6;28;21;24,0,20,15,10,17,4,14;12;7,29,14
13;2,0,28,9,12,8,14;29,7;3,9,26,24,6,2,22;26,10,3,2,0;7,1,21,10,19;27,6,10;16;3,22,6,8,28,18,0,20;13,27;9,25;18,25;28,19;22,7,5,28,21,11,26;10;9,25,19,2,1;11,28,17,9,3,4;7;12,9,13,21,25,17,27;11,26,23,10,14,9,15,5;19,11,16,28,18,5,14,10;17,8,2;7,29,3,0,12;24,5,4,16,25;22,29,9;13,27;22,14,18,10,29;17,8,11;8,20,3,5,6,11,10,4;24,19;13,27;10,22,12,29,14,5,21;1,5,12,16;20,18,12,1,22,29,5,24;20,26,19,24
9,2,4,28;1,28;9,6,18,11,10,22,12;18,3,29,25,22,16,27;25,10,11,13,15,1;12;2,10,1,22;29,26,22,8,12;1,27,2,6,7;8,27,29,23,12,16;6;4;1,29;19,29,21,25,13,4,17,1;9,20;21,12,25;8,26,13,27,7,25,18;25;18;5,14;0,9,29,19,16,10;10,9,7;9,22,0,3;8;27;13,14,0,16,6;0,15,14,24,16,13,17,19;9,27,5,25,19;29;1;15,3,26,25,0,29,27;11,20,16,8,24,19;28;21,15;17,12;16,10,4,14,20,26,6,18;14,4,8,9,28,18,3,16;10,8,7;26,7,0,23,14,18,19;22,26,9,2,4;7,18;22,19;28,4,10,6,24;11,20,21,10,24,19,12;1,17,20;26,7,25,0,23;25,22;3,12,21,18,14,26;17,29,7,22,5,2;1,10,22,29,8,18;19,8;12,26,13,0;29;20,12,5;8,18,2,28,3;12,5,3,13,22;16;26,0;5,7,22;14,9,0,5,19,20;5,25;7,29,1,0,22,13;17,2,20,22,25;21,22,25,1;12,24,23;16,9;0,23,26,25,22;6,5,11,22,27,9,21;9;24,6,4,7,8,0,17;15;5,6,17;13,8,12,14,16,25,3,6;25,21,22,9,10,14;9,0,29,11,1,28,8,19;2,1,17,10,6,13,8,22;22,2,10,21;3,2,7,9,20,10;15;25;15,27;14,11,13,10;20,26,18;12,20;16,7,17,25,15,19,29
17,20;12,22,26;29,21,24,17
22;27,28,4,11,6;3,27,5;14;14,18,4,3,13,5,11,1;20,28;6,10,0,15,18;2,28,15,9,16,10,1;14,26,28;16,21,24,1,9,8,10,18;1,20,12,6,17,16,8;22,8,12,23,20;29,3,9,6,14,8,15;5,17,25,8,20;27,9;2,19,9,21,8;4;2,20,0;7,11,15,4,10,21;0;2,6,9,18;24,21,2,20,23,4,17;1,19,27,5,7,29,11;10,12,0,1;27,13,11,28,26,20,0,12;15;22,10;14,4;29,24,6,0,8,10,9,7;5,2,0,10,23,28,29;17,20,1,16,21,27,22;3,10;7,13,22,4,18,6,2,24;4,9,0,7,3,24,29;15,26,29,12,1,20,7,0;10,23,28,2,1,15,24;10,26,16,20,9,21,29;28,0,18,27,3,25,21,7;4;3;16,22,6;0,7,28,10;11,26,4,25,23;1,6,21,13;9,27;3;4,26;12,27,25,29;28,3,14,19,0,7,10,25;20,22,12,1,3,23,15;1,14,15,3,21;0,9,16,5,8;9,16,18,10,6,21,2,23;22,17,14,1,25;23,15,14,3,2,1,24,7
19,25,6,10,24,11,27,28;13,23,15,14,28,3,6,18;8,5,0,28;8,9;22,19;14,23,9,16;17,25,10,0,7,9,26;2,5,6,16,20,22,21;24,29,16,13,21,25,23,14;10,7,6,19,23,3,8,14;26,16,22,20;8,0;25,17,12,22,6,13,1;16;10,1,2,15,11,20,7,24;6,17,22,21,9,26,10;18,8,2,1,10,6,11;6,25,1,27,12,3,16;17,10,7,3,28,14,6;10,5,17,12,11;7,1,6,18;24;12,6,8,13;23,12,25;9,26,6,2,10,24;26,27;6,25,2,26,1;3,4,11,16;7,16,28;1,16,24,19,4,18,17;6,0,27;29;2,23,17,20;27,18;16,12,28,25,20,13,5,9;20,8,13,29;11,13,7,15,22,16,12;0,25,19,29,3;16,19,24;3;29,27,13,24,21,2,25,17;7,25;3,18,17,12,6,25,20,1;2,17,15,4,0,7,18,24;26,15,1,24,4;14,24,18,19,23,0,3,5;10,27;23,17,10,3,1,14,12,6;8,1,2,28,12,21;28,14,23,4,3,20;10;24,16,11,13,26,3;29,23;26,0;2,0;19,15,20,26,25;13,17;29,1,6,28;7,5,15,12,25,13,2,21;7,8,19,21;18,20,5,24,3;23,26;3,26,7,0,8,20;20,13,23,3,4;17,27,23,25,19,4;11,13;2,16,7,9,6;4,23,22,26,10;23,3,26;13,10,17,23;3,28,14,18;12,25,18,21;18,17,4,3,27,0;24,1,17,28,13;28,20,23,18,6,19,5;10,7,16,23,8;5,11,23,12,24,2;4,21,6;2,22,4,10,14,18,1,26
15,23,16,9,13,14,21;2;13,1,18,16,21;12,27,13;11,15,17,28,25,19,3,22;9;4,25;18,28;0,9,5,8,28,26,10;14,15;9;19,25;26,24,18,28,19,3
7,9,29,0,16,4,26,28;21;16,22,5,18,10,6;15,12,7;4,11,2,12;7,25,26;26,21,28,27,15;16,9;22,4,15,6,11,26,13,2;18,14,8,11,3,12,26;29,8,25,15,10,13,28,22;27,28,16,17;28,2,7,23,20,24,25;24,23,9,8,12,19;8,17,7,14,21,11,19;14,18,26;25,29,0,11,3;6,0,8;17,6,18,27,16;3,27,18,24,10,15,8,4;28,7,18,8,21;24;14,4,15,9,2,24,10;9,6,26,20;8,18,10,24,20,29,15,25;28,6,13;12,4,7,29;22,5,9,0,6;5,4,26,11,13,24,25;14;19,5,20,28;19,12,8,23;4,16;0,23,20,27,25;29,25,6,27,16;8;14,29,25,18,23,7;29,10,15,23,16,26,17,9;3,20,5;26,22,27,14,8,17,10;5;20,25,16,27,13,2,24,4;18,3,14,24;21,16;7,25,28;28,6;25,9,26,20,29,6,21,10;10,23,28,17,24,2,9,16;12,1,11,10,24,21,0;26;20,21,12,6,16,22;17,28,21,10;21;6,10,12,19;7,17,8,26,29,3,24,1;25,12,17,23;24,10,14;9,18,10,19,22,26,13,1;9;26,6;29,3,23,24,1,15
18,27,14,3;17,4,16;1,3,4;10,2,23,28;5,8,25,6,28,16;1,29,25,0;10,21,19,26,4,25,12,15;9,16,28,0,10;19,7,16,9;8,10,29,4,26;28;10,29,2,21,15,3,17;11,19,7,8,14,0;24,15,21,28;1,28,23,24;14,15;8;11,28,22,5;13,6,7,4,16,15,27;13,17;13,25,26,23,9;14,6,17;9,19,3;17;15,11,16,6,25,24,22;29,0,4,22,1;1;4,14;24,22;5,17,27;25,16,13,14,2,21,28;16,26,20,9,11,1,24;17,23,13,8,25,27,11;1,18,12,0,9;26,5,2,6,16,8,11;28;17,18,20;11,6,24,15,21;22,20;4,20,12,15,22,25;7,4,28,1,23,21,29,13;16,17,0,23;1,0,4;6,11,9,21;7,25,14,16,17,4,26;26,29,22,5,8,4;5,3,7,23,2;20,25,19;18,22;18,14,7,1,21,27;2,3,17,4;9;8,27,29,18,21,19;11,14,26,13;2,26,6;6,12;8,25;7,27,21,9,8,19,12;29;9,7,4,3,19,0;20,24,11,21,22,16,15,18;26,8;7,25;20,28,19;29,2,18,4,1,15;29,21,13,8,26,11,0,28;3,27,24,1,11;9,29,3,1,5;29,2,21,15,3,17,4;18,25,21,1;21;7,13,29;26,29;6,22;17,16,27,5,11,25,12,29;28;4,5,27,0,7,28;20,17,4,19;24,6,28,13,11,14;8,17,6,26,14;11,4,21,15,17,18;0,13
11,10,24,12;21,27,9,11;13;26,23,0,18,6,11;1,7,21,10;22;25,29,14,17;6,7,21,1,13;13,22,11;14,5,3,25;25,23,10;9;16,21,19,14,18;5,15;17,2,10,29;25,29,28,15,14,0,27;26,0,13,12,19,2,27,8;26,18,4,28,17,3;20,1;24,19,13,23,0,17,4;20,7,11;1,2,15,0,14,7,3,16;15,10,11,13;17,25,20,24;22;20,6,14,17,0;23,24,11;17,10,2,19,29,4,7,25;5,25,3,19,9,23;8,28,6;6,27;18;11,9,27,21,15;9,0,14,6,4,16;8,2,22,4,19,20;3,18,13,5,22,8,28,7
11,5,23,14,1;19,20,0,22,7,16;18,1,24,4,15,27,2;10;10,0,3,14,27,18,7;18,12,15,28;3,26,9,18,16;12,28;15,0,3;29,17,6,18;9,24,22,7,11;14,26,17;4,15,9,16,0;18,21,28,4,29,7;6;7,17,22,28,5,2,3;6,3,14,25;6,16,0,17,1,22,24,8;28,18,23,3;28,13,18,29,1;29,13,27,16;15,6,21;10,3,24,15,11,4;2,9,18,14,6,8,3,19;2,22,3,11,16,5;26,20,14,11;5,2,10,3,27,16,20,1;13,3,29,9,26,8,21,12;10,13;0,8,6,11,10;6,8,3,21,29,0,1;9;7,5;2,14,0,6,7;22,11,1,14,17,20;11;29,10,17,27,7,15,8,3;3,1,20,22,27;20,24;27,24,2,26,9,15,19;16,5,12,2,7,3;28,29,18,0,20,11;0;13,22,14,27;23;8,5,1,27,25,26;9,14,15,21,25;25,23,2;14;23,10,12;7,16,14,29;23,10,1,29,11;12,22,14,4,21;14,9,13,29,19;6,23,22,11,3,27,12;18,11,20,16,14,8,17;22,10,11,1,4;12,1;29,28,2,13,17
11,8;23,4,28,9,5,6;2,23,13,25,29,15,19,18;2,27,13;0,7;0,15,14,25,22,12;0,1,21;16,15,2;22,21,28,25,29;11;12,27,1,6;24;6,29,0,12,3,11;18,28,24,4,20,1,15;22,3,10;8,28,17,14,2;16,6,27,22,14,15,20,23;25,1,20,19,3,13;5,4,24,15,29,9,0,2;16;7,26,15,8,16,19,12,17;11,2,1,29,23,0,15;27,13,11,25,17,28,7,23;15,17,27,2,1,8,11,24;3,2,23,24,12,6,13,28;17,22,21,19,23,20,9;9,24,20,25,13,3,7,2;17,13,1,23,28;20,15,28,25;24
0,22,18,29,11,6,1;14,23,18,22,4,7;3,18,27,8,7;14,15,12,27;15,23,14,5,1,18,19,0;2,0;9,15,22,14;19,24,14,26,22,28,6,16;12,1,8,23,2,27,14;24,15,22,17;4,25,27,10,12;3,1,5,14;13,3,12,25;1,21,26;7,26,21,24,17,9,22;14,25,15,4,2;9,1,24;26,21,13,18;15,10,23,7,2;29,9,17;12,26,5,14,27,20,25;1,17,23,21,14,19,26;14,13,4,16,27,29,11;27,29,4,10,25;1,2,25,8,16;25,10,16,21,11,15;1,12,29,24;25,13,9,27,16,2;21,1,22,13,25,5,17;2,16;11,19,2,4,21,28;16,6;13;5,12,29;1,7,18,12,5;25,22,1,10,24,14;26,13,22;17,23,28,29,13,27,1;10,15,3,28,13,9;9,13;12,17;13,25,24,6,4;4,20;2,13;26,25;4,25,1,28,18,5,9,3;12,8,16,23;9;14,16;12,0,14;1,9,22,8;14,11,28,0;26,25,14,11,19,7,16;13,14,1,15,6,8,29,24;28,27,17,9,5,3;25,29;25;10;15;8,21,10,5,29,6,19;20,7,2,21,26;18,8,10,6,3;23,7,0,2;26,16,7,24,1;2,24,23;17,29,12,16,22,25,5;5,7,12,19;3,27;7,21
0;24;13,20,23,11,16,15;19,11;25,21,28,14,18,11,16;28,17,29,22,2;26,29,2,11,19,0,22,24;22,29,6,26,17,21;21;2,19,27,3,15,9,1,23;20,14,3,19;17,2,25,26;13,12,27,8,9,17,10;11,12,21,16,24,6,17;25,0,13,28,24,7;8,28;3,17,24,18,11;12,1,19,13,24,22,29;1,20;10,6;6,9,10;9,13;6,10,15,18,19,23;3,13,24,26,12,11,6;15,13,29,26,25,9,14;0,26,19,7,12,4,10;4,3,2;21,25,2,1,28,23,24,18;23,17,11,20,4;26;29;13,15,22,24,8;1,11,28,4,9;24,0,17;18,25,10,7,3,14,23;12,28,26,4,24,29;7,0,25,14,27,3,9;8,19,11,2;17;19,17,8;22,16,10,28;6,23,7;15,26,28,9,7,18;10,17;7;9;9,17,5,24,21,22,1;0,2,1,9,14,24,8,20;12,0,26;24,9;14,16,6,28,12,2,25,23;1,11;4,1,6,9,28;7,3,21,15,26,2,28;27,10,6,12;13,6,28,3;16,3,18,19,21,28,4;28,25;6,25,11,24,12;8,20;3,20,16;29;12,17,19,13;3,9,6,0;4,0,5,15,9,7;18,2,17,19,23;26,22,13,20,18;10,16,9,3,18,4,20;4,11;7,29,17;11,10,25;8,19;24,10,20,6
23;24,5,2,10,4,14,18;16,27,23,29,17,21,0,19;7,23,16;20,10,19,3;18,20,3,26,25,8,27,9;3,13,22,21;24,25,2;13,27,22,24,8;24,21,9,1,23,11,19,2;29,19;29,12,13;8,23,18,4,29,12,0,1;20,8,11;18;13,29,20,23,22,28;16,22,7,19,5,24,18,3;15;4,19;29,25,4,19,20,17;25;11,9,27,12,3,21,14;18,21,24,19;3,25;28,27,10,29,25,8;6,10,17,19,5,15,1;11,18,28,7,2,20;16,17,8,12,5;9,4;10,8
22,6,27,0,25,3;15,23,8,12;14,0,5;25,12,18,7,19,17;28,17,3;26,18,8,14,9,1;11,27,4,3,26,29,1;23,29,3,12,26,14,21;7,8,21,4,11,22,26,0;1,7,22,0;8;24,14,5,8;0,10;3,25,19,27,6;23,27;13,29,26,24,5,9,10,14;19,25,1,18,24,20,0,5;18;14,26,8,4,5;16,26,13,9,17,8,20;10,25,15,8;19,28;24,16,2,6,7;7,16,11,4,18,9,26,8;8,7,11,22;10;10;7,4,23,24,18;0,8,9,17,21,12,2,18;3,4;11,3,2,27,0;7,13,1,28;16,4,1,8,25,0;27,17,25;23,17,27,19,26,29,12,9;22,19,2;9;4,25,10,29,21,19,1,5;12,0,23,17,1,24,7;6;2,18;24,25,23;2,20,19,25,16;3,23,25;21,24,27,28,17,14,23,2;13,28,0,5,17,16;19,14,5,8,24,6,17,23;13,10,15,17,4,22,27;27,10,12,7,6,25,8;23,5,19,16,11,2;29,19,17,7,13,3,1;21;25,26,7,24;24,25,18,14,15,5,3,7;17,28;26,2,24,22,18,17;24,28;2;21,12,13,4;27,12;2,1,5,6,24,15,27;11,15,10,9,12,16,3;10,26;23,24,29;4,1;0;28,9,5,21,19,12,17;4,3,7;10;27,16;13,9,22;3,10,20,4,6,9,25;20,28,24,16;6,18;3,0,19;28,9,7,4,3,14,1;11,21,10,14,19;21,3,14,1,24,19,10;21,22,17;5,6,14,23,4;4,15,24,23;27,4;10,24,18,27,3,6,12;26,8,19,17,25,23,14,5;6,20,23,13,3,2,21;15,0,14;22,29,0,23;15,13,7,12,26,2;15,12,17,29,23;6,7;0,5;12,17,11;3,20,24,28,0,10;9;20
5,9,24,27,20,14,1,22;12,4,16,14;28,26,21,17;22,15,21,19,25,7;18,7,29,23,19,26;7,17,28,6;26;11,13,12,20,6;15,25,6,23;17;17,16,11;5,12,29,2,7,26,13;13,3,7,29;25,16,26,19;18;25,15,26,8;13,5,17,1;21,26,16,12,2,25;24,6,28,15,29,10,22,17;2,6,23,4;3,19,8,9,6,20,25;29,4,13,2,20,19,16,15;11,7,22,28,3,25,4;6,4,1,7;6,7,16,3,5,9;29,15,4,19,26,0,21,3;7,12,20;18,24,25,6,14;12,2;18,10,27,16,3,0,6;6,2;28,4,1,18;22;12,23,29,24,22,14;15;24,17,29,1,3,15;1;2,19,5,24;0,17;7;8,22,29,13,14
24,11,6,23,8,2,27;3,25,28,2,14,23,0,11;19,12,25;22,23;25,3,19,20;5,25,12,22,10,27;2;4,11,13,2,18,26,19;5,28,18,19,24,3,0,1;27,0,29,24,4,22;3,5,4,18,13,16,9,22;26,21,17,12,27;19,21,8,17,25;25;16,17,5,3,19,24;21,27,16,9,25;8,28,17,7;23,11;10,24,2,15,13;26,4,7,28,21;15,1;15,11,29,13,19,27,2,8;20,24,14;25,27,3,29,17,13,24,8;16,6;15,17,20,22,6,26;18,19,29,3,6,14;23,10,12,9,16,4,3,17;22;23,0;2;24,14;11;27,23,5,24,21,8,13;1,22,14,27,24,18,8,28;18,22,17,2;23,15,9;22,21,18,14,0;17,23,22,8;20,10,24,26,6,4;13;2,29,9,18
20,18,7,27,29,25,14;20,2,1,29,9,8,15,24;22,17,13,20;16,14,1,15;8,18,3,26,22,7,23;27,18,5,4,11,25,12,17;24,0,28,27,25;15,12;13,16,0,20,14,3,7;1,29,22,26;16,23,9,20,28,1,17;0,20,11,5;5,6,15,2,20,22,4;29,20,25,11,26,0,23;12,23,28,21,0;7,25,15,9,6,4,19;13,8,9,11,17,20;13,9,16,28,24,18,4;25,8,2;9,0;17,19,20,18,13;7,23,13,27,2;5,16,18,28,13,24;7,13,19,14,9,5;10,13,1,12,22,26,29;4,9,6,8;0,22,14,23,12;10,22;14,29,0,10,1,27,26;4,7,20,28,21;26,12,22,15;19,23,18,20,1,22
23,7;24,13,18,10,11,19,6;8,26;23,21;4,28,19,9,14,20;6,16,4,27,28,19,10,23;27,13,23,7,28,12,24;24,15,22,10;29,0;24,17,6,3,19;11,20,22,10,17;4,27,23,5,14,21,28;26,1,15,6,4,21,2,0;22,3,19,20;24;5;6,19,2,13,8;7,16,12,13,10,24
12,7;21,9,16,15,25,20,13,4;11,23,24,25,9;26,17,21,6,28,24,2,16;17,21,24,5;7,10,12,20,28;3,19,7,1,17,11;3,4;1,6,28;14,4,1,26,13,23,28;22;6;22,0,17,2,4;5,7,20;0,20,2,22;3,24,18,28,13,20,5;22;1,0,6,23,17;4;6,27,8;15,21,4;23,22,3,11,5;3;21,19,13;12,6,18,19,21,11,15,25;18,9,5,21,8,1,25;9;9,10,12,0,14,7,25,11;27,5;11,3,5,23,19;20,1,5,17,9;12;19,20,1,27,9,2,11;12,9,0,10,19,14,13,29;17;12,15,28,18,2,4,17;26,14;7,15,16,6,4,13;0,28,2,13;28,15,2,10,9,8,13;2,0,4,5;29,8;25,14,29;29,19,23,0,13,12;10,21,16;26,27,7,1,22,8,20;9,2;4,6,7,19,9,27;18,6;29,15;10,20;28;10,4,9,23;28,19,4;16,4,24,3,29,11,6;8,19,2,29,28,6;17,8,23;2,27;23,27,18,21,16,10,9,25
9,5,0,21;14,23,29,8,10,25,22;6,10,21,1,25
