7,13;19,1,25,28,11,9,10,6,26,16;19,22,9,29;9,12;4,2,25,16,1,24,11,19;0,28,15,3,21,25,26;14,0,6,21,29,1,24,17,4;14,5,7,17,20,18,0,25,29;14,0,3,26,20,21,17;17,6,12,19,5,14,29
4;25,20,17;21,25,5,2,7,6,29,20,1,22;22;11,24,19,5,4,21,29,8,27,6
9,1,29,17,28;18,29,2,9,13,5;0,22,11;19,20,3,0,13,2;0,25,23,28,17,14,12;20,18,28,8,1,5;22,7,5;16
23,17,2,7,12,14,26,29,13;1;17,4,21,15;13,4,3,6,14,9;8,25,13,16,3,15,4,26,12,29;23,28,27;27;5,18,23,14,26,24;28,1,2,16,26,24,4,21,11,0;28,15,13,6,12,5;14,25,28,19,17,13,26;26,21,16,4,6,5,19,25,10;28;26,10,8,7,19,21;25,14;13,23
27,4,20,7,14,19;7,10,25,3;24,14,26,25,11,8,17;18,12,14,11;19,4,9;9;12,21,3,2,25,10;4,28,18,15,23,29,13,25,12,11;0,13,23;10,22;15;16,14,23,13,18,25;11,17
25,26,14,12;10,21,13,23,12,14,11,25,27,24;15,26,10,21,5;17,5,28,7,2,26,25;22,15,23,6,27,9,14,18,12,7;15;15;23,9,22,15;25,28,1,18,16,15,29,13,19,0;3,26,25
13,23,19,5,9,6,0,27,2;20,16;15,11;4,19,24;22,6,5,24,16,14,29,7,1,8;27,20,2,17,23;11,28;14,15,21,12,20,0;26,0,18,22,28
23,13,1,8,20,29,19,22,10,2;28,11,8,4,23;19,21;23,8,17,10,12,5
28,29,17,27;10,18,13,1,24,11,29,0;18,13,16;23,0,17,15,26;1,0,16,22,23;12,10,13;23,29,16,27,2,15;4,29,1,17,2,0,26;16,4,13,23,17,12,2,3;14,3,18,29,27;16,15,4,1,2,7,14,17,8,18;16,24,7,20,23,13,25,21,2;2,1,9,12,15,22,29,18;9,23,5,27,20;25,3,2,9,10,24;0;22,9,6,13,21,25,7;7,4,16,10
19,20,16,10,7,1,12;25,29,17,27,6,20,26,15,10,3;2,10,9,20;25,4,1,10,26,29,5,13,14;15,12,20;19;2,26,20,25,1,23,18,3,27;28,2,5,26,15
15,6,12,3;17,1,5,27,22,8,11,25,6;20,9,13,0;17;15,27,20,17,4
18,21,24,13;11,20,28,6,0;24,3,1,27,29,20,19;9,28,25,0;3,28,10,2,8,5,20,14;13,2,20,12,24,1,7,11,27,15
16,20,11,7,1,5,25;16,4,7,1;9,25,7,29,2;5,19,7,20;19,21,0,27,5,4,14,13,24,28;5;25,22,6,9
22,26,0,12,1,17;16;8,3,0,15;24,21,25,9,11,26,3,22,4,1;24,5,26,11,25;8,26,11,23,20,25,0;21,6,15,8,13
10,8,21;11,1,0,19;12,17,27;3,19,14,10,0,1,17,28,12
15,2,25,7,3,18,6;21,15;19,12,29,11,10,9,25,24,23;12,17,7,0,23,6,18,1,8,24;14,20,25,29,18,17,27,6;2,17,22,21,19,3,26;19,27,12,21,3,10,6,5,11,22;7,27,10,8,19,29;19,1,25,12,28,9,29,17,0
6,3,13,20,22,9,24,1,29,10;22,14,5,28,7,9,26,12,20;15,7,17,1,26;11,7,16,19;13,24,8,18,5,25,1;16,25,17,2,8,27;3,24,20,28,10,21
7,1,27,14,26,22,25,3;21,10,2,11;29,28,20,0,24,16,4,21,15;21,9,3,1;0,4,23,15,2,14,12,19;14,25,8,13,28,18,15;11,21,10,23,3;1,20,16,2,25,4;19,29,28,13,20,24,26,14;4,28,6,3,9,22;9,24,17,14,23;2,9,22,27,5,19;15,13;15,8;15,16,11,9,20,25,22;11,7,29,24;0,17,20,27,9,29,13
10,0,17,20,19,4,21,7,1;13,3;24,1,7;28;22,23,14;22,10,28;25,19,2,6,9;19;23;4,8,29,2,22,11,23,17;8,20,3,18,11,9,13,24
27,16,4,12,5;24,16;12,2,17,25,24,3,22;20,26,27,8,5,12,15;16,8,23,5,0,26,12;4,5,13,29,18,21,22,14,20,3
28,15,19,12,10,20,13,24,27,22
26,6,27,18,10;29,11,20;29,22;24,7;24,27,26,10,0,3,1,4;3,11,20,5;8,3;14,27,10,3,4,18,17;25,6,3,14,4,20,8,15,21,12;3;17,9,13,19,24,29;1,16,12,6,18;25
23;12,10,28,6,25,4;29,13,0,8,26,19,18,25,5,28;27;5,16,9,23;9,8,10,14,7,12;16,14,11,8;7;5,0,11,16
6,15,16,20,25,24;19,18,23,26,5;2,7,13,19,23,15,29,8;15,14
14,27;29,11,14;7,27,28,16;27,24,28,21;22,5,1,11,26,20,12;22,6,20,17,18,12,1,26;28,1;26,12,3;25,18,1,22;15,2,1,23;4;6,10,5,1,12,21,11,2;29,26,11,5,10,17,16;0,19,1,26,8,23;16,25,7;16,17,12,18,14,26,7;5,19,12,4,17,7
22,9,21;2,27,9,7,17,20,15,0,11;20,6,0;8,1,27,18;11,12;28,23,21,9,8,12,15,4,24;26,21,29,12,20,14
18,7,9,26,24,2,3,21;24,12,18,3,7,11,19,21,6,4;24,17,16,10;23,6,15,28;3,5,17,11,15,9;26;14,18,0,6,28,15,9,5,13,12;11,6;14,28,2,29,12,11;27,18,15,28,13,0,22;19;0,25,28,7,26,9;19;16,27,6,28,14,4,22,0,5;5,1,25,20,26,16,6,23,21,3;24,11,26,22,18;21,10,27,20,24,7,19,11;25,1,6,14,8,0,7,12;26,19,28,20,10,1,15;13,20,21,6,0
9,24,14,0,11,27,2,6,18;9
20,25,18,5,11,2;12,1,20
19,29,25,28,7,5,11,17,18,15;3,20,9,1,17,5;5,1,16,4,21,8;20,22,27,26,28,23,9,24;27,7,21;8,20,11,21,4,26;16,20;22,24,9,14,17,1;23,24,26,25,28,13;20,27,29,21;11,28,9,19,6,21,15;24,13,7,0,18,27,26,1;4,22,6,0,24;17,8,28,29,19;12,24;8,6,21;10,4,17;29,4,3
10,20,28,19,0,5,13,23;24,12,18,23;3,9,19;7,8,14,28,29,21,15,1;7,11,5,22,9,3,28,27;8,20,4,16,28,29,25,9,19;4,26,17;8,26,12,0;10,23,26,20;24;8,26,27,15,21;0,19,24,6,29,15,23,14,25;6,5,3,17,28,0,25,20,19;20,5,13,1,29,27,9,23;29,9,2
7,24,26,17,22;8,2,11,13,21,16
6,21,9,20,2,17,4,24;21,15,26;23;15,1,11;27,25,23,20,24,3,2,8,4,0;6,25,18,29;28,20,0,2,18,17,15,25,8;15,11,16,6,27,4;26,23,2,27,19,1,25,16,4,17;18,12,0,9,28,24,22,1,7;19,22,6,8,20,28,3,7,9;24,21,29,6;6,13,14,27,20;9,28,16,27,25,14,2
6,24,5,7,0,29,26,3,9;14,12,16,10,20;9,28,2,23,8,21;15,11,20,7,29,1,2,18;2,14,17;8,25,16,15,21,26,18,7,24;28,27,0,15,21,29,17;20;3,21,2,29;25,16;20,25,17,1,22,16,23;24,29,8,2;28,0,18,10;8,19,23,5,26,29,10,14,25,20;27,11,13,16,5,1;20,18,3,29,10;12,8,22,19,9,1,15,27,11,13;6,29,15,9,4,3;5
7,16,14,25,15,0;3,2,26,13,18,29,23;7,23,27,0,22,2,16,18,24;0,21,5,4;21,16,26,25;18,14,21,28,8,22,1,5;19,4,8,26,29
7,15,20;12;20,23,24,18,27,9;16,10,6,25,27,3,4;0,3,21,25,2,5,6;25,10,0,19,12;16,25,2,4;23,2,26,6,27,18,13,9,16,12;19,23;7,20,28,17,1,16,4,2,9;27,24,16,11,14,26,2,5
16,6,14,15,29,11;15,7,20,6,14,19;25,6,28,20,3,17,4;16,0,1,14,28,13;20,6,1,14,17,4,27,25,22,7;5,28,25,2,20,18,14,15,4;17,11,13;17,12,10,6,26,0,29,4,18;24,27,16,21,18,12,10,26,3;0,11,21,10,15,27,20,29;6;24,16,0,21,14,8,2,5,28,13;0,7,27,5,12,22
15,23,7,11,10;4,17;24,2;28;18,21,20,2,13,8,12,11;10,18,2,25;8;23;7,12,25,21;10,22,12;13,4,25,9,3
11,26,25,20;9,14,16,4,19,11,24,15;25,16,8,12,19,14,23,18,3;9,10,11,2,20,26,23,17,13;10,6,17;1,23;29,8,17,26,13,2;28,24,14;19,17,9,18,1;12,20
14,20,23,9,13,11,7,1;7,28,17,15,25,23;0,14;16,19,13,17,15,24,18,1,28;14,4,10,13,27,1,29;29;6,9,25,5,16,24,7,4,27,19;16,12,23,22,17,20;18,24,29,0,8,15;11,28;3,18,14,20,27,4;10,7,21,6,11,18,26
8;2,12;11,7,10,4,6,25,0
11,23,12,28,14,22;12,8,15;28,9,7;9,15,6,28,19,3,22;10;12,2,23,16;18,12,19;22,21,20,29,9,8,1,4;29,22;26,20,0,27,24,23,18,5;0,8,11;22,12,29,26,21,6,2,14,4
8,18,20,28,19,10,2,7
22;15,2,12,19,8,11,1,18;15,23,20,18,8,28,3;20,28,2,0;11,14,20,24,4,3,15;28;2,27,7,13,25,15,5,28,12;0,6;4,1,15,19,0,24,3,28,13
28;6,12,16;26,12,22,24,28,21,5,2,20,16;18,29;22,11,27,7,21;18,11,12;23,10,14,12,16,26
18,19,13,15,1,17,28,11,26;23,25,11,12,18;13,0,21
3,4,6,25,19,23,16,17,21;3,29;2,20,3,12,17,29,7,10;15,5,0,25,21,23;28,20,4,18;11,28,21,23,14;16,1,6,7,21,25;4,14,28,20,1,13,17;20,1,2,23;13,7,24;10,14,17,19,20;3,13,8,27,19,7
17,24;15,11,7,16,10;18,25,28,5,15;2,28,10,0,21,24,16;2,10;25,12,13,9,11,15,0,8,6;9,5,10,14,26,15,16,8
14,29,4,6,2,0,7,20,18;5,3,22,8,13,11,4;29,16;17,11,20,1,4;22,7,23,16,15,18,27,0;23,12,26,1,21,29,18,11,0;11,4,14;8,11,25,7,6
0,27,24,22;24,17,14;9,21,20,1,2,26,10;1;6,28,11,24,17,25,19,15;4,23,28,12,6,10,14;2
