18,5;24,7;10,26,21,20,19,28,13,15;5;12,7,20,2,29;1,8,10,27
22,13,29,12,11,5,8,9;25,11,6,17,14;29,9,8;14,3,18,29,5,2,12,9;19,5,27;5,2,15,6,16,8;8,5,2;14,23,19,15,21,27,12;5,2,12,7,22;18,28,21,24,7,6,4;21,26,27,16,29,9,2;10,0,11,19;21;22;27,19,28,3;29,14;29,22,7,21,9;10,18,11,17,6,20;19,28;1,6,14,7,24
3,18,17,2,10,22;11,5,3,16,12,15,26;1,0,15,22,13;13,10,19;6,23,12;27,14,9,5,26,28,10,2;26,5,12,14,22;9,1;12;24,16,17;29;11,13,27,21,5,7,29;8;0;7,1,15;16;14;10,3,11,16,27,9,14,24;3;2;15,23,29,3;23,26,18,8,0,24,27;3,19;3;15,8,21,17,1,20,29,2;19,4,2,3,8,23,14;17,29;6,2,22,18,4,8,29
4,19;3,22,8,20,18,26;18,29;8,29,9;5,10,11,18,7;27,0,2,11,14;24,8,25,27;12,4;10,17,11;15,4,16,29,13,2,7;21,5,27,10;11,26,0;25,2,24,3;28,7,4,1,13,20,24,0;12,17,8,10,21,5;23,0,16,12,4,27;1,3,8,16,19;11;13,12,17,9,3,23;27,19;23,22,26,9,24;4,5,17,22,15,20,23;26,17;1,23,12,28,8,26,16,24;6,11,3,29,23,28;11,10,22,12,20;11;29,2,13,18,16;7,22,8,26;11,14,20,16,25,1,15;16;19,11;20,19,0,7,22;14,21,5,4,13,3,29;24,12,11,23;27,10,18,5,22,2,26;6,26,20,22;18,23,11;8,21,5,29,11,7,14,19
5,15,26;16,27,7,11,23,24,10;23,19,15,14,25,28;29,27,5,12,1,26,13,9;28,17,1,16,25;21,17,12;24,14,11,4,13;12,19,1,21;8,12,29,14,21,17,23;0,19,6,29;27,26,4,10;12,24,17,5;28,12,21,16,4,19,20,9;23,15,11,1;16,6,20,27,28,29,4,12;27,25,15,28,23,22,21,11;3,11,19;15,17,20,28,5;18,2,19,4;25,1,7;26,10,8,22,24;1,7,19,20,26,0;9,15,19,4,28;14,16;12,21,19;14,24,25,2,21,5;27,18,22,19,15,28,7;17,5,27,25;13,26,4;0,18,2,17;17,14,6,24,28,10,15,19;0,18;14,13;13;0,12,10,18,20,19,29
9,5,10,28,1,24,6,11;18,28,7,5,2,26,22;21,9,20,2,22;12,7,2,21,20;16;4,11,2;7,10,20,5,23,18;10,15,1,25,14;16,11,18,24,8,19,28,2;23,14,15,20,28,1,11;14,12,28,26,6,18,25;22,26;13,22,5,11,18;17,5,19,7;27,4,17,18,9,16;6,26,25,12,23,9,20,19;22,19,25,1,2,29;22,25,9,29;13,29,4,12,1;26,15;18,14,13,27,28,10,20,15;9,0,19,2,22,4;26,20,24,3,15,6;14,16,17,26
1,2,9;19,26,15,28,29,21,14;12,5,17;1,3,5,23,15,26,28;22,14,2,18;1,4,10,8,18,15,5;3,28,27,1;13,18,28,3,17,5,21,23;7,13,10,26,25;28,3,10,6,27;7,17,9;18,8,7;18,10,23,26,5,7;6,16,4,15,27;14,8,0,6,23;21,1;24,28;28,12,19,6,11,20,1,21;17;3,28,21;8,14,29,27,26,23,20,17;29,24,8,5,2;17,27,7,12,25,23,14,20;10,26,28;24;1,6,5,18;26,7,9;7,2;26,0,15,10,27,29,4,5;17,12,13,23,0,27;0,10,20,16,27,7,29;11,26,9;16,28,6,14,20;18,7,15;9,1,25,8
19,26;16,6,12;5,24,27,23,13,26,7;16,20,17;28,14,18,26;20,8,13,22;24,15,14,10,7,25,20;23,21,26,10;5,1,10;28,20,2,29,16,13,24;21,23,1,2,7,14;13,0,21;19,4,3,14,27,25;29,1;17;14,13,4,19;0,15,12,9,24,1,2,14;7,10,19,18,11,9,27;12,26,5,3,7,27,11,2;2;1,26,15,21,5;8,28;25;2,20,13,27,1,0;9,29;22;25;29;29;26,5,18;21,2;27,28,20,14;24,28,8,15,0,27,5,10
22,5,0,11,12;24,7,11,27,25;0,4,20,26,29;25;27,14;9,13,17;21;27,1,28;29,0,6,4,12,25,11,8;10,24,16,13;1,28,15,5,4,7,20;2,3;16,22,6,20;6,28,10;6,5;27,28,13,2,22,15,19;18,0,7,21,27,28,22;26;17,7,28,27;25,28,16,20,9,21;19,4,17,16,6,22,1;8;19,23;17,26;9,12,22,1,14,28,6,17;28,4,21,5,17,14,23;27;0,1,25,2,15,21,22,16;20,9;3,25,22;26,13,1,10,17
13,4,1,2;18,15,6,16,13;10,1,22,13,0;27,8,12,10,16;8,11;5,25,15,16,13,1,7;3,2;17,25,16,24,26,20,9;9,15,8,24;10,13,22,21,19,16,24;2,21,16,0;25,17,19,21,8,6,26,9;23,28,19,7,0,11,8;20,3,14,4,8,11,23,10;8,4,26;16;25,26,2,7;13,24,23,15,4,1,29,26;13,17,10,21,9;7,19,22;1,24,4,11,18;17,0,28;22,2,25,4,17,5,14,26;25,28,11,21,5,20;8,20,25,21,13,24,17,29;23,10,22,8,17,25,16,18;3,19,1,2,25,17,16,27
18,6,29,28,21,3,15;25,0,13,20;15,21,22,1,9,3;21,7,12,19,3,22,26;8,17,6;4,16,5;24,6;5,26;5,28;15,11,23,3,12,10,20,26;24;0,23,4;22,17,25,21,13,2,10,14;17,21;6,24,18,29,14
28,29,6;13,16,19,2,0,25;24;28,2,10;28,18,11;0,22,10,13,9,23;22;26,11;4,21,2,5,12,11,16;23,15,14;3;12,27,29,19,6,8,22;27,5,16;9,25,8,17,10,5;16,21,6,14
11,1,21,22,20,23,5,16;25,16,0,9,2,3,10;17,4,24,15,2,3,27,14;5,12;8,24;21;28,29,25,9,1,3;22,24,28;5,18,15,2,29,13;21;19,15,3,9,22,7;8,22,21,26,17;13;10,25;0;3;13,12,24;6,13,18;8,23,3,27,6,19;29,28,27,7;4,7,23;13,20,22,6;29,5,6,1,11,21;12,9,29,3,14;11,27,8;6;18,29;14,28,7,3,9,4,2,19;7,18,9,6,5,14,26;0,27,16,22,25,29;14,0,25,21,4;21,2,23,19,18,13;18,26,5;6;28,1,2;28,21,27,16,17,24,15;16,28,4;5,0,6,10;7,10,20,22,18,16,28,6;27,6,21,10
1,0;8,20,1,11,12
9,11,24,29,21,27;27,1,8,10;8,17,25;11,13
23,21,22;17,26;24;5,10,7,29
7,21,15,9,20,13,3,17
3,11,7;17;26,17,24,23,21,0,20;4,7,3,13,26;1;29,9,7,2,24,6;1,4,27,5,13,2,24;0;5,13,20;26,22,17,1,9,14,12;5,2,21,15;17,26,22,11,8,19,2;26,7,27,8,18,9,11,12
14;10,29,15,1,8;3,24;16;19,24,18;0,12,19;24,14,6,18;12,18,5,16;18,21,10,1;20,6,22,19,9,1,11;19,12,29,7,6;26,4,13,11,9,22,21;26,23,21,27,25,15;22,15,26,5;1,16,10,5;14,20,1;10,5,2,9,27,8,15;26,17,9,3,11,7,8,23;17
5;25,15,22,16,29,12,24;2,23,12,28,19,26,22,27;2,8,16,23,24,9,0,17;13,5,25,6;4,28;4,28,11,25,19,7,1;16,28,3,24,13,25,4;18,3,23,26,7,17,5,20;9,4,18,11,23,27;28,15,3,17;12,4,2;9,26,28,10,7,3,17,19;2;11,26,20,28,7
19,1,24;3,17,20,22,11,0;11,12,10,0,21,26,6,5;19,15,27,10,8;19,16,25,23,8;7,28,29,14,22,11;20,4,10,5,21;29,0,23,28,18,14,8;19,8,17,21;11,18,28,16,6,1;14,0,1,24;22,0,5,20;21,18,26,28;18,5,28,20,4,24,9;7;21,14,18,1,28,2,7,27;0,11,1,15;23;11,4,8;28,8,3,23,7,15,9,10;29,24,25,28,13,23,27;19;22,18;26,16,5,28;18,8,10,7;12;28,14;5;28;22,10,21,9;17,22,19,26,12,8,20;28,29,22,0,14,24,25;8,20,12,13,28,1;21,0,6;22,15
25,4,17,18,29;26,25,4,14,23,6,29;5,2;19,25,26,27,28,12,13,21;26,9,1;26
23,16,13,21,0;16,9,2;5,0,24,26,13,28,3,18;21,26;4,9,12,7,2,29,15,23;0,2,12;21,17,23,1,18,2;3,25,12,24,26,9,15;2,13,5,18;10;17,5,12,8,22,9,20;16,18,14;22,8;20,26,17,0,15;11,26,24,9,7,23,13;4,20,10,22;17,18,8,19,0,6,23,11;4,28,20,19;11,3,13,15,26,2,25;9,29,7;14,1,22;10,20,14,5,12,21;12,9,17,3,10,7,24;11,29;28,0,26,25,1,20,23,13;20,17,28,25,14,12;14,29,22,19,2,28,8;14,3,4,5,1,15,12;1,15,28,19,16,24,14,7;3,7,21,19,6,28;5,12,7,11,19;14,7;0,19,27,4,5,3,26
3,13,14,16,28;18;29,18,16,19,11,14,26;8,7,6,26,3,24;15,4,14,16,13,19,11,0;27;24,26,15,13,20,23;22,16,4,2;25,0,17,29;23,8,9;8,22;11,21,13
5,17,22,28,14,27,25;14,12,4,8,25,24,1;0,17,23,27,15
22,21,23;9;28,3,20,14,11,26;6,17,14,2,18;25,0,18,29,12;29;13,11,22;14,2,21,20;14,16,7,1,4,25;28,8,24,5,27,2;25,11,17,19,6,15;22,3,18,21,1,10,9,29;2,4,28,11,6,3;1,12,18,15,25,10,0,5;14,8,22,0,1;22,9,14,2,29;9;1,17,16,23,26,6;5,0,16;14,20,19,21,22;10,25,28,12,1,6,2,26;27,2,0,21,11,17;21;28,27,10,25;9,13,23,14;7,1,26;16,11,2,22,21,9,28,13;23,25,19,28,12,18,5,0;21,4,29;9,3,7,15,14,25,5;11,22,0,23,10;16,9,12,27,24,1,0;19,21;1,25;26,23
21,8,24,9,10,5,4,18;6,4,22,17,25,24,29,18;23,28,0,5,8,25;22,10,13,28,0,18,29;10,4,16,26,0,22,23;4,22,20;19,16,5,11,23;4,0;8,26,23,6,20,18,11,19;2,18,3,25,14,26;9,17,19,26;16,23,27,19,7,26,14,5;19;28,12,26;19,9;1,16,25,19,27,23;14,10,29,16,20,8,13;25,1,27,11,19,13,10;29,16,22;19;6,24,22,12;27,29,22,10,18,23,25,15;17,10,16,15,18;20,23,19,18,1,12,7;6,5,26,29,25,17,21,19;13,25,14,6,2;0,5,28,25,7,2,15;19,11,14,0;5,2,19,0,13,21;3,5,14,8;7,2,11,16,12,29,3;7,13,1,21;24,25,14,13
24,3,16,20,17,2,6;24,3,5,2,10;13,16,14,10,28,29,27;3;22,29;6,24,15,13,2,19,9,29;26,4,28;3,27,7,15,4,26,1;26,8;19,14,23;26,6;26,19,23;2,1,3,20,14;12,18,29,20,14;21,27,22,20;29,2,21,5;24,12,19,11;5;27,15,2,0,21,9,14,16;2,9;18,4,29;28,0;19,11,4;27,21,2,15,10,3,28;18,19,16,28;4,0,28,12,29;5,15,7;16,21,29,25,13;3,13,22;7,21,3
3,26,18,23,29,14,27;10,20,7,0,17,2;13,19,23,9,28;5,20,10,7;12,17;10,28;18,13,19,23,29,3,22,14;15,27,23,10,2,9;20,1,17,27;19,26,7;0,17,10;22,20,5,26,12,13;10,1,7,4,8,9,16,26;18,12,25,29,9,8,21,20;22,13;6,15,22,0,5,3,8,18;21;21;10;12,15,7,20,1,16,3;27,8,15,29,24,25;17,27;6,20,7,16,11,18,15;12,21,2,22;21,24,25,17,28,3,11,18;11,26,7,19;21,4,10,0,12;28,26,22,20,21,12,7,18;0;10,25,23,20,22,26;13,5,22,19,20,3,12;8,10,29,3
29,18,28,4;23,4,5,27,16,3,17,13;26,28;9;8,10,4,24,20,1,9,26;17,6,22,7,15,21,23,5;22,19,27,25,4,21,28,2;2,27;13,27;7;26,4,17,18,15;21,26;24,21,19,4,27,20,15,13;29,24;0,13,25,21,10,29;2,20,1,19,3
24,1;8,14,7,12,24
14,5;27,20,3,12,14,23,24;8,23;2,7,13;12,2,0,29,17,15,19;28,6,5,25,27,11,1;6,0,26,27,5;4,20;29,18,9,2,24;8,22,16,14,25,4,6,27;13,4,26;11,9;14,1,24,9,18,12,15,11;1,16,21,10,17,5,9;19,22,21,18,2;13,9,7;28,13,8,18,10,26,15;12,19,20;5,19;23;16,7,29,3,0,28;28,12,9;27,7,29,18,19;1,27,7,14,11;5,7,12,3,17,11;4,27,21,6,15,3,10,5;0,21,28,17,23,1,26,9;5,26,18;24,14,6,5,15;16,9,12,17,19,8,24;3,19,2,25,27,24,1,5;10,27,8,26
9,4,24,19,17,26,20,23;13,15;18,13,9,22;24;8,20,22,7,2;11;29,21,0,26,20,8,9,14;21,1;7,10,26,8,9;23,3,0,17,18;4,12,26,20,1,9;27,3,22,5;25,14,15,1,13,26,19,29;10;26,18,6,29,20,15,22;1,12,5,6;19,13,14,1,12;1,29,18,19,17,25,6,20;0,5,29,18,25,13,17;14;27,23,26,18,15,14,19,11;29,2,11,8,9;17,28,2,15,18;11,4,6,10,19;19,14,9,20,12,28,16,0;5;10,25;29,11;18,27,11,7;19,23;27,18,22,2;24,11,28,9,1;1,24,27,26;1;28,20;14;5,21;9,29,4,15,26,2,17,22;14,15;10,3,27,9
0,2,18,15,4,1;10,22,18,15,16;27,6;13,6,16,26,19;4,17,9,29;26,18,11,24,21,16,1;1;25,14,4,16,18,8,20,3;23,11,4,18,26;28,15,27,14,11;18,0,23,7,26,1,3,14;11,5,25;17;19,10;8,19,21,2,13,9,4,29;19,18,14,29,8,27;5,11,9,0,28,21,1,26;4,5,17,29,15,9,6,8;9,17,29,15,26,10;5,19,22,26,29,6,10;25,22,14,11;21,9,22,11;8,16,19,15,23;8,12,2,18,19,6;3,26,19,15,13,25;8,0,4,22,13,5,26,17;28,22,20,18,12;29,2,23;5,12,8;16,18,7,27,28,2;23,10,15,29,28,0,20;7,21;26,3,8,13,21,6;23,14,22,10,26,0;10,27,14,25,19;1,4,6,16,10,29,28;29,28,21,10,13;15,19,18;13,15,29,3,24;10,19,4
18
23,6;8,29,16,3;21,0,1,3,15,8,9;7,21,14;19,28,18,8;25,22,14,27,28,3;1,27,29;23,17,18,11,16,7,24;11,0,12,25,26,16,20;1,8,18,23,22,27;0;24,9,28,21,17,0,8,4;3,1,4,10,11,5,17;0,15,17,13,2;29,22,7,13,28;9,15,2,11,6,10,27;7,25,3,16,12,29;28,12,15,16,26,4,20;25,12;29,28;18,16,3,23,17;15,5,16,19,1,10,2;7;0,19,7,23,24,20,6,2;2,22,18,15,16;10,1
6,20,11,16;5;22,25,23;24,4,28;1,24,12;22,25,9;8,17,11;17,0,4,13,5,22;29,26,6,9;4,1;7,25,28,11,22,19,8,9;22;11,3,18,17;16,21,11,17,29,20;4,18,28,14,19,1,26;28;9,20,12,3,0,4;21,14
28,15,3,29,21;13,7,15,3,29,20,10,8;24,3,18,4;6,12,0;16,13;21,9,4,7,0;25,4,22,24,16,21,18,0;28,2,23,27,7,19;17,15,7,20,21,11,0;8,14;23,20,2,28,6,29;13,21,10,24;18,25,7,5,13,10,22,27;29;22,12,10,18
5,11,23,17;18,16,6,14,20,21;25,26;22,27,9,14,21,15,2;17,19,7,14,11,21,25;9,15,10,19,7,13;21,11,3,9;29,27,21,26,11,0,12,14;18,25,15,11;13;28,15,25,21,16;15,14,26,24;22,24;27,22,29;20,4,5,22,28,19,7,24;3,7,11,0,20,8;19,13,17,15,2;29,10,1,13,4,2,22;22,28,29,19,11;11,29,5,17,22;1,25;18,23,15,25,26,2,6;5;6,19,11,14;3,27,0,9,12,18,19;14,10;0;21,24,17,7,5,12,1,10;20;12,5,19,24,18,11,0,6;5,20,17,22,10;7;20,16,5,10,25,12,28;18,25,3,29,7,22,12;16,20
8,26,18,12;14,24;21,0,19,20,12,6,3;22;24,10,27,19,23,8,9,6;27,19,13,9,17,23,18,21;1,9,27;27,16,20,24;27,13;23,10,22;27,12,21,28,26;0,13,24,21,1,4,17
23,17,18,21,28;10,4,22,14,19,12,8,13;15,27,11,7,0,28,12;28,10,26,27;8,21,4,19,0;6,20,16;8;13,4,22,18,15,10;7,29,3,14,24;16,11;4,28,18;28,2,8,11,7,21
14;1,27,21,0;16,3,20,21,10,2;1,6,8,14,12;25,27,10;8,22,27;4,15;12,11,15,23,7,4,9;0,20,21,8,2;16,21,8;15,18,10,1,3;4,6,29,28;8,16,9,18,26,15;23,6,24,13,11,15,22;11,16,18;29;17,6,14,9;21,23,22,1,7;19;2,19,6,21,28,26,29;3,21;3,1,17;0,21,9,7,5,19;20,14,25,19,22;10,6,26,25,11,8,5;8,2,18,4,11;20,18,5,19,8,13;22,26,29,7;21,23;29,25,3,26,20,9,16,15;14,12,11,22,17,20,27,21;29,14,15;6,24,8,12,21,18,5;6
29,13,12,2,22,19,4,10;18,14;2,25,22,26;22;0,25,13,17,24,19;1;7,29,2,18,4,27;12;20,5,29,23,0;10,3,28,0,21,25,26;6;8,23;14,22,19,16,26,6,27;13,5,27,14,8,18,28,17;29,24,7,25,19
6,7,21,25,19,2,22;14,9,16,7;23,29;17,21,23,16,24;1,15,8;12,4,27;28,13,16,23;28,19,10,4,25,9,17;12,1,25,28,9,15;7,23;28,8,1;16,18,2;1,22,2,12,17;29,4,22,12,26,13,18,0;15;14,28;28,18,22,8,23,17;13,8,11,23,10,18,19;0,7,4,23;23,12,11,17,22,6,28;20,12,3,7,9,18,22;20,13,1,22,5,8,24;28,15,24,16;22,17,25,4,11,13;14,3;20,18,13,10,22,21;3,12,16,29,7;20,5,11,7,17,8,24,2;7,15;7,5,4,26;5,20,21
1,22;28,17,7,3;16,13,22,24;26,16,20,21,5,22,24;7;22,4,13;29,20,4,11,5,17;23,4
13,23,10,22,26;29,13,4,12,5,19,7,24;18,27;17;17,18,29,0,25,13;13,20,29,28;14,8,15,18,0,5,1;24,11,17,7,4,28,10;17,21,12,14;14,18,15,11,5,26,16;23,12;3,11,12,9,14,8,5,28;7,2;17;26,16,9;7,16,22;29,19,24,23,26,18,2,25;27;10,8,29;3,29,19;21,7,6;5,13,15;14,9,7;7,2,17,4;5,10,3,29,0,4,17,12;0,22,4;26,24;10;21;5,4,9,8;26,15,17,14,12,19,11,4;20,24,16,12,8,11,14;26,23,4,13
26,5,29;28,20,21,9;6,25;1;21,26;6,28,12,3,27,29,8;24,4,6;26,12,4,28,8,7,29,0;27,16,6,9,24,21;18,20,25,9,6;27,8,0,18,7,6;19,7;4,16;19,24;29,8;2,8,12,29,18,0;26,4,15,29,3,17,24,8;25,16,10,18;20;29,15,22,11,14,23
1,19,29,7,11,5,12,15;21;4;23,24,3,25,2,0;20,19,11,2,22,0;19,15,25,14,0;0,17,11,23;3;16,7,9,5,26,24,3;3,5,18,15,24,26;7;22,3,24,23,19,12,25,17;4,17,21,11,27;3,14,5,1,11,12;4,20,5,13,3,27,1;23,29,19;21;29,10,17;22,4,5,3,29;23,11,18,12;18;23,6,28,18,22;25,6,4;13
3,24,23,16;20,22,13,15,19,12,18;21,3;21,9,11;6,22,23,16,14;18,12,0,1;17,18,7,12,5,27,4;10;21,18,14,7,20;11,0,17;11,0;15,2,21,17,26,0;17,21,14,25,27,26;21,8,15;18,20,16,26,6,5,19;29,8,24;16;27,18,7,6,16,5,26;11,15,3,10,20,27,29;29,26,28,11,10,4,22,20;11,3,24,15,4;7,26,1,16,25;3,9,13,5,11,22,2;14,19,24,6,18,10,22;17,27,22;15,9,19;28,21,8,25;11,14,9,2,17,1,27;14;3,27,5,1;2,14,9,25,11,6;2,26,0,3,8;5;13,10,0,28,6,29;8,12,15;27,1,21;26,12,23,1,0,9;21,2,9,1;29,5,9,17,21,11;12,0,29,11,3,13,10
0;23,9,24,26;10,25,22;11,23,27,19;22,20,6,8,19,25,10;8,25,28,15,20;22,7,16,11,10,1,28;25,20,28,12,11,26,14,5;17;9,27;22,29;1,9;0,29,10,28;15;5,3;24,6,9,12,14,28,3;7,6,17,13,15,28,26,29;22,7,15,26;6,24,22,18,12,5,8;6,10,9,22;22,15,4;4;27,6,17,18,21;11,13,28;13,27,28,20;16,7,3,0,2,25
