19,24,17;17,49,5,8,1,20,0;44;0,7,6,19,28,41;11,8,29
22,0,24,25,26,37,13;6,20,47,28;37,36,44,41,39,15,34;5,28,48,20,23,44,40,2;0,16;33;22,8,39,20;20,23,45,21,35,7;34,5,3,4,11,6,47;43,35,6;14,43,31,19,1;27,7,48,42,19,23;43,47,35,12,38,23;0,21,10,19,39,26;41
24,30;2,17;9,2,24;39,4;4,36,16,5,13,41;6,8;2,36,40,34,13,16;7,21;19,42,32,40,34,18;48,36,43;9,3,22,21,27,26;5,41,13,44;39;27,30,0,23,19,37
31,46,48,16,37,38,43,18;45,38;42,3,34,18,6,30,46,4
26,37,16;16,42,32;43,42,1,44,25,13;39,9;49,40,44,19,9,24;27;16,18,41,21,37;44,7;36,2,23,28;12,37,35;44,8,3,41;29,3,33,40,28,2,22;21,32,16,28,17,13;12,4,43,31,25;21,33;30,16,26,14,45;25,28,18,37,22
49,27,18,40,14;34,17,7,2,47,0,19,4;37,16,26,1,36,11,49
12,40,16,20,3,10,17;10,26;20,49,30,14,38,44,28;9,11,48,42,0,41;0,12,5,16,14,48,11,36;48,19,30,39,44;34,25,30,16,31;37,39,47,43;8;47,10,16,40,32,29,8,1;38,9,18,12,10,8;23,8,24,17,43,1,38,31;3;28,23,30,40,15,34,18
33,27,46,48;44,40,16,39,43,34;10,0,7;3,41,6,44,39,40,9;20,13,1,22,2,31
1,33,7,4,49,41,3,25;20,10,0,26,16;28,27,29,6,48,40,24;47,37;46,34,41,9,26,2,22
27,2,49,18,37,1,20;2,49,11,10;31,25;25,22,40,23;19,18;46,48,31;28,45;1,19,31,9,49
25,35,3,4,10;0,39,9,11;10,36,8,21,14,31,22,0;8,6,36,12;31,7,28,26;14,6,18,38,9,37;35,39,22,44,28;15,43,46;43
14,43,37,47,22;34;24,38,37,17,39,49,42,31;4,6,33,25,47;29,14,8,25,17;8,41,6,16,34,7
39;8,0;7,15,35,48,45,24;32,6,43,30,28;8,15;32,2,30,45,33,17,34,31;16,14,28,7,25,49,20,21;11,41,49,6,44,42,38,18;24,25,8,32,30,39;25,38,3,15,31;34,46,6,45,35;36,19,34,2;31,44,2,13,17,47,5;9,43,45,46;3,35,23,43,34,12,47;48;22,11,15,27;40,25,33,42,18,47,22
13,41,25,10;7,11,47;17,30,49,7;48;30,9,19;31,44,45;34,48,39,41,42,18,28;16,46,48,0,12,9;18,40,45,35;19,21;6,39,45,21,28;41,14,8,35,40,4;31,44,12,14,49,22;25,45,8,1,5;26,39,45,48;4,45,10,32;14,3;37,9,34;28,34,39,2,35,15,44,27
41,31,19,23,16,14,26;31,34;36;0;36,27,35,4,15,6;12,42;0,35,17;12,4,40,7,5,11,6,24;30,34,43,5,38;11,29,3,26;37,29,35,16,9;19,10;26;31,30,33,15;20,34,39,7,36;33,36,7,19,12,25
16,30,18,17;12,45,19;20,26,9;22,18,33,42;44,18,41,2,43,40,3;46,10,24,18,7,9;26,29,27,43,19,24,33,39;17,31,35,8,18,12,49,47;26,18,7,41,34,8,28,13;8,13,33,11;44,25;9
14,49,6,31,42,23,43;14;46,1,45,32,42,15,41,18;45,41,40,27,13,0,14,16;45,14,13;0,27,18,24,45,42,49,34;24,32,28;37,5,40,38,2,0;39,22;14,15,5,42,38;7,14,15,41;16,10;16;36;47,15;45,21;0,38,4;3,27,20,42,5,47
49,7,3,44,48,46,27;37,44,17,40,38,9,27,41;41,21,12,36;36,6,39,43,18,15,33,13;3,33,39,31,29,35,24;43;9;32,13,14,33,4;13
22,45,46;30,25,21,16,31,23;16,21
9;28,32,45,42,24;32,8,45;32;2,1,6;14;11;19,10,9,43;20,35,42,37;7,13,42,14,41;27,42,9,15,34,46,44,10;9,45,35,47,21;46,48;3,20,18,8,45,5;23,49,35,36
3,32,30,31,37,21,34,26;21;36,26,45,40,10,49,1;5,40,35,21;46,0;15;34;0,4,28,41,2,12,49;4,19,31,18,44,17,37;42
10;18,36,29,44,16;43,5,7,48;21,42,14,44,34,26,6;45,16,1,6,0,3;23,19,32,35,37,13,38,10;30,35,15,32,5,25,29;21,15;41,4,6,9,23,42,35,24;41,7,17;40,13,30;8,36,33;32,38,8
4,29,11,26,30,47,41;34,0;3,23,6,19;20,11,25,24,47
1,43;29,48;20,47,14,17,40,9,2;15,20,40;39,10,13;14,34,45,31,2,40;26,48,12,31;29,25,46;28,32,21,4,25,22;1,33;42,28,1,16,9,38;10,41;6,37;29,34,12,5
47,11,26,38,22,17,36;45,30,23,7,5,20,28,1;17,3,16,14,30,11,21;5
2,14,28;34,30,24,17,19;3,44,24,17,16,45,28;47,19,21,4,14,42;43,12,27,31,30,7,36,42;16,4,1,40,5,39,35;23,35,42,39,19,33,32,46;13,10,4;31,47,11;2,12,37,14,16,42,24;36,23;17,49,3,11,38,46,22;22,9,8,16;36,5,7,9,22,35;36,0,10,21,42,3;46,25,1,15;46,7,31,14,26,6;3;48,33,5,34,20,10
10,45;3,29,26,39,36;37;28,5,46,1,29,48,3;4,20,18,34,9,5,3;12,25,47,10,24,7,5,36;44;15;37,40,11,26,45,42,47,0;3,19,34,26,45,28,49;45,39,37,21,43;2,17,26,9,35;23,16;47,18,16,24,48,27;31,0,18,23,49
34,31,42,2,20;40;5,10,46,45,32,8,42;12;24,0,8;11,12,13,46,7,30;46,20,37;0,42,38;8,13,25,20,27,21,41;25;28,4,14,5,22,40,26;26,4;7;3,45,10,13,11
25,41,29,30,2;39,23,35,48,27,15,38,16;39;32;26,22,21,10,47,28,45,2;15,0,6,8;48,34,39,22,11;1,11
43,29,31,0,47,23;43,6,33,12,40,26,1;2,18,0;47,0,43,13,8,5,48;27,22;16,17,37,29;23,12;31;6,47;6,10,12,23,14;32,39,35;2,8,15,49,12;30,37,27,12,43;2,6,34,24
7,21;39,46,38,27;46,34,41,30;21,39,16,46,45,40;47,21,43,17;31,10,4,26,12,40,27;41,36,30,46;38,13,5,23,12,33;29,16,44,18,49,0;28,44
42,21,14,9,3,47;0,23,9,18,16,1,24;33;19,11,1,36,10;10,42,33,11;15,20,13,35,0,1,32;21,31;11,30;0,19;34,11,1,15,37;21,40,22,7;12,28,27,0,18,20,13;10,1,45,36
27,47;8,29;25,47,44;7,35,31,24,16;40,47,45;12,11;35,19,23,9
8,22,28,25,24,32;25,23,22,46;20,27,42,8,16,9,41;36,45,3;23,15,5,24,1;19
12,9,29,26,36,4;35,28,37,33,18,30,21,6;27,0,7;33,21,34,5,6;12,35,0,1,48;43,31,28,16,15,46,5;29,15,19,18,47,23
44,28,0,46;8,49,42,27,48,36,46;18,8;46,43,24,30,44,4;24,39,3,36,0,35,19;13,35,29,16,39,36,0;9;24,10,12,14,26,49;31,11,21,43,2,0,49,12;28,45,7,43,17,48;34,0,7,2,25,22,1;22,19,28,0;18,38;48,23,8,49,46,34;27,17,30,24,15;46,34,14;47,26,18,45,8;7,24,33,22,35;5,13;13,29,27,32,30
12;15,4,39,11,42,47,3,22;35,47,28,14;7,26,20;28,41,27;40,47,9,11,41;4,49,8,48,2;43;35,32;26,47,0,9,23;43,11,32,26,29,38;45,20,21,2,14,16;47;15,36;7,26,40;14;16,32,4,36;17,8;9,23,2,49,10,38,14
34,22,26,6;46,36,45;7,4,19,35;5,48,14,22,16,39,12;41,44,37,24,2;48,25,31;16,34,3,2,27,7,39,44;3;18,47,5,10,24,16,14
12,45,29;41,28,43,8;15;43,49;1,47,37,29,32,19,40,15;24,45,43,19;10,27,11,42,47,24,19,37;27,3,49,19;9,3,43,7,6,27;48
35,9,5,38,22,31,30;39,22;21;6,46,7,10,21,37,12,14;44,26,29,40,8,48,42;49,23,32;36,26,33,35;41,33;17,16,25,33,23,48;48,34,28,18,44
4,7,30,19;19,27,35,21,37,42,48;6,40,29,0,21,15;33,1,17,25,11,3;20,41,17,33,9;36;5,12,23,22,47,40;18,2;37,11,10,29,43,9;28,27,12,13,39;19,46,9,30,2,6,29;0,1,46;37,3,36,39,17,6,12;26,49,34,27,42,13,25;10,5,43;19,6,2,12;42,36,46,12,25;25,26;4,20
32,49,37,22,47,33,8,16;1,32;0,33;49;0,38,4,11,13,49,3,44;39,2,42,7,6,31;5,47,20,22,43,4;39,11;46,35,5,1,38,13,26,39
46,35,19,38,48,47,3;7,34,8,33,41,37;21,14,23;4,34,2,46,39,37,43;20,17,37,5,28,12,13;23,43,19,39,5,27,8,6;34,39,44,16,14,45;28,36,26,45,13,34,1,46;14,43,17,23,48,10,44,22;8,27,2,31,46,13,30;30,24,6,10,13,34;24,14,34,4;12,5,17,3,2,16,11;21,48,8,36,34,24,40,6;25,9,26,4,23,31,42;0,42,32,4,24,39,6;27,34,45,42,26,20;12,32,42;23,10,7,26,4;29,43
26,48;23,25,15,35;35,11,16,17;10;25;5,38;29,43,18,9;33;15,45;9,7,37,48;18,23,20,49,38,34
1,37,22,11,39,13
8,29,39,31,15;16;42,10,26;24,27,10,47,34,1;25,8,1,4,48,34;8,36,1;13,23;2,35,29,38;34;43,17,6,18;42,26;14,5,11,36,31;23,16,28,2,46,49,30;15,9,25,24,17,38;38,17,39,18,42,22;48,43,19,21;11,4,31,32,49,15;49,32,43,28,24,35,16;1,36,18,31,45,35,24;41,46,49,4,3,16,43
22;49,7,17,20,48,0,21,34;18,6,4,15;42,17,35,36,29,32;13,17,34,30,29;42,47,10;48;49,24,6,42;7,23,16,41;3;18,34;17;49,39,11,37
14,0,16,18,7,27,9,26;42,31,10,37,4,49,44;19,24,25,21,31,42,44,34;13,47,11,18,14,25,44,35;16,40;18,8,6,40,29,4;20,46,13;47,0,20,32,19;21,15,38,44,32,40;21,19,39,22,48,38,16;22;5,19;32,11,31,25,27,35,38;6,21,19,24,15,31
32,36,38,41,4,37;8;41,35,39,4,45,10,6,49;9,26,24,31,19,41,23,0;3,9,8,23;23,46;33,39,30,45,29,20,11,27;29,21,18,12,37;24,28,20,8,32,42,36;19,38,48,35,20,8,12,29;18,6,28,31;46,10,25,41,14,24,4;31,44,15;46,44,22;29;24,4,16,17,27;7,4
32,14,2,3,34,12,47;15,13;16,26,7,39,23;23,4,6,25,41;3,17,43,4,47,23,18;17,31,19;28,17,10,31,18,21,12,46;21,18,7,6;10;0,7
