11,49,28,31,7,33,1,58;22,50;16,50,5,63,44;2,7;13,40,47,0,62,15;8,2,15,50,16;46,16;59,42;51,2,32,23,56,22;62,29,60,61,32,54;40,18,1,36,54,64,38;67,65,63,48;3,59,66,1,5,9;4,24,52,60,32,27,23,63;67;13,42,51,26,52,27,3;67,11,43,50,1,34;7,1,56,12,14,8,26,34;0;1,38,34,54,56
67,58,15,22;28,37,17;21,55,59,0,53,65,35;14,17,23,47;64,31,37;57;26,1,65,3,33,11,67;0,46,12,8,26,1,58;48,50;2,31,35,8,10
4,17,69,49,3;45,53,8;3,8,14,57;34;5,35,41,26,43,66;22,3,25,64,43,34,16,11;46;14,25,26,46,51,37;41,43,25
22,7,21,59,1;9,17,47,31,14,34,8,46
34,11;69,27,20;1,61;35,34,31,7;52,6,12;52,34,2,8,22,17,59,37;11,27,43,7,32,20,67;2,17,57;37;63;66,11,7,0,63;5,10,30,56;28,22
29,6,65,24,19;16,66;20,45,57,17,27;15;39,30,4,50;5;63,11,51,2
25,45,18,14,43,40;2;35,14,62;37,25;52,58,37;53,43,24,15,58,38;5,55,39,4;21,16,17,38,48,12,66;68,14,11,24,49,8,32,39;55,28,1,54,6,53,64;26,67;19,45,52,38;60,4,8,33,42,31,6,34
30;36,40
59,9,40;16,41;48,21;8,64,47,28,68,65,27,14;61,48,14,2,19,9,8,67;20,40,26;1,44,4,9;65,45,44,9,33
2,43,62,50,36,29,56;54,1,35;64,45,35,21;8,39;51
23,27,3;37,42,7,18,9,21;24,50,1,17,6,21,20,43;55,41,1,32;29,41;44,31,52,8,23;28,68,5,15,18;66,42,20,37,6,5,19,21;58,55;6,45,59,25;68,41,65;58,51,14,1;64,47,60,55;26,65,50,0;59,51,67,65,11,13,49;35,55,53,3;38,31,7,36,39,32,19,5;0,22;24,21,63,64,36,49
52,55,31,68;39,57,36,21,27,46,9;35,68,44,34,29,7;31,64;56,45;54,11,40;30,10;17,36,56,40,62,34;47,35,2,5,39;14,61;37,67,68,57,41,23,65,52;5,26,53,20,7,52,9;35,53,36,62,52
44,37,62;11,55,47,36,9,63,39;27;31,2;18,30;22;8,26;69,6,43,65;53,55;29,5,63,9,27,37,22;60,55,56,28;18,5,61,46,54
37,17,27,7;21,48,40,16,65,10;62;25;48,11,22,32,9,19,3;7,17,13,68,16,49,57
23,27,45,0
38,19,56,27;54,13,4;65,61;51,44,65,45;59,14;59,63,10,28,62;3,23,31,4,36;26,54,25;4,57,24,49,25,37,42;25,55,53,23,61,43
20,0,47,28,58,46;28,35,32,56,24,6,59,8;10,37,67,9,66,69,46;48,57,29,10,46,19,18;12,43,52;66,65,52,30,61,59;37,21,1,5,48,58,45,60
68,14,55,19,65,52;18,27,46,64;58,44,21,34;24,7,60;19,43,32,1,68,60,27;3,62;39,24,23;53,49,50,16,12,68;6;43,57,44,50,10,4,12;37,21,65,4,23,39,35,15;14,12,43,29;4,48,27,18,10,61;10,23,9,12,41,17,14;7,44,69;7,26,34,23;67,21,66;67,66,2
48,45;50;42;12,45,35;50,38,24,17,40;17,64,38;26,60,13,50;60,34,3,64,27;34,64,31;9,58,6;59,42,51,45,36;3,48,55,6,38,52,26;16,62,4,54,5,33,66;60,49,62,1,3,33,46,12;41
62,1,20,47,29,21,57,30;41,63,20,23;25,41;27,36,66,29;40;66,5,26;19;14,45,34;38,31,23,42;43,44,20
60,68,37;45;43,5,10,37,55,1,13,23;20,11,61,23,19,5,41,30;14,44,12,28;48,17,22,57,65,37,49,19;18,49,20,12
57,56;18,24,35,5;10,26,43,24,36,52,64;40;4,68,36,1,61;23,29;9,50;12,29,11,51,22,31,63,48;53,44,24,16,30,6,25,60;24,14;57,5,51,41,22;67,50;37,4,23,40,31,2,30,46;5,45,49,26,34,61;67,1;18,13,67,56,63,28;7,36,43,49
24,33
35,32,44,23,0,27,25,38;1,21;53,20,46,18,15,0,22,16;64;69,13,64,33,7;29;46,64,25,53,0,44;6,69,62,36,7,19;14,23,9,22,30,36,8;7,46,8,26,14,58,37;30,18;12;7,39;30,43,7,31;20;54,31,37,64,63,52,36,51;58,30,48,55;44,30,25,38,36,51;56,42
38,62,43,37,16;25,57,66,14,10,64,6,15;28,18,42,59;0,43;6,36,12,10,22,51,5,14
51;14,46;32,31,33,27,63
45;13,34,65,26,68,9,6;50,29;9,45,48;38,33;18,39,45,8,22,0,48;68,6,62,47,67;43,57,28,24,63,18;15,30,42,50;9;32,8;6,63,5,20,12,34,57,21;11,56,3;8,24,64,9,63,56,40,41;17,69,67,54,68;58;16,55,44,40,65,6,64,25
42;30;47,17,58,35,45,18;64,33,5,67;9,32;52,26;22,39,33,20,24,37;8;64,46,24,28;54,19,50,57,48,31;26,0,61,56,14,10,50;24,38,50;7,54,15;69;39,43;58,4,61,56,38,55,54,59;5,65,17;12
54;28,55,37,0,2;64,25;15,9,36,27;47;47,34,30,24,39,52;24,57;26,4,40,31,41;1;63,34,60;8,6,39;1,18,68,66,55,69,38;29,12,45,13,50,54,21,38;47,9,1;51,22,49,3,57,48,42,34
14,52,10,40,27;48;2,56,43,68,12,61;51,64,6,46,61,22,3;32,55,22;44,24,36;15,14,24,50,59,17;16,8,21,33
14,57;29,1,54,53,13,20;20,68,6,34;31,64;29,47;22,2,47,65,23,18;68,1,3,18;58,68,16,9,66,61;44,24;50,45,17,69;36,58,30;14,2,34;18,57,30,63,49;49,55,37,60,59,56,0;67,20,5,51,1,35,48;0,21,54,67,30;43,46,11;45,32,22,11;55,33,40;57,67,63
6,47;28,65,31,40,30;24,18,17,32,25,52;51,39,26,35;49,27,39,19;45,31,44;25;13,4;60,23,43,41,9,1;2
23,22;52,66,54;23,48,68,66,35,20,58,19;50,16,44,68,4,40,56,5;30;40,65,9;55,8,65,27,33,15;15,6,58,40,36,10,51,66;27;26,40,55,42,64,19,7,57
64,20,59,57,16,23;21,45,9,43,28;24;13,24,56,23;30,17,44,62;60,13;42,45,4,44,19,66,37,30;13,19,40,51;68,69,29,56,3,24,22;66,1,29,11,28,31;44,57,56,2,53,27,50,25;0;40,12,13,50;39,11,34,27,56,52
26,28,54,3,24
6,48,36,30,11,27,43,5;47,32,48;30,59,62;27,19,52,11,63;38,2,56,39,46,10,24,52;14,5,64,62,20;55,66,62,63;15,26,11,53,36,1,56,51;67,18,3;41,12,49,21,20,57,7,64
34,26,65,62,3,29,20;61,62,36,67,68,10;4,25,41,6,34;57;1;39,53,63,44,36,3,24,46;34;66;38,63,29,31,20;47,46,7,60,63,8,35;52,33,18,59,25,67,65,0;50;41,1;49;53;57;57,34;18;10,33,1,31;37,15,39,14,11,41,62
69,22,50,32,42,64,45;16,17,0,59,13,44,47;58,18,43,52;41,57;34;38,47
68;13,51,64,11,0,26,65;0,44,56,33;38,42,25,62,21,31,5;6,41,12,17,15,24,28,58;40,53,11,21,67;49,41,46,61,26,45;21,31,11,63;38,2,31,11,57,58,37,32;54,23;9,47,58,1,37,69,34,48;27,9;53,55,26,31,54;52,14;5,44,25,29,58,50,49,52;3,54,57,19,41;68,20,6,29,10,39,22,11
51,30,49,39,24,56;23,25,15;14,58;8,56;29,66,42,39,67;35,20,56,11,65,48,62;11;63,23;45,16,53,68;53;28,34,55,13
53,63,41,22,14;4,63,53,49,35,51,40,24
66,30,15,65;52,57,64,62,16,25,58,67;23,42;25,41,64,61;51,12,39,40,47,24;19
54,18;7,31,33,39;44,58;65,20,50,15,40;60,7,15;35,1,50,56,38,52,28;25,37;23,66,65,30;24,40;10,4,50;48,15,58,28;15,67;58;53,54,35,52,41,26;15,16,42;25,12,4,0,61,62;67,48,5,6,11,18,61;49,12,60;43,26,22,31,14;18,48
28,68,26,11,58;15,53,17
54;45,48;27,55,68,17;18,29,25,23,52,39,42,43;28,24,14;27,37,32,0,59,18;9,1,18,64,40,62;65,22,59,52,28;4;26,61;3,42,20,30,57,33,14,52;55,69,13,6,65,49;40,17,5,7,41,60,51,59;32,15,21,3,30,26,29,48;10
24,14,43,61,31,49,54;60,52;33,26,8;42,26,3,57,24,66,17,63
63,1,50,12;45,48,25,10,53,44;13,58,63;16,25,42,31,28,26,27,3;12,8,68,47,31;60,1,61,7;56,2,7,38;41,59,17,57;22,23,38;52,10,69,60,20,55,27;28;69,15,44,40,20,1,57,54;57,14;33,49;58,24,55,39,32,11,41;7,4,50,26
68,18,38,57,11;26;19,53,48;65;15,48,22,25,6,53,55;40,5,61,65,44,12,15,8;40,2,28;2,24,58,12;38,31,43,55;16,1,5,42,14,39,59;62,68,12,7,67,13,6;43,1;30,18,13,0,69,51,48;60,19;44,47,0,2,62,25
16,9,10,32,48,11,12,54;39,61,48,16,21;15,49,69,27,51,2,43,30;17,8,37,63;34,63,10,14,12,0,23,4;13,17,46;3,57,42,25,15,28;34,29,52,24,41;33,1,24,35,31,66,58;48,6,30,58,23,20,49,53;61,23,30,2;11,26,16,14,63,43;59,19,29,4,32,6,44,31
38,39,51,3,56,62;67;58;66,12,45,27,30,57,61
