76,11,64,19;34,5,55,77,15,47,60;55,63,44,30,51,1,41,78;66,11,33,20,58,56;18,58,51;56;20,44;68,1,32,6,4;53,74,29,14,49,35,41;17;77,39,44,64,65,11,6;62,30;17,62,2,15,73
6;73,62,20,58,41,78;61;78,62,79,22,58,31;61,22,2,53,58;57,44;37;62,43,63,51;63,47,73,26,34,13,3;20,44,78,61,37,64;73,52,68,63,69,15,32;46,52,59,30;71,39,1;58,19,4;73,5;20,8,18,41,55
13;53,11,19;31;31,8,40,1,64,72,13;4,42,33;45,15,35,71,49,21;27,40,17,29,50,41,52;54,72;10,78,36,62,44,40,1;61,25;17,64;65,60,25,15;41;42,21,7
8,35,72,75;73,14;66,33,62,36,16;27,61,48,11,38;19,34,28,70,71,61;44,8,58,10,9,69;22,21,69,9,39,4,61,25;7,51,45,21,65,68,40,16;10,37;36,39,53,76,11
13,66,7,9,18,64,23;30,43,27,8,51,13;60,11,26;50,23,51,58;10;65,14,52,3,61;2,44,75,10,51,71,22;47;65,11;37,71,75;49,45,56,65,77,35,7;3;2,39;66,63;35,66,22,39,4,46,74;78,49;11,27,71,47;0,77,34,23,12,55;12,48,17
58,23,28,30,11;22,27,46;67,79,4,14,59,57,12;5,9,10,25,77,62,33,79;0,74,38,70,16,39,2,27;31,41,77,69,24,75,46,49;58;63,64,57,14,68,16,55;70,7,68,27;69,9,77,78,60,21,26,53;24,71,41;5,42,18,36,0,50,38,57;68,12,47,18;19,36,25,62,32,21,63;36,48,20,38,70;60;57,61,64,28,0;70,12,37,66,69,42,19;69,74,12,75,24,73,0;67,37,13,16,69,8,31,61
0;57,21,40,36,27,12,37,53;22,76,16,15,54,26,57,11;30,71;50,8,54,3;70,13,46,62;61,42,68,79,67,33;40;28,48,21,47,30,72,3;14,16,32,57;26,30,63,68,21;33,55,7,65
47,75
22,20,7,39;62;66;6,0,19,37,49,34,59;58,11,2,77,50,38,27,34;56,13,2,33,24,46,74,50;28,77,48,35,49,75;27,23,36,4;61,20,6
5,73,54,27,7;34,73,39;18,47,39,44;30,16,45,64,4,74,17,15;42,41,20,3,36,58,22;22;27;9;47,26,51;15,37,23,64;24,4,51,25;15,7,36,67,40;23,33;35,37,40,38,79,77,36,62;20,32;54,16,67,74,56,50;74;7,28,14,34,3,15,48
62;75,77;27,3,61,59,47,35;24,54,20;54,27,12,64,55,34;50,26,77,74,49,1,27;59,46,50,37,47,78,40,15;42,40,16,29,44;49,3,36,79;72,9,43,21;14;41,70,58,61,8,52,69,54
13,70,55,64,12;30,9;18,1;48,9,34,43,65,36,59,32;40,65,75,30,22,53,70;5,13;53,55,1,10,27,25,42;7,66,18,61,16;1,52,43,41,0,50,10;66;69,66,11,26;62,23,17,79,28,40;13;32,76,20,30,78;49,25,33,38,20,16,59;51,57,3,55,75;70,22,49,33
25,39,27;71,4,51,30,36,79,22;40,60,0,73;15,50;45,68,51,20,65;19,23,59,70,10,3,7;36,57;2,5,72,29,68,71;26,63,16,4,22,18;2,19,64,21;6;5,60,28,74,4,29,3,7
63,17,2,32,76,34;74,17,70,75,27,54;78,50,40;25,77;0,2,58,73,64,76;1,57,77,24,42;4,20,60,25,40;72,69,57,53,41;29,39,24,4,50,71,48;60,20;67,39,78,68,64,48,59;42,63,55
53,3;55,42,69;34,24,68,79,31,33;29,72,74,13;73,77,39,16,53,0,21,58;9,33;45,47,24,62,68,50,14;78,3,35,65;57,38,68,54,72;46
28,74,14,58;62,34,50;45,71
12,6,72,15,33,68,73;14,54,64,78,12,55,63;53,5,16,22;18;43,32;68,69,43,20,61,23,19,64;48;50,14,1,22,21,17;18,75,15,13,20,73,53,32;11,76;44,22,28,0,7,26;16,41,30,2,78,5,63,21;67,33,26,21,69,58;57,58,65,42,16,43,54,78
50,2,54,1,0;8,15,18,2,38,47,44,20;73,42,55,45,24,62,54,41;47,61,24,3,16;71,32,49,66;36,71,32,39,30,33,40,1;71;16,54,48,31;39,27;63,40,55,79,39,76
44,24;37,17,40,74,70,46,18,71;56,54,26,42,3;41,51,79;26;7,5,61,6;16;67,60,5,59,62,77,12;54,30,14;59,50;44,10,66,48,9,29,23;3,8,53,73,4,68,7;46,26,6,33,17,7,18;50,52,49,46;41,46,57,0,40,33;60,73;43,65;75,70,29,47
34,30,43,46,60,38;40,75,4,29;5,32,23,8,44;4;45,57;63,58,56,55,9,65;47,53
6,0,22,8,1;75,6,73,40;52,37,18,70,55,38,49;9,31,79,57;20,22,64;40,24,20,41,64,8;22,64,21,17,73,33;17,70,72,33
76,66;15
65,73,33,62;74,19;30;49,5,30,27,26,63;66,53,43,70,25,47;65,52,54,74,16,48,75,15;2,25,63;11,8,30,68
4,72,62,56,65,58;7,15,52,10;49,35,22,8,76,64,36;24,4,29;58,16,54,17,20,22,55;6,16,33,49;58,50,35,22,54,2,68;24,42,27,28,55,60,26;79;61,57,48,12;75,18,79,45,28;59,56,1,8,57;37,69,49,43;35,42;44,47,46,38;5;61,26,18;22,38,54,9,44,43
60,16,28,9,79;42,77,35,79,37,64,75,19;65;16;49;34,45,14,76,71,73,70,36;43,9,72,76,54,63,41,35
4,12,34,33,46;66;55,73,14;9;9,38,19;63,71,69,12,26,73;5,74;0;70,41,79;57,24;76,40,72,8,61,17,25,44;50,40,18;26,67,41,50,22,70,48,53;45,18,40,28;69,6,56;62,11,25,63,71,22,33;10,68,9,8,26,6,63;58,8
35,58;2,78,59,50,66,9;76,19,70,12,78,16;27,17,54,31,49;4,65,52,9,78,58;29,49,2,27;72,61,32,76,5,13;62,21,78,17,68,38;26,48,65,3,62,2,79;36,79,61,48,25,38;32,11,25,41,4;73,0,3,47;60;34,70;62,3,40,79
4,1,22;22,33,4,12,73,48,30;71,9,21,70,28;4,9,21;35,15,54;7,63,73,74,68,35,42,50;49,37,78;6;17,20,61,50,2,3,49,27;18,70,20,8;21,65,50,73,41,30;75,62,14,60,61,32,0,33;13,20,79,21,42,22,31,7;6;26;15,16,30,55,9,19
65,73;63,70,6,11,47,24,5,46;67,68,1;59,18,4,39,17,10,28,60;26,65,29,79,24,27;73,45,24,36,16,5,76,34
7,16,22,15,67,59,45;7;16,46,77;2,70,12,66,79,32,28,23;72,28,44,8,4,15,34,22;73,9,15,26,23,49,68;15;27;24,0,49,57,25,61;29,26;58,59,11,57,15,49,0;51,77,22,2,72;69,7,72,54,49,53,56,18
23,11;75,71,7,74,66,57,15;2,31,15;24,25;55,39,5,23,43,36,48;6;43,72,15,7,66,45,9;47,46,7;68,53,72;15,41,64;44,14,21,8,6,72,25;1,70,20,66,59,58;69;0,46,6,12,3;41,0,18,21;61,54,62,15,0
65,33,62,25,58,15,3;17,22,26,74,37,63,59;10,31,79,66,56,26;32,6,57,41;56,65,37,40;52,59,27,11,49,45,2,33;70,59;0,30,46,35,51,10,75;33,8,27,30,50,46;31,66,21;54,13,68,59,60,42;43,14,78,45,42,41,38,29;8;41,11,38,54,71,70,28;73,66,68,29;28,74,43,24,51,23,11;5,29,33,34,68,64;54,71,48,32,16,19,46,70;70
69;12,72,18,42;33,11,43,7,64,67,55,29;60,10,61,55,59;30,21,67,57,69;35,77,4,31,60,1,7,63;26,20,68,40;25,19,62,55,47,30;5,67,6,69,59,74,50,72;54;38,73,56,35,9,58,53;66,14,38;17,16,61,65,4,46,37,70;20,19,22;9,78,29,0;4;38,36,8,5;75,63;28,69,47,6;65,27,50
33,63,4;58,36,60,9,44,26;47,77,31,49,10,29;8,0,65,68;77,4,59,73,14,41,9,3;25,56,50,38,2,14,29,3;6,54,65,56,24,37;23,21,12,42,7,51,68,16;1,29;2,29
56,54,14;23,34,17
33,34,76,31,22;45,53,21,4,31,60,57,13;45;12,74,33,39,79
53,11,70,79;20,26;64;25;15,30,61;36,54,5,35;1,12,79,53,57,64,37,6;4,59,25,11,27,61;14,3,60,25,11,5;2,10,51,3,53;51,50,48,40,46,44,78;56,66,2;60;7,48,79,43,5,51;13
23,13,16,54;3,63,8,62,74;54,55;20,18,7,27,30;61,31,23,55,8,43,45;0,23,75,46,20;8,28,5,20,51,79
34,13,35;30,0,73,35,67,64,68;58,20,72;23,12,66,27,54;7,3;23;37,62,23,8;53,48;3,6,65;22;77;13;51,63,21,35;29,40,42,76,56,77,10
25,56,32,8,57,60;5;7,19,13,52,9;69,31,27,24,42,23,72,38;50,51,0,23;64,48,60,61,51,14,42,31;69,3,17,63;62,77;60,19,28,50;36,69,79,5
55,33,67,27,7,69,38,16;79,18,49,6,7,68,62,24;58,25;47,69,49,27,58;17,26;52,63;18,5,44;14,61,10,57,30,66,62,69
17,48,74,79;59,22,25;32,59,74,16,37,62,20,63;70,55,45,74,60,76,16;56,73;65,22,5,43,49,77,34,78;43,64,28;43,54,5,65,2,70,24;10,49;55,8,61,28,65,15,52,78;32,58,55,10,28;79,52,19,47,3,63,42,17;63,9,37
51,18,7;30,61,4,26,54;61,14,35,76,29,51,23;79,77,56,4;77,58,2,68,1,27;70,27,59,67,37
15,68,16,0,40;47,58,46,49;10,11,56,57
47,56,25,66,46,22,16,26;28,76,8;10,52,60,64,3,0,44,71;61,77,24,64,71,18;79,65,27;27,14,55,58,68,64,48;25,45,7;43,51,56;79,30,34,64,1,62,11,66;22,10;14;51,48,75,9,74,70;64,3,65;8,16,43,55,62;77,15,55,67;78,35,18,3,40,10,67;57,55,52,22,24;15,60,19
62,74,13,44;60,30,25,22,5,53,58;36,14;4,12,47,39,33;19,50;48,62,60,44;56,50,78,54,18,1,74;54,53,16,78,65,33;24,34,40,25;24,0,27,32,15,20,3,39;7,58,36,24,5,6,61
13;25,45,9,7,29,14,35;26,50,72,42,79,40,7;38;31,50;31,73,35,77,29;76,9;52,29,13;59,31,79;41;21,1,66,52,69,72
58,26,68,77,36,13,33;23,21,5,55,4,38,69,32;32,42,23;57,51,9,21;28,69
26,28;62,13,59,58,50;61,14,55,58,79,75;74;17,43,10,52;47;34,70,25;71,7,29;28,59,5,44,65,2,38;33,61,43,21;58,78,10;56,73;46,5,66,50,24,47,40,67;46,20,10,67,76,75,69,22
39,75,19,7,35,54,12;11,24,46,74,17;51,4,12,36,75;52,19,31;25,56;61,11,78,65;54,74,3;3,70,42;68,22;65;76,53,57;24,11,37,62;50,43,48,15,55,3,78;72,16,32,20,52;23,70,39;19,36
