26,7,17,18,6,15;10,11,23,8,26,7,28;1,0,12,19;18,29,4,22,24;24;14,24,21,19,23,17,18,0;26,13;3;1,28,10,4,6;4,28,25,29,16;9,4,26,17,21,8;29,3,12,5,1,4,14,23;15,2,10,25,16,13;5;13,17,29,8,0,4,7,23;1,8,23,0,19;10,26;15,17,29,28,9,21,4;5,20
19,4,5,25,22,26,17,29;27,26,7,8,24,9,29,20;10,28,2,21,7,15,9;14,17,5,8,25,3,23;24,1,28;9,11,23,13;25,12,17,2;14,25;15,6,18,14,27;5,10;14,12,5,16,19,0
18,13,29;2,24,19,20,27;10,25,24;24,1,7,5,20,25,3;2,3,9,18,12,23,4;9,25,23,14,5;1,28,0;17,25,3,15,24;17,21,11,13,28;22,15,21,10,27,14;22,16,4,14,27,12,6;10,25,15,2,19,3,1;9,4,7,5,24,8;22,16;22,9,6,20,23;24;13,22,10;8,1,14
19;1,15,23,17,9,5,10;28,15,3,25,23,20,13,17;18,14;22,13,15,19;5,21;23,17,4,20,12,25,29
3,6,23,13,2;26,25;11;9,12,22,4,28,23,25;3,26;4,19,15,13,0,27,25;24,13;2,21,5,0;22,5,12,16,1,8,7;20,23,8;8,13,3,11,7,26;13,14,15,0;1;0,14;18,13,6,21;6,7,3,29,25,4,2;14,4,13,2,3,11;9,25,20,21,17,23,22;21,11,14
4,13,28,15,27,29;2,16,18,3,1,26,28
7,23,3;18,25,15,2,16,20,17,24;12,17,15,26,10,20;13,17,5,25,26,24;9;21,19,25,0,15,23,22;11,18,20,3,28,12,14;14,16,24,28;6,12,9,18,25;22,25,13,8,14,11,29;10,24,6,8,14
7,3;25,5,0,10,29,7,2,13;2,1,11,3,29;16;3,18,25,7,4;13,21,18,23,4,19;25,1;2,3,15,12,22;23,24;18,4,25,21,0;18,11,1,17,21;15,0
2,0,10,25;3,15,0,11,29,8;6,8,13,10,7;17,5,11,0,28;29,0,14,22,20,4,16;6,13,23,20,29,9,1;29,24,12,19,23,1;29,0,7,8,23,6;8,20,0,6,16,2;17,13,25,3,16,6;7,28,6,14,12,3,21,16;19,4,1;20,17,3,4,21,6,15,22
0,16,2,7,26;22,0,21,28;7,2,25,24,17,3,27,19;10,12,29,26,27,1;5;25,0,2,15;21,2,3,8,19,23;3,2;6,4,23,28,14,22,13;27,25,17,15,24,13,0;12,13,3;9;5,8;17,0,29,7,22
15,9,0,29,6,28;25;16,20,12,23;8,2,12,26,14;25,6,9,23,5;11,5,7,25;22,5,11,25,24,7,20;22,14;17,16,11,12,2,23,5;7,15,2;9,27,4,21,28,13,5;18,10,23,5;24,27,23,0,16,7,2,22;8,15,6,26,2,29;10,26,4,17,13,16,22;11,2,25,29,13,4;6,10,12,29,5,19
10,20,1,7;9,2,0,10;5,28,18,22,20;21;21,26,8,16,4,3,23,15;1,2;20,7,18,2;11,17,4,7,24,5;29,22,6,3,16;7;0,28,10,14,16,1;21,13;24,25;9,25,19,4,12;16;14,18,29,10,13,8;17,10;17,7,0,11,9,14,27
15;19,10,14,4,16;16,14,23,20,18,0,27;11,8,19,21;10,16,26,27,29;4,18,7,9,25,6;12,4;8,22,19;4,26,18,10,27,5,8,14;27;3,2,28,6,5,27;29,26,12;9,4,21,15,17;15,10,29,25,3;10,14,12,11,28;19;27,19,8,9,17;20,9,22,14,29;7,15,27,21
10,12,16,6,9,24,7;9;5,3;1,26,18,8,11,7,25;10,21,11,26;15,6;18,23,15,21,1,22,27;2;4,3,1,17,12,2,6,9;13,22,15;1,13,6,23;25,17,21;9,14;9,25,29,3;4;25,21,14;28,1,10;5,0;8,20,24,21,14,17,1,15;26,18,16,8,20,12
24,13,1,8,29,11,21,28;7,5,26,13,19;9,7,19,4,10,28;18,22,19,26,29,15,0,14;12,10,13,21,18,29,6,23;20,9;6,11,20,26,4,29;28,24,23,26,12,16;1;3,18,2,29;5,7,0;1,15,4,18;15,12,14
15,1,25,12,9;7,8,12,15,10;15,22,25,8,12,1;18,19,20,21,7,4;16,5,11,2;27,10,21,9,23,6,2;24,23,20,22;9,19,26,16,13,2,0;21,11,8;19,25,26,8,11,28;15,4
17,20,1,24,7,11,14,6;25;3;25;20,4,21;11,18,21,22,29,2,1,28;25
27,22,17,12,19,0,1;3,9,4,17,6,13;25;11;11;6,4,20,19,25,16,24;12;26,2,4,15,22,20,11
18,7,25,20,14,4,6
17;10,8,26,4;10,1;9,18,21,15;15,16,24,7;25,13,28,6,9;17,11,20,6,2,23,12,5;7,27,19,16,0,24,22,13;13,0,17,8;1,27,26,19,22;1,19,7,15,10,14,27,22;22,18,19,25,5,21;3,8,9,20,7,19,27;22,26,10;16,19,6,12,9,25;5,17,13,7;24,4,2,23,10,1;25,18,9,11,2;28,8,26;25,12,21
1,9,22;14,13,11,28,16;16,28,6;14,1,3,22,5,8,4,11;1,26,23;28,0,8;28,4,27;14,21,22,5,10,7;26;15,13,24,6,17,5,22;15,6;6,21,9,20;29,20,0,25;24;17,0,6,27,24,25,8,2;19;10,26,27,18;26,23,4,28
12,13,8;7,21
9,24,7,18,23
15,17;1,20,3;17;1,9,19,12;3,19,21,10,6,13,26,22;18,20,1,8;23,26,13,12,20,3;16;7,17,20,2,12;9,29,13;26,2,1,8,0,11,24,3;10;0,23,5;17,7,10;24,1,23,9,19,20;16,9,15,3;27,23,21,17,14;24,11,25,0,19,5,8,6
17,15,11,6;23,3,1;11,27,24,19;15,22,8,25,0,28,7,14;24;12,20,13,26,21,2,28,5;0,1,23,25,12,14,7;3,1,14;14,27,25,22,23,18,28,3
24,9,21,6;25,11;29,5;26,1,7;27,26,8;6,12,7,21;19,8,16,25,21,3,1;10,21,18,23,27,17,29,5;23,2,4,8;19,15,2,1;1,28,10,8,23,3,4
0,24,25,2,5,1,21;5,15,23,4,2,18,22;28,20,15,22,2;2,11;7;24,2,18,21,14,26,7
12;2,13;17,19;26,19,17;22,8,16,26,23,13,17;9,2,22,5;17,26,9,10,22,1,24
22,9,15,28;12,19,26,17,29,15,11;9,20,17,24,26,6;6,20,13;18;28;23,26,6,19,25,3;22,19,29,12,4,7,23,18;6,17,22,15,9
3;1;25,14,22,2,17,4,23,10;29,20;1,7,14,26;8;7,20,11,9;5,18,1,13,4;7,14,2,17;6,13,17,8,18;3,11,23,16,5,7,8
15,27,12,20,8,14,24;11,15,27,21;16,7,4,1,5,13;26,18,8,14;28;8;9,15,12,20,25,0,18,24;18,1,24;28,3;17,16,24;6,1,17,15,20;9,23,24,16,17;4,22,17;28,14,7,27,4,2,18;20,24;0,4,7;26
25;0,13,2,25;21;29;20,18,4,3,1;1,18;15,5;29,1,25,3,6,8,16,0;20,3,2,28,26,7,13,14;23,22,8,27,9;11,29,21,10;1,2,7,6,19,20,3;8,9,6,17;17;11,9,2,20;26;10,6,23,24;20,12,0,3,1,8;13
6,27;28,14,15,8,4,25,24,11;19
20,11,27,1,19,29,13,15;10;10,23,27,18,17,1,12;29
18,9,1,19,12,26,4,24;29,2;17,8,6;10,11,1;9,10;5,18;20,16,14,13,0,17;25;10,13;17,22,18,21,13,16,7,28;24,4,27,28,8,7;23,12;4,26;12,4,10,7,28,16,18;23,8,5,0;0,7,21,14;15,21,2,27
14,1,11;13,28,18,29,4;18,11;26;7,18
27;25,9,4,28;3,7,9,22,6,20;26,27;20,7;26,16,24,8,2,10;6,0,25,27,1;8,2,7,22,24,21;3,28,8,11,22,9,15,17;24,2;2,23,8
23,17,6,26,8,20,3;1,18,12,21,29,28,24,6;23,9,11,0,16,24,28;14,16,4,12;29;17,16,26,7,19,22,8,20;17,7,21;5;25,19,16,15;13,9,17,0,2,27;24,16,11,4,21,3,28;16,8,10,22,26,17;17,9,3,24;15,29,20,28,22;9,28,26,19,0
9,18,2,10,21,28;27,3,9,28,11,22;4,21,26;19,14,9,4,25,6,28;25,12;22,11;2,1,16;7,22,23,16,2,24,12;6,27;2,18;12,14,4,22,15;7,19;8,3,10;20,15,10,16,14,9,17;2,21
25,2,8,11,0,17,15;15;12,23,29,7,21,28,8;7,13,20,25,0,11,14;8,11,16;21,26,20,5;11,15,8,14,13,6,26;21,22;5,15,19,24,25,17,4;13;3,11,16;17,22,4,28,24,12,10,26;14,10,15,6;17,24,0,21,14,3,1;2;23,24,25,18,11,3,17,10
28,14,16,15,0,13,2,20;16,9,7,11,2;16,25,24,10;13,2;18,20,25,3,10,8,27;3,21,24,25,16;15,19,0,28,13;24,27,18
23,4,10,20,15,14,16;29,21,25,24,9,5,4;10,13,2,11,12,6,9;29,10,21,0,26,8,19,2;22,7,10,25,27;29,14,28,19,26;5,23,16,9,18,25,11;12,2,22;4,0,28,19,25,23,6,29;10,7,17,3,13;4,28,10,1,18
20,14,19,1,16,23,27,29;9,16,7,4;29,6,23,7,21,25,20,28;14,24,5,21;8,19,17,6,24;9,4,10;0,17,11,6,28,19
29,2,1;6,27,22,18,12,11,28,25;20;5,17,15;6,14,26,21,2;22,5,7,9,1,26;24,26;17,10,24,29
23,29,18;16
4;27,21;6,14,10,28,18,9;27,12,8,18,3,19;17,3,20;8,18,6;14,7,26,20,25,11;13,21,20,29,8,3,22;6,8,25,12;29,18,11,15,13,27;11,24,9,1;25,22;22,17,23,20,28;17,1,21,2,26;21,15,12,24,5,28;1,28,26,2,7,13,22,8;1,7
23,3,21,12,9,11,16,28;14,16;2,15,23,16,22,25,29;29,24;1,26;2;16,1;18;21,14,16,8;21,19;1,17,23;2,7,14,5,1,23,29,10;20,11;1,17;24,10,14;20,13,16,4,25,15,2,5
16,24,3,4,14,26,11;17,9,15,25,24;1,4,13,12,28,16;8,25,5,21,3,6,18;8,20,5,1,22,18,16;18,15,17,5,1,11;24,11,16,19,29;28,15,0;26;0,23;25,1,26,21,11;29,27,20,1,8,2,4,21;6,2,24;23,20,8,10,5,11,27,6;20,5,19,9,7,24,17,15;12,18,23,21;8,15,13;4,26,8,10,7;6,8,15,1,12,13,4
28,5,4,12;18,1,6,10,2,29,27;23,28,5,29,24,12;1,23,3,19;10;25,20,17,11,5,14,3;29,18,7,20,1,25,28;11;28,19,1,8,18,11,15;4
7,3;2;0,20,4;19,17,26,20,21,12;6,12,16,29,26;19,3,28,20,26,14;13;12;12,2,22,15;29,16;17,9,1;21,17;13,9,14;24,14,4,1;8,15,11,19,16,18;26,16,11;29,14;19,24,10,7,13
29,16;17,14,4,29,22,20,10;15,7,20,22,28;2,14,17,29,20,18;27,22,17,3;28;11,20;10,15,13,4,25;22,25,27;13,24,25,4,11,8,21;9,28,11,25;11;3,27,23,25,7
9,4,7,24,29
17,10,0,5;25,27;3,16,0,7;7,26,24;25,14,4;10,18,8;7,11,14;19,27,12;19,21,12,4,28,25;29,28,4,22,0,8,1;27,25,7,5;13,11,25;4;18,12;9,23;24,18,27
4,11,6,15,9,28;0;19,8;29,23,27,19,24,5,16,2;27,7,0,18,21,17;27,28,0;5,8,11,26,23;22,21,15,26,19;22,7,19,29;3,17,6,7,18;4,2,20,22
24,23,3,25,29,17,11
26,11,8,12,10,7,15,5;10,15,19;9;0,3,14,13,2,10,20,5;8,28,20;2;8,4,16,25,7,19;12,8,22,18,20,14
8,12,1;13,24,0
21,0,15,29;28,15,21,26,12,13;22,21,6,26,17,13;7,1,23;25,24,29,17,16;7,25,24,15,29,23,26;1,5,23,7,27;5,25,0,27,15;23,26,13,8,10,27,0;10;23,12;17,19;3,19,22;19,21,15,27;20
19;6
25;17,25,9;11,10,21,18,16,17;28,15,5,26,23,8,2,19;11,25,8,23,10;15,22,0;13,10,24,3,16,4,26,11;15,5,29,21,10;27,17,29,25,3,23;23,12,13,7;4,19,7;14;20,9,2,8;1,23,20,5;27,3,15,23,4,9,2,21;14,5,28,8,24,20,4,27;9,14,27,17,6,15,21
