15,26,17;13,20
3,1,9;13,3,27;29,16;8,24;3,4,29,10;26,13,28,6
16,6,4;29,6,13,17,20,23;5,26,13,24;28,15,4,14,21,23;1,19,16;19,22;3;24,7;27,0,26,16,4,2;22,18,27,12,19,11;22,28,24;6,19;11,27,14,20,15;2,23;18,23;18,22,13;17,23,16;28,3,27;6,3,7
3,19,14
9,12;20,29,8,9;17,3,27,0;10,3,24;27
1,5;6,10;22
4;22,4,12;23;23,11,5,22,24,15;10,12,1,14,18;15,14,16;27,26,18,7;23,9;12,11,6
10,20,28,18,1,21;20;23;11
16;1,25,21;8,11,3;8,4,7,26,10;17,22,9,7;22;14,19;19,8,16;7;29,15,3;16,2,11,8,6,3;23;29,8;12,22;10,24,29;18,16,8,20,4;3,29,23,22,16;10,11,28,20,8;8,3,14,7;16,18
1,3,13,2,4;2,3,16,28;15;5;29,14;0,22,17,14,8,4;28,24,25;24,6,22,21,4;5,4,20,27
13,2;21,4,18;2,18;21,12,28,9,4;11,28;25,2,7,8;28;26,29,5,8,20,25;12;4
22,10,5,21;26;26,19,20;29,19,23,25;11;6,21,15;7,21,15,13;24,16,21,10;8;13,25,22,20,9;26,27,6,5;18,24,13,11;21,25;3,19,24;21,13,26;28,7,9;16,9,29,28;3,28,23
17
11,5;7;14,29,15;15,16,8,26,20;18,7,19,11;23,3;13,14,22;15,22,8,16,2,28;8,4,11,23;19,22,7,8,16;29,22,16,27;18,24,9,19;29,19,7,22,26;27
10,26,27;5;2,24,25,7,0,4;17,19,7;23,24,9,21,22,12;10,27,23,8,28,15;7,3,10,17,14;20,6;15,2;1,14,22;18;14,17,24,25,8;27,14,2;14,4,23,9,6,3;23,16,18,3;19,12
10,29;25,16,14,26,10,6;25,20,15,11,27;5,23,2,7,6;6,7,25,21;7,17,3,23,26;11;25;7,27,28,3,29,5;0,6,11;8,9,19,27,10,21;14,26;7,16,19,3;29,20,7;7,12;6,4;21,28,24;5,10,16,23,1,29;9,23,24,16,11,8
2;15,24;23,11,17,2;13,8,14;21,16,19;18;2,17;3,18,28,7,8;17,4,9,8,11;29,5,0,17,8,13;7,27,9,10,17,18
16,29,18,2;28;1,3,9,16;4,23,3,18;12,11,7,15,17;26;13,22;28,26,29,20,6,7;16,29,14;23;6,27,3,4;26,5,14
26,2,10,1,7,20;18,17,22;18,3,7,24,2;24,22,1,23,14;20,8,28,3;14,15,23,2;5,12,27,11,19;15,2,4,24,3,21;18,14,11,16,23,19;18,2,17,12;8,26;12,7,5,8,3,13;24,11,18;6;0;16;0;22
4;24,19,18,7,3;12,4,14,13;19,26,28,7;8,0,24,14;22,6,26;10,4,13,6,1;10,8,3,28,2;29;15;5,15;29,20,10,15,9,17;7,20,2,17,14,4;3,5,16,17;4,13
