24,6,17,9,29,7,16;0,13,14,26,21,6,12,7,27,17;7,28,1,14,20,11,25,13,5,6,21,24,16,29,18,9,26;22,27,25,29,21,13,23,4,18,5,16,1,9;16,25,18,11,28,13,23,24;29,5;3,12,28,16,2,0,19,10,9,5,22,6;0,15,7,4,3,5,14,10,11,9,20,25;23,3,26,7,20,15,1,8,4,14,12,19,11,13,27;10,14,23,24,27,7,6,3,5,28,29,8,11,18;27,24,7,10,20,21,13,16,5,9,26,28,15;15,2,6,23,21,16,7,27,9,12,8,11,3,26;29,21,24,16,28,8,10,19,11,17,5,25,20,13,4,6,14,18
15,28,2,3,9,10,29,21,11;1,12,13
9,26;4,7,6,28,8,21,0,26,13;20,21,23,5,0,19,3,26;29,7,12,27,22,5,26,15,18,1,17,19,8,11,3,0,20,10
11,3,27,6,1,29,2,19;23,0,22,1,25,4;5,6,1,27,25,21;9,12,1,23,19,27,16,7;12,6,0,10,14,19,13,20,8;7,16,25,26,5,0,6,24,28,1,4,17,29,21,10;29;3,11;16,1,4,23,15,26,17,0,13,3,2,10,29,12,9,8,21,19;8,2,12,1,27,29,28,3,17;26,5,1,11,6,10,4,25,22,8,0,29;19,17,14,3,27;26,20,16,1,18,6,8,13,22,0,14,3,9,12;2,19;8;2,16,22,3,14;27,23,17,6,10,29,21,24,12,9,4,25,2,11,16,19;23,15,12,1,19,18;9,1,10,21,16,22,28,2,15,18,7,17,27,26,20;2,26,1,15,6,20,10,17,24
25,27,10,2,7,20,3,23,1,15,4,14;22,18,3,24,25,16,15,7,10,9;21,16,29,19,8,12,25;23,15,28,25,29,4;0,8,14,19,11,5,24,23,15,18,10;26,5,29,28,18,22,9,20,4,21,8,14,1,27,10;11;17,15,19;7,8,3,25,10,12,27,11,19,13,22,26;18,20,11,4,10,23,25,7,1,3,6,0;18,27,17,22,14,10,9;27,0,26,4;28,16,22;29,26,6,3,15,22,18,17,4,2,13,8,27,16,20,28,11;10,25,26,21,6,16,14,23,0
23;10,27,19;16,6,5,22,15,23,3,14,21,12,4,20,9,27,8,0,25;22,14,2,20,12,10,28;1,7,2,12,11,3,6,13,24,22,17,10,15;0,18,13,20;2,20,26,13,0,23,24,8,28,25,11;0,16,6,12,15,3,23;13,9,19,17,10,25,3,21,0,23,11,4,18,29,20;28,24,26
18,1,7,24,29,13,25,9,20,26,27,23,16,0;19,5,24,18,4,8,21,23,11,20,16,25;26,15,22,0,28,19,5,8,29,2,17,9;3,22,8,28,19,13,10,29,0,11,17,15,7,1,4;9,18,28,2,0,20;9,14,5,13,17;3,2,7,17,11,27,4;24,12,8,15,19,6,29,22,3,17,13,25,20,28,26,10,11,18;2,5,6,29;2,23,28,21,17,4,12,5,15,25,8,26,27,22;20,13,10,29,9,18,22,27,3;9,19,15,1,14;12,26,4;7,22,11;20,16,23,2;23,8,9,13,17,2,20,1,25,5,16,29,18
5,6,10,15,22,0,18,19,26;3,9,29,24;5,25,6,4,14,7,12,23,20,29,8,9,15,1;2,27,5,13,15;6,29,12,25,27,0,20,21,2,26,17,13;5,0,13,17,10,18,7,28,19,11,9,20,24,15;7,8,15,25,13,21,9;14,28,13,29,11,1,24,4,16,15,0,25,21,8;23,6,10,0,15,13,7,20,11,25,2,27;12,14,29,13,27,10,20,26,18,3,25,22,8,2,17,21,16;29;23,20,4,11,5,0,18;19,16,14,17,23;9,10,11,23,2,7,12,20,6,24,3,19,16,4,27;21;28,16,13,2,3,11;26,18,8,5,24,25,2,15,6,29,4,10,16,14,27;8,19,1,20,14,16,18,0,23;29,5,0,1,4,9,23,25,22,15,21
11,17,13,8,5,15,9,21,10,18,27,25;13,16,29,14,5,10,15,11,4,0,18,25,22,24;19,3,24,25,16,5,26,20,7,0,2,22,15,6;16,11,28;14,2,6,22,25,20,0,12,21,15,16,19,8,1,7,9,4,11;9,18;0,24,18,16,13,7,9,11,17,6,3,10;22,15,18,3,12,16,29,27,13,26,2,23,17,20,25;10;14;17,20,15,27;15,20,0,23,27,19,24,2,4,6,21,12,13,11,18;13,18,27,29,1,9,25,12,26,6,14,10,21,28
11,9,12,3,18,5,16,27,19,6,1,20,25,26,15,8,21,10;13,11,19,8,18,20,17,9,2,4,25,22,7
15,27,25,26,9,1,22,13,5,24,21;21,22,23;27;18,12,1,8,6,27,28,19,16,29,5,20,11;15,0,7,2,4,14,17,23,24,22,18,28,10,16,8,29,9;22,1,23,7,12,29,17,0,4,20,3,9,18,28,19;18,3,22,10,23,15,21,20,7,14,19,27,11,16,5,2,13;19,9,24,17,18,26,21;23,6,16,26,24,5,18,28,0,1,17;28,13,7,6,10,4,3,12,25,22,29,0,19,5,11,2,27;7,5,21,24,6,27,4,29,25,8,16,26,23,19
6,5,24,4,19,2,20;1,20,19,18,12,9,27,13,23,29,10,2,21;6,18,21,16,24,1,26,22,8,12,5,25,27,14,11;6,11,9,1,25,4;0,17,18,5,2,24,27,7,26,21,9,8;9,27,29,14,11,23,10,26;24,7,18,6,21;25,11,26,19,27,7,23,5,24,0,16,21,9,1,29,28,3;20,22,27,28,17,25,10,26,24,15,0,5,18,23,29,6,2,19;21,3,2,8,18,13,9;7,2,12,6,15,11,25,19,17,3,23,18;1,17,18,24,7,22,6,12,19,25,2,13,15,11,26,5;16,27,20;17,19,2,14,4,25,27,28,5,26,22,12;25,21,7,2,14,27,12,9,1,28,4,29,26;21,17,2,14,0,15,20;9,29,20,15,24,1,28,22,14,2,3,21,27,4,6,17;22,2,11,24,3,19,20,18,25;11,12,29,20,6,15,21,5,25,24,2,4
23,1;10,1,4,9,12,11,17,23,15,5,25,14,8,7,27,24;7,5,3,0,13,24,1,23,22,26,17;9,8,17,18,29,22,28,3,1,15,6,21,26,25;11,17,18,5,26,8,6,9;4,26,1,28,0,18;8,29,17,2,25,16,11,4,18,22,27,6,9;27,17,20,8,16,12,21,25;3,19,5,21,29;6,11,1,24,10,5,23,27,19,25,16,18,22,21,15;8,0;25,4,24,23,9,0,17,11,22,2,16,8,18,12,13;5,2,7,23,12,20,21;11,14,10,1,23,8,20,26,6,21,0,16;19,5;24,19,25,9,15;16,2,21,6,15,9,12,23,26,28,29,19,27,24
16,15,11,2;14,8,2,1,16,26,27,4;3,26,21,18,27,23,13,2,1,22,17,0,25;11,7,20,19,17,4,12,13,27,18,8,25,24,3,2,15,26,16;5,15,26,24,3,16,27,17,21,7,10,4,2,0,19,29,8;16,19,18,15,22,5,0,2,13;5,15,26;11,15,23,21,9,22,10,6,3,2,28,5;21;23,26,0,10,18,6,17,5;3,29,18;29,21,3,8,2,18,24,9,10,19,25,4,13,1,15,28,0,27;14
7,22,27,21,29,19,16;24,2,19,23,22,3,17,1;1,9,2,14,24,23,6,22;29,20,13;1;28,26,2,13,18;29,2,13,22,21;4,5,27,13,3,7,19,11,25,2,22,21,26,10,15,1,29,28;25,18,15;3;9,4,24,13,25,12,29,17,21,15,28,1,14,26,10,16,5,22
0,3,11,12,4;7,20,13,14,22,6,4,26,15,29,11,18,3;24,2,19,25,11,14,0,21,16;16,20,12,23,8,13;21,1,7,18,20,26,14,19,9;0,29,27,4,1,2,28,5,9,10,24,7,18,14,8;18,24,1,23,20,16;3,24,23,12,15,25,9,21,14,6,22,19,18,29,8,1,7;1,12,3,20,14,7,17,25,0,16;26,10,18,19,5,12,29,0,27,4;21,24,17,14,15,27,16,20,18,13;0,3,24,8,29,20,26,4,19,1;17,15,19,0,2,26,18,13,3,20,5,1,24,6,9,8,16,11;25;8,5,19,3,26,23
15,24,19,10,29,25,14,9,1,21;16;29,12,22,5,3,20,25;5,16,0,27,4;3,7,17,10,8,12,25,5,16,13,4,20,14,28,29,24,22;1,25,21,28,24,27,6,19,5,12,26,9,13,23,7,8;6,16,12,13,9,24;23,13,0,18,11,8,20,25,1,3,16,19,17,29;10,1,20,22,28,4,17,21,2,15;20,6,4,5,27,16,10,1,0,29,24,12;8,20,17,26,6,2,12,13,3,21,19,24,5;25,26,15;22,11,0,14,7,21,5,25;12,17,15,14,9,26,29,13,16,10,28,21,5;14,23
18,0,28,10,12,21,25,27,11;17,29,21,6,3,14,15,28,13,22,23,16,20,5,7;24,19;16,18,27,28;11,6,1,20,24,0,27,17,12,18,7;7,4,2,21,14,20,1,12,23,24,10,5,8,15,22,25,18,28;3,15,25,14;27,9,25,3,20,2,16,12,21,6;13,7
19,25,22,7,20,2,0,11,1,10,17,4,6;7,9;5,28,4,11;3,6,0,7,13;26,14;16,4;23,14,15,13,25,21,29,28,16,22
26,3,20,22,15,27,29,28,13,11,23,16,4,7,24,18,21;8,28,19,29,9,12,3,17;24,7,0,22,11,25,23,18;9,24,15,6,16,22,3;27,4,28;15,22;12,28,26,27,8,22,6,21,24,14,0,29,11;17,15,20,22,1;27,22,18,17,20,6,11;7,10,23,2,1,21,28,16,24;15,20,25,12,26;3,14;5,23,17;29,15,24,22,0;9,2,7,20,23,25,6;22,19,21,10,20,24,8,18,29,9,28,5,23,27,13,16,3;12,18,26,24,5,15,14,23;2,18,6,15,12,24,27,7,9,29,13,22,3,10,23,11
23,25,28,15,12,1,22,0,6,29,10,9,8,5,4,18,20;1,7,23,25,3,26,13,21,14,22,17,0,28;16,27,2,25,28,14,23,3;22,17,16,15,0,24
0,14,23,22,8,12,27;10,7,18,13,3,20;16,9,17,26,12,13,6,27,21,28,2,25,8,14,7,3,10,11;25,11,28,3,4,22,12,23,6,27,26,13,16,9,19,1;3,10,23,5,29,2,0,19,9,16,25,4,8,13,15,11;4,12,15,14,13,23,7,2,19,29,9,25;24,8,21,27;29,24,14,20,10,5,4,17,1,21,13,6,11,23,2,9;27,23,7,12,4;16,6,24,28,8,4,9,21,15,22,1,25,29;24,0,20,22,11;14,22,10,16,6,5,17,19,9,2,25,23,28,0,27,20,11;24,19,6,4,15,17,10,16,0,11,28;6,3,17,10,26,18,29,21,19,11,24,0,4,23,14,20,9,13
4,24,13,17,29,22,16,2,21,7,12,11;26,17,7,2,9,23,15,1,14,12;7,3,26,5,13,24,18,4,27,11,17,8,9;22,12,15,18,2,11,7,26,8,25,27,24,19,16,4,0,28,20;15,5,0,22,23,21,18,24,11,20,14,27,8,19,25,29;20,24,25,1,12,2,15,13,18,9;21,6,29,10,4,13,26,22,0,5,1,3;3;13,22,5,16,17,1,25,20,28,26,11,21,24;29,22,10,16,0,17,9;15,18,1,25,10,27,20,5,23,4,16,2;3,18,11,12,10,19,17;28,16,10,17,6,27
24,10,0,29,28,14,11;7,16,9,15,3,28,4,17,12,5,18,1;19,16,17,6,8,12,1,27,9;23,22,0,6,16,18,2,24,9,19,17,1,8;2,28,27,3,20,13,26,12,16;13;3,26,20,14,4;26,9,0,22,24,3,23,19,6,21
0,21,27,3,17,24,7,23,19,5,16,8,22;29,4,27,5,26,17,24,9,19,0,7,20,2,10,1,8;23,14;4,22,29,17,7,13,8,27,11,26,10;14,28,6,9,16,24,15,22,23,5,29,2,11,21;12,29,10,16,18,0,22,17,20,6,19,2,26
6,23,19,3,27,13,25,29,8;14,19,20,12,7,28,11,2,21,17,25,29,1,18,24,10,9,5;10,6,23,1,7,29,12,21,25,17,19,15,14,18,24;22,6,20,5,11,13,27,19,21,15,25,14,3,9,4,26;23,6;19,8,18,23,14,5,10,15,22;19,9,29,16,11,10,0;10,14,11,15,25,4,7,6,0,20,17,3,19,12,24,29,8,1;6,3,25,8,20,15,21;6,1,5,20,21,23,13,14,24,26,2;22,16,19,15,21,17,25,7,2,11,4,0,5,29,26,6,27,8;20,4,10,3,2,28,21,14,7,18,5,17;15,21,26
3,0,19,12,11,22,20;23,13,0,18,4,15,3,19,24,26,11,10;6,21,4,10,28,26,1,9,14,5,3,24,7,22,16,27;15,12,22,6,28,2,21,10,16,19,11,29,0,5,4,14;17,27,18,20,26,14,6,16;15,14,23,7,0,3,1,24,4;17,27,14,26,23;3,24,4,18,29,20,25,6,8,17,13,12,23;11,29,2,23,15,24,28;21,20,9,10,2,28,13,8,27,4,17,15,14,24,26,5;9
26,12,3,27,21,13,14,4;10,13,0,23;11,0,25,14,7,3,2,4,6,9,13,23,21,27;13,24,4,9,23,0,6,2,16,3,27,10;6,9,15;20;1,15,12,6,18,3,13,21,2,27,23,16,28,7,5,4,22,20;18,21,0,5,1,14,8,19,25,22,2,17,15,3,6;17,5,24,21,3,25,14,23,22,26,0,1,27,7,2,11,4;8,16,20,14,5,2,11,25,9,4,29,6,27,18,19,1;11,6;16,13,1,8,5,22,27,14,15,9,2,0,12,7,4,26,17;2,19,28,3,5,23,7,12,4,11,0,17
16,15,28;25
8,2,24,13,19,11,21,7,14,29,18,1,17
11,20,9,28,3,24,15,12,17,21,8,1,13,2;14,10,13,9,4,6,27;19,21,23,7,0,13,18,15,24,10,26;25,29,7,20,1,5,8,24,28,14,27,16,19,18;21,5,7,0,4,27,12,9,11,8,18,22,26,14,1,17,25;26,20,28,12,25,9,24,14,16,17,23,13,0,7;5,22,24,18,17,10,21,23,26,13
22,15;13,20,7;28,9,2,8,12,19,17,14,18,22,0,15,25,27,24,7;16,20,10,18,2,19,23,17,1,21,15,26,25,29,4,0,14,27;16,21,11,26,13,2,0,3,25,6,22;26,13,11,23,16,4,0,20,22;20,24,6;7,23,3,5,27,22,13,14,17,18,19,12;17,16,1,2,5,25,14,4,20,15,11,29,7,23,13,22
29
2,9,14,17,1,22,13,7,12,20,10,0;24,4,14,15;16,3,15,11,13,17,1,23,26,21;15,24,7,18,0,12,29,26,28,14,25,21,11,13,9,10,1,19;27,10,1,12,13,0,7,22,25,16,8,5,2,4,18,29,3;3,22,4,15,6;7,24;20,26,15,19,22,18,16,1,12;19,14,23,3,18,24,22,26,20,0,10,13,2,5,4,28,29;26,21,13,4,22,6,10,0,8,12,9,3;10,27,8,22,13,16,12,7,14;27,26,18,17,19,24,6,20,13,5,2,0,16,12,7,3,14;21,28,13,2,26,29,7,12,16,10,0,9,6,27,8,23;12,1,29,20,22,16,5,17,28,18,6,19,10,23
27,22,28,4,13,12,20,14;2;4;20,17,8,1,18,14,23;6,10,25,27,19,4,28,17,1,21,12,5,7,16,11,3,14,9;25,27,26,4,3,0,15,12,1,21,8;29,18,1,13,19,8,16,23,21,2,15,10,28,22,9,26,3,27;25,28,18,8,14,6,13,19,10,11,5,29,23,12;14,2,9,8,28,15,22,4,11,23,0,17;8,16,19,3,17;10,20,16,13,8;29,17,12,0,19,25;12,28,3;28,9,13,1,12,22,19,24,26,5;15,1,23,24,4,14,13,0,18,27,5,3,21,6,20;27,4,18,9,0,13,25,20,17,7;9,28,20,16,2,14,10,13,17;19,5,26,2,29;25,13,2,6,22,7,20,12,8,29,3,9,17,18,10,24,23;29,26,9,10,25,28,22,2,14,19,1,15,0,17,13
10,25,20,2,4,29,19;11,7,0,16,28,19,1
10,13,11,19;6,12,14,5,23;8,9,24,2,19,21,26,7,27,25,11;13,22,24,2,16,4,29,26,3,15,23,10;4,3,19,7,15,2,23,13,16,9,25,26,18,28;26,15;13,22,8,4,1,20,14,3,7,11,9,25,10,26,2,19,16;5,16,10,13,20,4;14,6,22,12,19,29,1,16;12,10,13,24,23,28,22,17,2;26,14,22,1,13,18,12,28,19,10,23,29,6,25,17,24,0,5;14;8,2,14,0,22,26,7,15,23,20,16,27,29,5;7,12,22,20;5,26,6,2,15,16,9,18,22,21,17,3,8;20,14,7,21,22,11,15,2,29,13,27,19,9,4,8;8,24;18,0,5,7,23,13,21,26;6,10,11,27,4,18,5,24,20,22,2,12,13,1,28,16,0;7,26,11,3,6,17,4
17,19,13,9,15,1,25,14,29,0,26;16,3,5,2,12,18;15,21,7,2,12;4,1,26,13,15,18,8,20,25,10,24,9,27,0,23;2,12,27,10,20,19,7;5,18,17,19,21;24;8,23,24,14,12,26,7,22,19,11,9,4,2,10,6;12,3,26,4,22,20,6,8,21,24,16,13,5,19,11,10,27;16,26,8,21;9,24,22,0,6,8,26;22,23,17,24,21,5,20,3,25,4
21,1,12,26,25,14;12,16,24,11,20,28,1,15,7,6,3,18,9,2;24,7,13,17,14,21,2,6,19,18,12,8,5,0,1,28,15,26;27,25;3,2,7,17,26,14,1,0,19;12,3,8;9;29,3,11,5,6,15,12,25,19,2,10,27,8,21,20,17;16,19,14,25,0,8,17,21,3,13;29;18,5,10,4,6,21,25,13,1,7,27,20,29,3;29,5,13,1,15,19,2,22,18,7,9,23,28,24;24
23,15,11,12,9,19,25,2;14,4,0,8,2,10,5,22,23;2,21,4,29,5,28,23,7,24,10,19,22,12;18,20,26,1,3,22,10,7,8,14,21,2,13,4,6,25,27,17;29,11,21,19,28,15,27,6,16,0,17,12,13,24,23,8,25;12,21,0;18,17,22;14,26,6,4,3,20,22,23,24,15,19,17,21,1,13;16,19,2,5,28,10,0,22,18,7,11;26;10,1,23,14,7,2,27,20,24,15,12,16,26;29,12,21,3,26,1;23,16,14,28,18,13,12,21,22,0;27,18,10,7,23,22,5,0,25,20,19,3,2,6,9;11,3,17,9,18,28,20,1,14,16
25,14,18,24,21,7,2,10,23,28,17;13,3,20,2,17,5,27,8,29,14,6,11,7;27,13,23,25,20,26,22,10,11,3,19,1,0,15,4,2,17;16,25,6;13,18,22,12,21,11,7,1,23,2,6,25,19,16,24,26,20;8,19,14,26,24,28,29,2,16,20,4,10;17,9,8,4,24,25,3,11,23,22,6,20;1,16,14;14,25,23,26,3,16,9,5,18,15,4,24,2;25,0;21,26,5,2,11,27,13,7,19,28;26,14,10,20,9,18,21,23,12,19,7,29,22;28,3,27,0,8,14,17,7,10,29;12,3,0,18,9,25,23;5,13,22,23,4,15,20;27,14,23,11,16,17,4,18,10,28;16,22;20,29,4,15,27,11,7,25,5,14,10,26,13,8,21,17;1,9,5,26,12,19,14,8,27,20;21,6,14,17,25,3,16,19,7,12,11,0,22,24,8,13,10,4
4,26,22,18,24,21,6,2,8,12,1,10,17,19,23,0,9,15;29,7,16,28,8,20,23,10,5,6,25;11,16,22,13;13,18,26,10,0,28,19,15,14,16,25,2,23,5,20;26,19,7,18,14,2,28,23,4,16,17,3;16,15,5
21,15,12,26,10,27,5,9,1,3,24,13,23,29,17;28,27,3,20,14,17,18,2,7,0,21;29,9,3,5,17,10,25,2,1,13,19,16,23,14,15,6;25,28,1,2,29,19,15,5,11,24,0,16,7,13;10,22,5,0,21,9,15,19,1,14,3,25,6,4,2,7,8;22,23,2,15,18,11,21,27;16,28,4,13,2,9,15,23,8,18,17,25,10,0;6,5,22,2,15,9,7,20,28,29,27,19,0,14,23,10,25,11;7,19,28,29,5,13,16,18,0,20;27,3,11,12,22,21,23,24,16,8,29;3,7,10,14,5;2,25,18,13,5,29,28,0,24,6;28,13,4,0,14,26,24,8,2,6,7,27,20,3,17,9;0,6,11,1,19;3,24,20,9,21,2,4,16,26,8,5,14,22,7,29,19;7,1,28,18,20,16,19,9;24,22,9,12,7,4,28,19,20,16;23,6,13,16;22,21,17,19,8,11,12
19,27,28,26;16,17;20,21,0,13,6,9,3,18,25,8;7,29,9,2,12,6;27,24,21;7,15,20,5,1,9,25,24,14,19,0,28,27,18,8,29,4,22;18,7;20,21,28,5,18,8,17,25,3,0,13,15,27,2,12;26,11,19,18;19,5,10,0,28,22,23,2,3,9,13,12,8
7,21,10,26,12,14,5,24,15,4;2,22,6,24,3,23,26;3,27,29,2,20,7,11,9,22,14,16,8,1,19,23;0,23,28,12,3,10,2,8,11,20,18,9,15,13;21,22,4,29,18,2,25,3,13,28,6,15;22,13,28,23,19,16,9,27,24,29,2,1,8;4,13,9,5,16,7,24,11,22;27,12,24,0,20,22,2,11,6;28,22,6,1,25,4,29,14,11,16,17,0,26,2;9,5,12,0,4,7,19,27,15,16,26,21,6,11,17,3,10;20,11,22,25,0;11,23,27,14,26,13,17,12,15,3,2,29,25,5,9;21,7,5,16,22,26,17,0,20,29,9,19;6,3,9;23,17,1,11,6,18,4,5,21,22,24;12,4,10,18;24,27,19,21,7,23,11,15,26,17,8;6,16,9,26,13,15,2,28,17,3,22,4,24,19,20,27,14,18
24,7,4,21,5;3,28,22,24,15,10,8,2,18,20,25,26,21,11,29;22,6,9;21,10,4,24,27
0;8,6
10,2,27,6,3,13,7,4,23,18;19,22,0,4,12,9,16,17,20,5,28,24,26,8,14,2,21,27;4,10,0,6,22,26,12,3;21,29,18,23,17;8,21,18,3,27,12,28,15,2,22,1,25,14,23,26
12,19,9,5,29,17,14,0,27,21,25;1,18,26,14,0,8,28,20,5,9,22,3,13,16,27,21;18,2,20,21;0,4,18,26,12,11,14,1;18,27,4,6,16,24,10,13;9,26,4;25,22,18,28,16,9,27,10,13,26,0,19,24,3,6;6;29,28,25,3,19,8,24,12,21,9,16,26,7,10,2,27,6;11,23,12,13,16,21,24,17,1,10;7,0,28,19,16,14;1,25,19,20,18,14,29,8,24,22,28,5,21;28,14,22,26,1,15,23,29,5,12,25,8,24,19,6,21,27;11,5,25,18,10,14,9,21,29,2
13,25,8,7,17,20,11;26,8,4,14,11,24;5,2,26,7,29,16,18;13,24,3,10,1,7,5,23,9,26,6,15,4,29,16,27;12,24,14,5,1,27,0,4,19,8,18,26,9;21,16,0,28,12,13,17,7,5,22,23,29,20,6,10,11,1;0,5;25,12,2,17,19,22,28,6,20,4,15,11,7,13,9,14,16;5,13,25,22,16;3,1,17,9,11,27,8;19,8,25,22,18,29,23;19,23,28,7,24,1,6,0,5,10,2,16,8,29,25,26,11;6,27;19,24,23,1,21,16,14,28,5,12;6,13,26,7,27,4,25,14,20,24,28,23;12,17,26,8,11
