9,6;19;11,6;11;28;4,20;22;29;21;29;4;12;8;19,18;21,29;15
1,11;1,8;25,15;12;27;4;6;6;24,0;8;10,16;16,6;12;8,12;24;5;4;28,10;24,28
8;18,13;8,16;14;15;12,27;4,14;12;4
4,25;16,20;26;13;19;13,14;21;5;15,14;19,23;2;5;8,6
16;9;25;16;17,25;1;0;11,3;19,4;2,24;22,6;4,7;5,9;1,19;8,20;3;0,12
26;7;17;6;5;17;27,22;2
10;5
10;13;17,28;17,0
5,15;16;20,12;27,25
16;23,5;20,1;29,5;17;19,6;15;24,22;23;7;26,7;17,11
4;11;24;8;12,28;9,19;28,29;10,4;23,24;15;11,0;23;13;17,21
0,20;6,10;10,1;22;5,10;4,20;28;24;3;1,25;25
8;7,0;21,23;10,15;5,16;29
24,11;7;5;26,25;21,11;15,29;25;26;4,0;15;2;10;1,9;15;23;19;13,1;10;18;28
17,0;0,4;2,5;18;28;3;24,29;18;8,14;17,21;10,11;20,13;24,6;26;2
21,11;3,4;13;12,9;2;12,22;4,27;29,5;2,11;7,11
26,29;16;14;15;11
17;14,20;10,4;10,26;18;3;2,23;24;20,13;14,24
1,21;3;9;24,3;13,12;2,0;8;13;1,24;7,13;0,10;3
18,14;20;23;9;5,18;28,16;5,18;26;29;6,22;12;19,17;20;6,5;15;22;10,24;5,10
18,0;25,17;25,0;4;28;9;6,4;12;19,0;12;2,23;0,19;25;6;0;28,25;29;28;23,3;26
23,12;0,13;27,17
10,27;21,18;9;27;17;11,28;20;13,20;4;6,17;11;13;19;27;17,5
4;20,19;1;23,10
14;1,22;4,6;16,11;23,15;5,25;21,29;1;27;29
17,8;12,27;14,12;14;14;27,2;12;2
27,15;25;28,14;20,3;17;27;21;14;16;19
16;1;24;16,25;10,17;15,22;17,25;1,3;1,18;27;19,18;1,5
15;23
3;29,14;11,27;21,25;25;2;13;5,15;18,4;4;19,27;7;6;24,11;3;15
1;6;1,14;22,27;8,0
3,8;22,17;12,3;15,9;19;22,10;14;4;21
19;6;16,7;26,28;26;26,16;8,24;2,15;28,21;26;22;19,14;3,12;18,24;19;17;0;27,8;0
15,16;19
15,19;7;1;14,4;3,15
17,11;26,14;2,11;0;25;2,26
8,14;5
17,15
22,20;27,10;21,4;5;3;12;18;9;2,19
17,7;2,18;21,24;16;11,23;19,0;5;28;23;7,15;16,1;2,10;23;19;3,12;16
24,16;25,26;4;10;18;14,3;14;6,15;7,24;13,29;3,25;14,3;25,15;6;7,17;26,2;28,23
28,16;28;18,24
14,18;20,26;25,9;29
7,11;15,3;18,14;28;25;0,22;13,26;26;26;24;6,29;20,10;13;12;19,29;21,28;4;15,26
26;29,7;22,20;10,17;8,0;3;29,10;5;0;6,8;28,0;9;18;19;22;25,10;4;25,18;6
22,2;8,6;1,14;7,22;6;2,6;20;20;26;17,26;17;14,17
7
28;4;14,24;0;13,16;16;16,21;2;26;21,14;23;14,11;14;0;16;10;5;13,4
1,23;4,16;8;27;29,11;7,13;15,12;18,27;25;1
5,19;17,24;28;13,21;15,26;22;4,0;28;14,6;29,28;16,29;24;2,24;3,2;10,0
