6,5,15,9,11;10,9;5,12,15,7,6,10;4,19,17,9;16,3,6,18,2,14,19,0;11,13,2,18,7,3,8;18,4,17,3;9,0,6,2,4,11;1,13;1,16,19,11,17;14,12,0,8,1,17,7;2,14,9,16,0,1
0,15,11;17,19,2,15,3,0,18;16,8;1,0,9;5,11,14,7,16,4,17;4,15,16,8,10,7,3,1;16,7;4,7,6,0;11,9,18,12,16,3,6,17;7,4;18;3,17,7,18,14;16,12,11,2;11;15,16,8;0,7,11,13,14,12,9,17;2,0,10,6,19,1,12,16;14,19,17,13,3,2;9,4,1,2,15,12,8,19
5,18,4,6;7,2,6,12,3;10,15,17,18;19,3,4;1,6;15,12,0,11,9,6,18,1;12,16,15;9,16,4;7,2,19,4;17;14,19,18,1,10,9,11;15,16;13,9;12;17;17,9,8,6,3,11,10
16,10,1,13,8,0,6,11;11,3,17;8,1,19,10,11,0;9,18,11,6,10,4,8;0;11,18,8,19,13,2,5;11,1,12,7,14,17,2,9;3,1,0,8,15,19;15,14,0;12,10,6,7,8,0,16;18,9,0,2,1,16,5,11;16,1,11,19,0,3;9,12,10,7,19;16,13,9
3;15,16,4,14;11,9,3;15;6,2,4,1,9,17,0,8;10,8;13,4,19,11,5;18,2,0;13,12,16,10,14,4,1,18;0,17,14,18,7;16,19,1,7,15;10,16,13,0,7;17,13,11,19;17,4,8,9,14;0,8,9,10,19,3;12,15,19,2,13,10,1
5,3,9;10,13;19,4,15,10,7,9,2;13;11,15,13,5,17,1,9;10,6,2,18,19;14,1;7,0,12,18,17,4;18,6,11,7,3;10;19
5,13,3,7,16,15,1,2;19,3,18,5,4,1;19,1,11,10;11,8,13,14;11,18,0,3,12,15;2,14,7,0,19,8;1,2,18,16,7;1,0,18
4,18,1;11,15,19;6,19,2;18,16,6,0,11,5;13,0,16,6,5,9,12,15;12,0;17;9,5;4;7,0,2,15,5,8,11,17;9,15,12,5,3,13,19,18;8;19,0,15,8,16,5,1;9,5;7,19,17,8,0,9,5,4;19,5,17,0,7,6,10,11;10,1,7,11,4
9,17,8,12,14
2,12,7,13,15;7,5,2,8;7,16,1,6,15,8;2,8,15;19;7,19,1,10
17,10,0,1,18,12,15,11
0;2,12,4,14,19,16,13,7;7;17;0,17,14,9,19,5,8
12,16,0,15,18,3;7,17,15;4,2,18,7,0,9,17;12;9,10;13,11,16,10,7,0,12;12,6,1,0,5,7;12,10,15,4,17,0;17,8,13,5,18;3,1,7,11,4;5,4,17;0,6,16;4,17,13,3;18,12,4,1,3,5;19,11;1,13,18,0,4,2,19;5,16,0,10,1,7;13,5,16,15,9,12
15,8,16;1,11,14,13,0,5;8,14,6,17,9;4,2,18,13,19,16,9;13,4,7,18,17,12;15,8,5,3,12;8,19,13,7,1,3,17;10,16,9,2,14,15,7,5;0,3,9,5,2,1,4,17;4,1,14,17,5,8;10,13,7,9;9,0,8,16,2,6,12;12;5,19,13,14;11
11,17,13;0,2,13,3,19,4,1;6,17,7,10,0,1,18;13,18,12,1,19,14,3;5,0,7,3;12,0,7,8,6,2,4,19;7,6,18,12,16,9;10,4;18;19,17,2;5,16,13,1,19,18,3;0,15,4,16,6,14,7;1,7,12,15,4,0,3;18,4,17,19,11,0,9,13;17;15,6,10,2,7,17;17,18,3,16,0;7;9
9,3,10;10,5,15,12;16,8,14,2,17,7;11,19,9,14,2,0,17;11,5;5,0,15,13;4,14,13,1,19;10,16;11,13;5,16,14,8;1,4,11,7,2;13,19;13,9,6;9,10,8,12,7,11;14,7,18,1,8,17
11,7,10,14,9;18,3,17,14,9,8;8,0,19,12,11,13;2;10,5,12,17,13,2;17,10,5,11,12,3;7,2,5,4,19;11,14,15,9;8,16,0,9,1
10,11;13,5,1,10,2;2,13,10;15,16;15,1,4,17;12,3;14,10;3,15,2;11,9,17,10;2,9,15,19;1,19,8,14;17,16;3,18,0,14,4,12,8,17;4,9
4,7;16,8,1,5;10,17,15;17,12,9,10,3;18,4,13,15,10,11,17;6,7,3,11,4,16,10;19,17,12,3,11;5,17,19,18;3,19,9,0,14,17,8
6,18,7;1,4,15,9;6,5,8,19,0,9,3,15;8,14,12;4,19,13,14,2,17,11,5;10,1;18,14,3,12,6
8;0,2,18,11,16,8,4,1;16,2,19;5,16,9,6,11,13;2,12,6,15,14,13,17;18,3;4;18,17,6,19,13;1,14,12,16,0;7,12,13,8,15
12,9,7,8,1
7;18,3,9;4;5,13,16,12;0
0,11,16;16,18,4;13,15,3;6,18;8;11,7;15,14;8;2,1,15;1,7,12,8,0,18;16
10,14,4,18,9,13,19,17;15;4,9,3;17;6,9
13,11,14,7,6,5;12,2,8
16,11,7,12;19,17,16,15,8,1,2;0,3,5,15,7,2,19,8;8,11,13;2,17;11,10,16,4,13,14
13,15,17,12,18;13;0,16,5,19,4,9;19,17,6,14,18,9;6,19,13,18,15,17,12;10,14,7,3,19,4,16,1;8,11,14,17,4,5;9,3;1;8;5,17,4,6;3,2,6,11,13;4;16,5;3,0,1,6,11,16,13
4,7,14,13,3,6,5;9,0,5,7;14,3,12;6,12,11,7,14,17;6,12,11;0,7;6,8,0,5;6,1;12,7,16,15,11,9,13;16,0,19,3,13,18,7,11;6,12,13,19,18;8,17,10;0,1,18,10,19,7;3,0,16,12,17,14,18;13,8,12,11,18,1,17
0,13,5,8;3,0,15,2,11,8,14,17;15,12,18,0;7,10,5,0;8,7;0,17,18,4,6,5,12;12,11,19,13,14,8;14,3;1,4,17,15,2,8,7;17;19,15,10;15,6,5,12,13
18;7,17,9,15,14,6,5;14,0;11,16;0,17,8,15,7;16,4,5,17,18,9,0,8;0,6,8,13,7;19,3,4,9;0,6,16,9,3,19,2;15,14,11,13,2;6,16,10,14,3,18;10;7,9,1,19;5,2,0,4;17,12,8,18,3,16,19,5;16,15,8,1,11,7;19,2,8,9,3,15;15
18,6,15,17,10,4,0;19,16;9,6;9,14,4,8,10;0,14,2,3;3,1,0,7,17,14,19;6;8,6,10;11;1,12,19,3,9;15,8;11,3,10,6,15,5,2,17;12,4,19,13,8,18,0;9,16,6,19,3,13,0,15;18,7,11,16,5,13;6,15,18,17;3,16;15;9,3;8
0;14,1,12,0;3,5,0;3,4,8,16,12,19,11,18;7,6,19,4,17,9,12;3,15;3,14,0;18,11,12,19,0,1,2;7,8,10,18,11,4;15,18,16,9,11;19,7,3,12,5;5,4,8,16
8,6,19,4,15,11;16,17,6;13,16;8,5,16,12,0,11,19,9;2,18;3,1,14,2,10,18,8,16;13,15,11,5;11,18,14,9,15;5;3;8,3,11,2,12,9;6,8,1,0,7,13,19;4,16,19,15,7;9,8,4;15,19,18,6;7,5,17,1,12;13,0,10;19,7
0,2,19,6,9;5,19,1,11,14,6;19,2,16,0,8,9;9,3,10;9,10;19,7,0,17,18,10,2;7,8,4,12,9,11,0;11,3,9,12,10
9,7,12,5,1,17,0;0,10,2,11;8;0,1,8,11,14,12;14,13,7,11,15,9,2;1,16,2;17,3,9,19,13;19,10,13;2,10;8,10,2,11;12,17;9,19,11,18;5,11,18,7,12,0,10;10;5,9,19,7,18;14,11,16,4,12
14,13;4,15,14,19,3,11;14,8,3,6,12,10;17,5,7,4,3,12,16
17,12,14,7,1,19,3;16,15,19,12;8,1,17;7,12,2,1,0,13,14;10,1,11,3,16;17,15,19,10,4,12;12,4,7,17,5;15,5,13,17,14,11,8,6;9,19;8,7,0,16,5,15
12,1,19,15,17,10;16,0,3,4,17,1;13,3,19,14,12;8,0,9,19;3,18;13,10,0,5,2,16,1,12;2,19,0,1,15,18,9;2,16,9;14
11,3;11,8,3,14,7,4,12;16,11,10,0,9,12,4;14;3,2,13,7,12,8,15;7,13,17,15,14,0,10;2,5,17,16,14,1;1,19,12;10,14,8,13;4,5,2,17,1;18,11,4,7,8;3,17,12,19,9,1,7,16;3,19;18,11,13;16,17,9,2,8,1,11
14,2,15,9,8,3,7;19,12,17,18;0,7,6,4;6,1,8;19,8,16,7,15,11,12,6;17,1,5,3;5,7
3,8,16,6,10;1,15,19;18,2,19,14;16,10,6,12,13,2;12,14,8,9,7,2,0;19,9,14,1;11,0;15,17,19,6;18,11,4,19,6,7,12,17;2,18,19,5,10;17,0,18,16,14,2;5,19,15,11;3,2,14;18,16,12,5;13,0,14,11,19,10;11,19,7;13,7;19,4,12,18
12,14,11;5,7,3,18,2,14,9,12;3,13,1,9,6,15,0;14,16,9,7,1,6,12,13;18,11,8,14,4,13
11;19,15,12,16,13;10,17;3,4,18,11,9,8;2;2;16,10,14,8,15,4,7;15,19,9,13;7,16,10,0,15,19,9,1;17,6,5,16,2,8,4,14;8,18,7,13,14,4,19;3;6,11,15,18,12,17,14,16;15,10,6;11,19,5,4,13;14,13,2,5,16,4,11;12,18;2,0;4,7,10,14,0,9;15,3,14,8,18,10
6,18,5,0,11,9;15;11,6,18,10,15,13;9,7,18;6;19,5;12;4,0;18,14,13;15,1,11,6,8,9
5
2,12,1,4;19,12,7,15;3,19,4,11,13;7,9,8;0,14,16,1,13,3;17,15,8,1;10,3,2,19,0;3,12,5,6;13;6,11,1,0,12,15;17,19,11,18,9,1,16;8,6,12,14,10,2,16,18;4,12,0,1,5,19,10,11;7,0;18,19,8,17;2,12;13,6,4,2,15,10,16,0
3;16,0,1,10,14;18,5,13,14,9,3,4,1;8;11;7,0,2,15,13,10;18,16,4,19;16,15;13,14,4,8,7,18,19;9,4,5;0,11,10,18;13,16,9,19,10,17,12,3;7,4,16,6,5,19,11;19,4,1,7,0,9,3,16;14,13,8,6,18,5;6,5,9,14,17,19,0;13,15,16,8,19,7;15,10,9,3,16,6,8;13,19,5,0,7,12,14,6
15,10,3,18,4,7;4,2,3,14,16,6,1,13;6,15,7,4,19,3,12,9;2;9,3,12,17,11,19,18,13;19,17;17;16,11,18;9,13;4;5,14,3,12;12,8,7
7;0,7,13,4,10,11,8,15;15,3,7;11,1,5,14,16,2;3,7,14,6,2,15;8;5,3,12,17,2,14,19,18;6,11,17,18,19
