29;17,27,13;22;8,11,18,27,16,9,24,6;13,8,10,20,19,26,5,29;0,23,18;3,19,14,1,6,7;22,29,16,24,5,0,13,18;8,15,2;7,4,25,14,1,0,20,16;10,1;26,20,19,27,14,2,10,28;29,24,5;23,3,19,21,7
8,9,10;4,5,11,25,7,1,29,13;27,0,12,1,23,2,5,19;13,16,17,3,6;8,1,13,22,17;15,1,12,0,16,20,18;28,6,16,3,1,27,19
10,16,13,25;4,12,23,28,16;18,10,26,11,20;0,19,22;5,29;25,15;12,1;6,26,2,18,8,13,29,7;23,10,17,29,27,25,4,1;1,23,5,22,8,17,28;6;3,24,22,13,15,10,19,17
16,26,10,23,9;19,15,1;15,10,19,2,26,8,16;28,27,18,23,16,12
2,4,14,28,22,15,24,9;7,1,25,0,10,14,20,9;6;15,0,16,11,18,24,2;15,7;15,29,6,10,5,23,2,26;14,17;10,26,12,22,8;7,14,10,26,4,23;1,22,19;6,5,28,13,2;27,6,15,4,17,3;7,27,9,18,13,14,21,11;12,14;11,21,13,17,29
24,12,2,16,0,7,11;12,5,24;29,9,0,22,25,19,16;4,3,6,25,8;23,13,11,17,7,12,2,24;27,14,29,8,23,7;3,14,10;3,10;14,19,12;0,1;14,0,2;28,22,21
19,4;0;6,29,10;18,12,7,19;7,4,1,10,18,24,15;28,17,6,12,10,7,21,14;8,21;22,14,25,0,17,19;27,17,20,5,2,22,15;21,19,0,14,3,4,22;13,19,15,25;20,7,16,27,25,14,13,8;15,14,20,11,2,27;24,22;6,26,4
11;14,5,23,0;13;7;13;8,7,24,11,29,21,5;24,1,23,2,11,8,6;10,27,17,7,11,12;17,0,21,18;22,9,15,5,16;11,27,6,29,26,14,3;24,9,7,14,23,12,11
19,20,11,22;11,15,4,17,29,2;3,27,15;15,18,28,14,2,6;12,20,26,1;21,15,14,8,0;16,0,6,4,1,25;4;14,28,15,13,1,6,23;18,22,11;21,5,0,19,7,14;9,2,18,3,11,29,17
19,12,28,8,14;14;5,0,7,13;22,21,1,5,11,25,15,24;5,15,29,9,17,10,25;6,2,27,19,12,10,5;23,22,7,25,5;28;6,3,14,10;4,27,13,29,23,28,24,9;9,7,17,1,18,24;8,14,1,4,11,26,20,3;7;23,11,21;0;3,9,0,29;14,16,11,22;15,11,19,6;2,28
13,1,14,26,21,3,18,11;14,11,21,27,5,20;10,27,12,3,5;15,2,22;24,28,5,18,6,29;13,23,26,18,28,22
17,9,5,18;9,13,23,16,8;18;20,9,5,16,12,2,3,27;8,29,18,23;12,28,22,16,10,20,8;17;9,24,27,4,10,23,0;6,3,26,2;7,20,26;27,12,28,16,14,0,15,24;1,15,4,22,29,2;13,19,26;7,8,6,15,16;18,27,16,23,14,4;7,5,16,28,14,29,23,4;29,21,22,26,12;27,28
15,3,2,27,16;28;9,8,11,21,23,29,4,26;3,29,10;6,25,16,28,18,12,21,23;5,15,2;25,6;0,21,6,20,12,15,9,24
0,19,3,2,17,4,14,1;10;12,22,5,11,13;18,4;14,22,7;29,4,24,14,27,8,28,1;11,20;18,1,11,25,13,2,27;16,24,11,22,25,3;25,24;11,22,2,20;1,16,23,7,6,12;24,9,6,21,0
25,9,3,2,29,21,23,16;18,23,16,28;28,13,18,29,19,11,14,17;12,28,6,2,7,16,23,21;4,15,3;6,18,26,20,2,4;12,16,0,5
13;21,0,10,9,19,18,1;24,5,16,22,0,21,19,9;2,5,25,17;2,24,25,27,9;4,20,19;24,7,17;29,23,16,1,15,9,10,3;5
4,10,15,3,25,1;5,10;19;29,9;11,27,13,10;2,15,24,10,28,20,3;28,9,6;22,11,9,1,8,3,18,21;19,21,18,29,24,5,25,28;15,17,26,5,16;4,25,16,17,27,0,11;20,25,19,28,27,8,13,4;26,6,22,17;20,8,17,2,27,0,21,22;27;23;20,12,16,27,0,6,24;18,16,28;22
3,1;20,10,5,7,3,1,9;15,14,3,16;11,24,20;17,19,1,7,5,23,0,12;14,15,10,16;10,9,8,2,26,7;9;7,10,22,16,29;26,4,11,7,15,0,28,8;19,15,2,18,29,22,0;14,16,25,20,8,28,11;2,8,4,15,10;27,25,10;9,22,12,23,29,21,25
16,23,19,13,9;13,1,12,15,6,20,27,17;1,20,26;1;15,14,3,24,23,19;2,20,11,4,10,26,8;12,16;2,19,10,27,13;13,20,19,12
10,1,24;4,3,1,20,23,8,26,22;29,14,25,26,27;15,16,29,26;11,12,25;10,3,29,16,20,13,17;11,8,18,23;24,0,6,19,21,25
15,12,28,8
25,22;17,15,26,11,25,23,27,19;21,1,14;13,3,26;5,15,11,27,7,6;19,11,18,28,20,6,21,17;0,8,7,17;25,0,16,1,3;3,7,8,26;7,23,29,24;28,23,29,6,17,2,5,13;13,23;9,1,27;8,24,20,4,23;19,3,13,5,29,21,26
17,20,24,18;13,15,29,2,24,26;21,8,4,14,1,20;10;19;10;6,24,15,10,21,16,5;22,25,21,9,19,10,29,7;2,25,15,21;14,18,29,7,12;26,24,22;18,21,26,13,10,17;9,19,6,18,12,2,21;3,5,22,24,2;7,5,25,22,19,17;7,26,1,27;12,10,18,28,0,3;10,18,12,16,24,29,6;18,27,22,2,4;9
16,27;10,7,13;24,11;24,29,19,14,26,13;3;4,17,20,21;11;21;7,9;18,26,2,25,3;0,12,28,16;18,27,1,9;3,19,22
0,18,1,14,28,13,2;9,29,6,21;3,5;16,3,1;17,4,2,24,16,14,26,3;27,0,4,28,22;21,22,0,17,9,7;14;20,28,21,0;6,25,5,1,3;17,28;11,20,28,19;1,16,25,6,27
13,1,22,5,2,26,4;19,0,6,13,11,5,8;2,1,8,9,22,13,21;23;16,18,7,22
5;12,3,4,26;6,18,8,19,24,28;18,10,5,24,9,0;24,8,6,7,20,3,0,2;3,23,14,11;9,0,11,12,20,14;9,25,16,15,20,12,5;3,13,0,25,5,12;9;19,24,6,4,14,22;4;3,16,23,10,17,9,19
6,12,2;8,23,25,7,10;19,27,22,8;5,17,1;16,25,15,19,5;29,10,1,4,28,0,17,13;3,20,21,23,29,12,19,1;10;12;21,20,7,6,19,11,25,13;7;14,10,13,17;1,0,18;11,0,6,23
16,7,17,8,11,20;16,4,21,1;15,8,9,4;10,8,16,6,1,9;10,29,6,5,9,15,28;4;12,28,26,16;27;23;3,7,6,23,19;4,23,28,9,25,24;8,5;10,22,28,9,7;5,11,10,22,15,27;14,19,29,6;12,26,28,9;6;16
28,8,0,7,21,18;27,7,25,2;28,2;7,2,22,29;5,0,18,14,8,29;11,23,21;6,9,11,24,7,0,21,17;11,29,14;19,10;11,4,27,5,28,22,20,18;4,11,12,26,20,23,19,2
18,12,10,24,0,26;3,14,4,6,2,21,12;26,22,4,24,13,9,16;13,6,21,24,11;7;18,19,6,25,27;18,17,4,22,10,27;3,28,4,11,13,2,29;20,7,13,3,26,15;22,10,5,11;27;22,10,9,15,4,18,14;13;10,5,17,1,24,29,6;19,14,29,11,25,15,23,7;22
2,7,22,3,5,23;2;18,3,22;10,21,22;25,6,21,2;23,24,10,17;18,8,21,24,14;17,9;28,5,16,19,9,26,1,18;22,19,23,15,18,29,12;29,5,11;10,21,28,22,7,23;3,21,19,4;6,27,19;9,8,19,28,26;24,19,1,3,5,8;3,18,5;15,11,29;23,25,11
23,15,16,26,17,27,4,18;0,21,17,2,27,6;11,22,2,3,12
0,16,9,1;7,19,6;23,28,25,8,19;21,20,1,13,6,24,17,26;2,0,1,6,29,15,17,25;29,21,1,27,13,9,23;9;9,21,24,4
29,9,6,8,25,23,14,13;20,29,7,23;28,2;0,2,7;10,21,24,14,17,19,6;7,10,29,0,12,27,3,18;15,0,9,6;7,16,24;3;9,14,13,8,21,24,0;15,12
13;8,11,12,3,7;24,2;23,26;2,27,24,23,13,12
19,23,28,8,3,24,11,0
4,17,5,16,13,12,2;29,4,20,5,2,6;20,26,6;19,26,15,22,14,12,9,20
14,4,1,19,3;8,29;15,29;1;24,3,18,5,29,28,8,7;5,23,16,3,22,29;11,20,1,26,14;5,7,9,13,8,14,17;28;8,4;22,23,9;15,9,17,1,7;4,5,6;8,14;24,20,10;24,3,28;22,20,6,29,7;13,12,21;22,9,8,7,3,18
9,13,15,1;0,9,14;18;9,6,19,0,17,5,27;23,1,17,15,6,20;0,6,14,11,5;1,14,26,18,28,9,10,25;28,12,1,16,14,5,25;9,23,28,0,29,11,26;17,18,15,26,22,7,1,14;2,7,19,11,25;19,28,4,16,12,3,6;22,29,26
2,23,3,19,18,22,29,12;15,12,4,16,14,27,2;0,22,13,21,14,17
9,3,29,25;17,11,0,29;6,12,25,2,21;20,1;2,7;25,22;5,24,26,16
21;6,23,11;17,21,24,14,7,29;26;16;22,25,10,12,4,17,28;22,19,24,10,26,3;17,2,26;5,11;3,14;7,25,9,19,11,5;26,18,6;3,21,16,0
27,0,14,25,20,11,28,6;20,29,10;1,7,12,24,28,4,23,10;29;23,14,15;1,8,13,29,7;19,6,2,14;21,10,29,17,5,25;10,21,9;20,29,7,9,23;19,18,16,23,24,13;6,27,1,29,10;15,6,9;23,27,24,21;20,5,15,10,8;7,20,9,8,17,22,29,13
27,26,18,17;29,25;5,22,29,16,4,19;24,11,15,20,4,6;23,1,24,16;3;24,29,17,20,13,11,8;1,6,23;17,18,21,7,11,12;1,10,9,23;2,6,11,5,14;5,7,26;21,1,7,5,4
17,15,12,27,8;22;14,17,5,29,1,3,6,7;2,15,19,26,18,4,11,13
20,29;3,11,16,26,20;14,23;5,15;18,9,20,26,8,24;16,2;18,23,11,24,12,29;28,27,4,7,29,16,23;11;19,20,3,29,13,15;4,0,16,17,20,8;25,2,3,14;1,20,26,18,3,21,0;22,3,21,11,13,10,5,18;28,21,4,20,1,16,19;20,11
0;8,12,14,16;7,22,16,11,29;26,28,14,21,6,16,29,10;15,29,11,19;14,7,12,3,19,8;8;23,11,5,20,16,22,21;27,8,16,2,17,10,3,29;4,3,2,23,14,27;6,28,13,0,17,4,15,7;15,25,12,8;29,25,13,1,10,7,0,15;9,20,14,24;5,2,1,3,26,9,4,24;4,9,17,23,14,12;28,25,14,20,10,5,18,16;1,6,12,29,28;26,8,13,18
7,0,5,29,19,27,14;20,18,26,6;8,18,27,4,23,29;22,1,9;18,12,8,22,21,23
17,27,6,15,16,8,28,3;16,24,17,4,14,27,7,21;2;14,18,24,12;26,22,21,0,18;24,16,19,14,23,25;17,0,23,15,13,8,14,2;24,27,20,2,19
3,26,0,6,21,5;26,11,22;16,7,6,4;12,2,23,29,3;19,24,29,17,16;17,18,19,20,3,10,4
1,10,14,21,27,4;25,17,2,26,4;6,17,18,3;5,7,0,22,9,25,21,27;19,25,6,22,8,13,24;15,14,2;19,14,1,28,21,11,3;23,18;19,6,3;21,29,26,10,28;14,29,20,13,1,28
3,1,13,17;29,11;16,1,13;13,22,3,7;1,3,5,14,13,11,7,27;24,5,15,18,21,26,6;22,17,26,21,11
17,16,27,25,13,12;17
22,7;14;12,1,29,28,9,0,23;20,24,1,26;7,18,21;4,3,16,13;7,24,18,3,14;21,15,16,22,12,20,1;2,23,24,21,8,13,9;0,12,25,7,6,4,5,19;12,28,0,1,24,18,7;11,20,8,0,18,12,9,3;27,26,20,18,9,23,1,24;29,14,24,0,18,21,4,27;20,1,19,15
13,15,1,3;0,12,3,5,16;20,13,18,1,25,8,16,11;24,8,2;22,17,26,0,1,10,16,5;13,3;29,19,15,23,7,8,16;28,6,4,27,0,26,24,9;16,25,26,5,22,8;14,22,16,25,17,11,18,26;7,10,18,24,5,16;20,16;5,24,27,0;0,16,15,11;8,11,5,3,24,1,10,13;12,5,19,27,26,17,23,7;23,15,1,2,28,27,9;29,25,11,16,9,22,5;11,5,13,26,6,10,20,8
22,16,6,10,18;27,24,16,4,5,28,0,21;8,17,3;7,5,11;24,10;20,25,13;14,28,22,24,4,5,12,2;3,13;22;15,17,23,2,9;27;22;17,27,9,19,4,29;27,9,24,25,2,20,19;1
19,21;8,7,9,17,1,21,14,22;26,19,23,12,22,4;16,12,8,26,3,13,27,29;12,4,11;22,11,21,12,27,23;12,7,24,14,27,8,10;4;19,0,17,23,26;8,27,12;23,2,27,0;21,2,24,5,27,15,16,9;4,7;28;13,18;27,3,11,4;8,5,21,13,23,22,29,27;25,14,18,11,27;15,12,29,17,3,0,27,22;0,14
21,23,2,17,13,7,14;8,1,24,9,28,16;6,12,1,19;7,24,26;2,20,19,3,12,21;10;0;19,9,26,24;18,26;20,19,10,21,11,26;3,1;15,11,22,29,21;10,1,2,15,13,8;7,15,17,28,29,23,25,10;4,1,14,21,16;0,28,14,27,24,10;17,29,1,3,25,4,11;17,7,25,28;22,16;27
27,7,20;19;12,21,25,24,29,13;18,9,6,26,14,21,3;24,5,20;6,3,22,11,0,29,17;15,2,8,16,0,21,24,1;12,18,25,16,13,8,20,4;14,0;25;25,8,16,13;1,3,6,8;24,5,6,15,12;16,13,29;7,3,0,8,14,11;17,11,21;6,8;16,23,10,28;29
29,14,11,16;9,11,27;13,12,1,23,26,27,19,7;6,7,18,11,22,23;17;25,2,23,6,1,26
4,21,23,3;8,6,5,10;24,3,28,10,13,29,0;17;27,25,6,10,16,15,18
27,25,2,9;28,16,27,20,10;9,20,1,21,13,28;25,26,22,21,11,19,12,24;26,10,19,23;29,4,18,3,10,0,8;15,1;23,19,18,28,6,9,2,13
17,24,23,28,9,12;9;10,12,5,25,0;3,17,12,14,22,19;4,24;19,10,28,9,1,8,3;27,8,6,7,16,14,1
21,23,25,27,14;10,24,6,11,16;28,4,24,5,14,23,15,6;5,26,2,29,0,7;18,21,16,27;26,23,16,6,8,12,9,27;2,23,27,0,20,3,5;23,28,1,14,20,24,0,13;14,10;11,10,20,6,9;17,16;15,2,20,1,7,16,5,13;21,12,0,7,26,16,10;17,27,28;5,8,2,6,29,26,14
0,20
6,7,9;8,29,0,24,22;11,17,18,4,8,6;8,12,15,14,22,0,4;11,9;28;24,13,12;10,15,0,18,29,16;23,15,0,25,13,16,22;20,0;2,3,15,5,23,19,12;11,29,6,26,0
5,3,1;25;13,8,6,12,17,5,3;4,13,24,26
23,16,28,26,11,7,22,18;19,15,1;20;10,23,13,26;4,6;27,17,7,9,8,19;8,15,1,16,25,27,26;13,1,22,25,15
3,23,10,29,24
14,29,24,15;6,2,28;28,20,3,25;25,14,13,20;7,8,24,26,13,15,22;28,19,10,24;16,20,15,6;28,18,10,17,12,15,6,4;3,15,24,12;3,13,12,1,27,10,14,4;26,20,18,2,15,13;23,24,10,25;12,2;17,27
0,21,12,7,23,6;9,21,7,0,25,3;5,20,3,1,17,15;0,21,1,2,26,17,7,25;21;23,10,26;15;18,14,17,0,10,22,13,28
18,15,21,7,17,5,20;10,3,9,12,20,5,11;5;1,10;3;19,29,9,14,3,24,0;11,19,24,29,16;19,21,20,8,0,9;13,15,27,29;29,24,9;14,28,25,7,4,19;17,27,8,3,14;10,14,25,2,3,15,7,1;17,14,16
26,18,6,0,24,10,23;19,6,1,10,26,27
4,17;27,28,21,15,13;9;12,0,21,22,14;16,20,18;0,13,27,8,16;26,2,24,20;1,13,7,0,5,24,18,14;4,23,15,7,11,9;1,5;29,18,19;0,7,12,2,1;0;26,23,8,1,28,9,12
24,16,0,14,20,7,18;22,15;7,19,0,23,9;15;11,20,9,18,23,15;12,20,14,0;29,6,27,8,5,2,12,28;24,17
27,4;2,3,9,25
24,12,27,8,5,19,20,16;13,12;8,9,3,13,4;6,8,19,7,25,4;7,25;18,21,27,9,7,6;4,26,8,19,21,17,20;5,18,23,28,1,14,6,0;8,21,5,22;23,27,3,21,0,29,26;11,26,27,15,7;13,22,19,7,9,25,6;21;18,2,24,17,15,1
3;3,6,17,5,19;29,0;16,27,0,5,3,1,7,21;28,13;21,14
7,18,25,12,27;4,13,3,23,8,7;13,4,24,22,25,19,15;9,11,29;17,25;23,20,16,26,13,27;27,4;24,25,5,18,9;2,3,28,11,10;9,12,28,11,5,13,4,10;25,4,27,17;16,12,22,3,24,14;18,12,25,16,13;23,4,24,10;9,3,22,11,25;6,7,25,11,14;22,2,5
