13,5;1,25,21,10;15,23,20,4,2,11,3,26;7,26,1,24;19,17,13,2,0,9,10;13;29,15,11,4,1,8;7
26;13,15;6,18,7,8,19,17;6;29,27,13,16;3,6;6,22;15,20,28,19,9,0,22;21;2,12,28;28,14,3,25,6,12,29,17;9,18,22,26,4,7
18,0,15,3
17,24,10;27,25;8,20,24,11,16;20,13,17,6,5;2,10,21,0;13,5,21;28,3,18,19;15;13;10,2,0;16,15,13,3,9,7;12,15,16,6,25,11
14,27,26,0,13,6,29,20;19,29;16,14,23,8,10,2,17
25,18,2,22,10,12;0;7,2,24,10,4;19,1,20,17,22,28;16,14,19;20,28,16,12,10,4
24;5,3,1,9,19,27,24,10;5,20,12,25,17,0,10;14,13,28,5,15,22;26,4;6,19,17,20,5,1,7,12;5,6,15,7,10
14,6,18,9;23,12,5,16,26;4,20,11,10,13,16,26,28;3;11,16,5,21,8,17,9;5,25,0,29;13,6,9,11,18,2,23;22,2,18,6,23;25,15,20,28,2,22;18,4,22;26,6,18,12,27,14,11,24;23,15
15,5,6,23,22,4;5,2,28;25,1,27,17,3,10,22,7;13,23,22,18,6;4,21,22,3,25,12,18;18,9,7,24,15,20;28,6,2,11,3,9,19,18
25,15,18,0;12,27,14,23;20,10,28,0,7;11;27,11,8,6,22,15;26;15,9,0;2,19,17,13,21,24,0;29,12,24,8,2,6
5,2,27,11,26,13,7,20;5,15,29,22;26,22,14,5,19;26,1;4,28;17,20,28,25,7,6
22;10,16,3,5,14,15,6
5,23,1,15,17,7,6,18;9,12;23,14,28,9,20,6;12,8,9,4
10;3,12,20;12,28,6,15,25;0,14,26,15;22,19,8;17,3,23,0;13,20,22,5,27,16,18;28
10,9,15;29,2,12,28;9,20,3,19,25;28
20,15,11,9,25;16,25;8;8,16,26,25,10,17,21;27,28,24,19,22;4,15,5,7,29,1,2;5,16,26,4,3,25;24,9,10;21,0,5,4,11,10
29,14,21,6,12,7,24,22;11;9,5;7,26,12,1,20;7;28,12,23;22;2,19,9,16;1,6,16,5,22,23,12,8;13,16,12,1,22,29,5,21;21,6,27,22,25,18;24,8;13,7,5,2,0,11;3,23,16,20,25,19,0,17
5;24,5,23,25;24,23,10,20;9,28,10;20,3,6,26;29;28,19,12,6,21,8,25,2;15,7,23,8,17;25,9,4,14,3;27,29,4,1,9,8;14,12,8,26,11,1,19;5,14,27,1,19;18,15,5,1,6,21;7,3;12,9,26;17,22,13,8;21,15,10;29,22,6,13,19,0,26;22,23,0,3,20,12,27,24
7,6,12,13,18;27;29,2;29,16,5,13,26,25;19,20,5,3;23,16,18,19,5;19,11,8,25,13;26,0,25,14,19;22,13,0;28,17
27;22,17,21,15,2;15,22,8;5,21,3,0,6,22,24,27;21,27;3,14,19,22;21;13,7,29,9,23,3;27,4,10,1,21;14,29,2,26;29;0,17,6,27,28,7,5;9,12,17,11;15;9,17,2,14,7;23
5,23,19;6,26,14;20,29,17;21,25,28,22;11,6,28,15,0,7,1,5;3,16,23,27,28,8,10;2,4,18,23,0,26,20;4,5,8,26;5,12,17,2,14,1,4,20;25,5,3,9,24,1,10,18;14;27,13,3;2,3,17,28,15;27,20,29,26,22,3
20,26,6,16,10,11,13,25;2,19,8,17;24,6,22,15;19,5,23,20,0,1,17,8;16,23,28,26,29,12,18,6;0,15,12;16,3,23,10
12,15,25,8,29,27;9,18,3,15,0,11,10
19,13,20,18;7,1;1,22,9,28,15,16,29,27;17,14,4,1,22,9,25;5,25,2,29,13;14,28,21,8;8;21,23;27,9,28,22,23;26,12,4,14;18,16,9;19,10,9,15,13;14,2;6
22,21,11;4,24,28,26;26,21,22,16,23,13,1,20;14,25,28,0,9,18,10;4;18,19,9,22,5;5,12,15,27,1,7,3;27,29,6;29,17,3,9,26,20,18;2,25,6,0,19,3,14,15;21,14,7,9,6,12,29;15,1,3,24,16,7;3,22
20,26;29,17;22,24,5,12,9,14,17;23,8,7;11,29;6,14,15;16;5;20,26,19,25,11,13,7;25,23,3,10,8;0,11;20,9,15,21;3,27,16;11,25,22,27,13,1;0;9,18
1,29,26,9,3,7,17,8;13,28,7,10;15,16,6,9,28,1,19;12,9,21,29,20;11,12,14;22,26;21,8,26,7;10,2,21,3;25,11,1,9;5,23,25,26,4,15,11;29,12,21,16,4;22,4,3,17,23,1,6,14;3;10,13,28;9,16,27,6,0;3,23,19,25,10,17,0,6;28,11,18,21,9,17,8,2;26,7,15;23,27,8
11,17,9,16,27,5;18,1,23,24;21,15;15;13,6,25,1,5,9;6,27,21,1;17,0,13,19;28,5,0;13;23,22,4,1,24,9;24,7,19,12,14
17,9,11,3,20,25;19,8,15,12;23,24,2,15;22,3,15,27,29;20,26,22,14,27;7,19,28,10,1,11;4,3;12,20,14,2,25,15,0,18;8,24,27,29,5,26,18,12;19,6,18,10,23,22,28,13;6,5,14,29;16,13,24,5,10;18,11,4,1
20;17,13,29,27,23,2,19,0;29,7,26,21,25,10,24,15;23,21,27,9,11;8,9,25,20,0,29;25,26,2,14,20,16,12;1,9,19,25,23;12,27,8,3;16,14,17;16,9,29,23,24;20,3,8,10;9,10,14,13;22,13,18,7;11,25,27,20;5,6,21,11;22;21,17,19,18,29,14,5
4,15,21,26,14,29,20,24;24;21;9;19,18,5,25,4,12,6;21,20,19,5;19,15,25,17,28,22,26,9;0,24,27,25,11,2,20,26;14,12,15,26,3
4,16,22,15,0,19,29;1,5,17,11,4;15;15,25,20,13,5,26;17,28,25,22;11,3,1,28,20;24,21,12,27,13,16,11;22,24,6;14,2,13,23;7,13,29,10,2;17,27,12,26,15;21;16,23,13,1,25
29,6,18,25,5;4,26,10;26,21,19,2,6,10;16,13;8,18,23,14,20,1,0;12,24,5,29,26,18;4,16,29,0,27,1,11;23,3,21,26,4,10,22,2;24,5,14,29,13,25,20;24,25,10,13,18,21,12;16,21,1,12,15,19,7,11;20,27,19,18,13,4,6;0;1,0,19,16,22,6;25,28;22,23,5,16,26,19,20;7,9,25,17,5;10;18,21,16,9,23,22,7;13,3,1
24,20,12,8,21,1,18;14,22,4,15,28,0,16,9;26,11,16,20,4,6,27;17,21,9,5,15,8;4,8,9,2,28,26,17,10;15,26,14,8;4,20,23,28,1,18,5,22;17,3,7,28,29,11,27;26,25,0,3,6,28,4,5;21;20,14,21,25,7,5,28;17,12,20,2,29,0,7;5,1,2,7;12,24;0,6,14,23,13,22,18,2;7,20,21,3,18,9,24;22,19,21,2,26,29,20;1,23,27,21;5,17,1,0,20,29,9,28
13,17,0,10,6;10,18,23,6;6,4,10,23,16,14,26
13,9,14,17,16;29,26,3,19,7
2,12,3,14,19,15,4;28,7,5,13,0
19,25,21,28,12,7,8,26;3,16,1,22;3,26,20,7,18,8;18,12,27,16,29,6,3,24;24,5;15,25,3,28,23,22,9;16,18,0,29,2;17,27,21,3,23,5,22;26,11,6,13,20,27,1,21;0,2,10,21,8,6,13;5,0,26,13
2,1,10,12,6,13;26,18,2;13,8,4,11;18,24,2,27,6,3;29,1,11;12,6,9,8,15;29;20,17,4,15,29,10;27,19,18,10;2,26,13;14,20,25,26;2,16,7,8,12
29,17,4,28,13,5,15
0,19,15,5,17,25;12,18,3,17,1,23,11,27;24,22,4,9,19,10;25,26,6,24,12,1,10,23;4,24,5;0,8
25;10,8,28,29,6;23,22,28,1,7,26,27,12;21,1,23,26;11;3,7,16,2,25;11,14,17,20;1,3,29,21,27,14,18,22;9,17,13,15;8;25,9,22,18,23,4,7,26;23,27,14;13,26,17,27,28,5,2;24,8,27,6
18,21,14,20;11,15,28,13,26,0,24,29;10,18,16,6;9
0,21,12,18,29;17,5,23,1,24;20,6,29,18,12,5,9;23,11,21,18,25,14,1,24;17,19,29,7,8,21;12,15,6,21;20,6,1,29,28,7,12,5;23;19,0,20,8;9,13,0;17,23,27;18,12,4,9,15,3;9,7,5,4,8,25,12;18,11,26,0,22,2,20,1;16,10,0,28,26,1,2,25;27,7,4,17,12,21;6;20,8,29,12;11;8,25,23,21
18,19,27;29,19,18,27,5,10,6,1;11;21,20,10;15,24,0,2,3,22;10,19,26,5,14,4,12,29;13,18,19,5;8,5,7,26,3,27,19;16,29,1,15,24,25,12;13,12,1;24,3;29,15,13,28,22;14,1,6,25,11,9;14,3,16;22;2,28,20,5,1,8,17;23,4,3,0,16,20,29,17;11,10,1,16,24;7,6,12,18,15,16
19;20,16,8,15,5,22,11;27,26,9,4,29,17,10,5;29,17,5,13,23,20,24,2;28,20;12;0,29,18,16,27,4,1
9;3;22,17,23,29,13,2;27,16,19,7,2,15,11;14,13,12;28,12,22,18,14;6,3,17;2,20;15,12;2,29,18,19,22,16,14;11
14,23,12;8,21;7,9,12,24,17,14;22,3,19;2,8;2,25;7,23,25;8;26,10,11,8,27,17;0,16,15,11,2,22,9,19;7,14,11;12,3,23,21,25,2,27;14,3,26,7,11,18,29;7;4,25,23;27
7,13,8,23,3,16,28,21;6,0;22,10;9,3,2,21,5;23,2;24;8,11;29,26,2;10,27,0,26,28,2,21,24;20,29,13;12,15,6,10,17;13;23,21,24;14,10,3,24,18,23;18,27,7,5;8,24;19,18,29,28,17;23;29,17,24,28;22,19,24
8,7,4,17,13,27,25,11;20,22,17,18,9,23,10,29;16,11,26,6,20,21,15,7;12;4,19,23,3,12,15,2;23,2,3,16,21,18,10,11;24,4,28,21;11,23,14,25,27,8;13,8;14,10;2;10,26,16;8,22,5,6,23,16,9;24,29,13;8,28,26,9;28
23;0,14,23;18,20;26,12,28,0,25,21,24;15,24,19;7,2;16,8,21,5,23,18,9,2;10,20,27,7,25,15;14,22,2;0,1,5,18,11,26,12,7;8,17,11,18,3,19,4;17,8,25,9,27;0,1;17,11,8,18,28;21,28,17
26,25,8,5,6,12;2,4,19,12;3,26,10,29;28,2,22,24,10,1;7,13,12,25,3,9,10,14;9,18,28,16;29,20;21,20,22,5,2;3,25,28,26,10,9,21,11;13,19,1,7,20,14;25;1,4,5,24,10,29,22,28;21,0,2,7,23,20,12,26;12,26,3,24
15,6;27,21,0,18,15,8,19;10,4;11,12,9,27,17,5,14;17,28;9,17,6,20,7,29,15;10,16,11,9,19,3,8;5,29,17,26,2;22,6,25,23,8,4,19;26;22,5,11,20,6,18;27;15,26,5,21,7;9,1,5;25,12,18,26,28,15,6,17;14,5,22,6,11,0,9;25,19,22,5,27,20,18
22,13,10,6,16;11,26,28,3,2,21,10;12,15,27,26;14,20,17,8,15,10
19,11,13,14,15;3,14,8,22,21,2,5,19;5,0,1,20,28,29,15;25;10;14,15,11,29,22,2;1,12
1,2,3,9;27,2;10,4,24,0,26,2,17,19;9,29,6,20,23;0,1,7;1;16,21,2;28,2,7;13,17,11,18,14,8,4;5,7;15,25,2,19
11,24;4,13,16,1,2,8;2,19,7,8;14,1,23,15,21,16,24;22,26,5,14,6,21;1,7,12,20,27,17,3,26;2,22,21,19,1,18;26,27,5,8;21,28,17,19,12,14,8;24,3,23,16;15;20,9,24,26;14,10,16,26;7,13,26,9;18,22,10,15,23;8,23,3;11,20,29,16;2,9,23,15,18;14,10,24,27;5,11,4,26,1,10
11,4,21,19,24,15;27,0,8,6;26,29,27,3,4,9;19,28;7,4,15,1;6,25,29,7,15,0,16;19,21,1,13,18,0,28,16;8,5,24,4,12;29,26,24;18,1,24,6;27,25;5,19,20,29,11;28,14,3,4,1,20,26,24;14,9,23,19,17,8,27,24;28,15,14,3,6
4;1,23,6,26;12,6,8,1,24
6,9,21,28;18,10,28,4,23,12,5;15,3,8,27;23,8,5,4,22,10;13,22,29;27,14,1;10,1,20,0,2,17,28;1,17,6,4
10,3,29;19,1,25,12,27,10,23;5,9,20,14,8,24;1,9,3,20,23,27;4,5,2;25;3,24,14,2,22,5,20,21;8,22,14,7,4,27;12,7,0,24,4,2,5,9;6,29,13,18,21;12,7,28,3,11,5,21;1,13,8,15,17,20,29,18;4,16,20,15,8
16,12,28,19;28;8,5;9,20,14,8,29,1;0,28,25,4;5,29,12;10,6,27,28;13,27,3,6;10,20,14,19,15,24;10,17,21,1,20,28,16,5;10;26,24,19,4,8,16,10,6;21,29,3,2,8;24,16,22
22,8,11,5,28,21,0,18;3,19,15,5,21,25,24,17;20,19,13,18;25;7,28,25,20,16,9,2;0,12,2,16,11,24,27;14;5,4
19,10;27;17,5,8,1;5,26,8;23,9,12,4,3,1;14,4,23,24;26,25,5,1,15;28,29,1,12,17,22;7;25,5;28,23,25,27,13,16,18;12,20,3,1;9,8,14,27,5,19;7,24,3,8,21,10;25,20,2,1;26,12,11,14,3,17,25;12
10,4,5,9,28,13;20,6,4,28,11;19,24,11,16,8,10,6;4,13,7,21,3,28;1,28;28,18,25,1;23,19,5
11,5,17,29,14,6,21,2;20,21,25,13,18,9,24;12,23,15,2,11,13;20,27;18,24,26,29,9,22,14,5;10,2,14;27,12,7;10,3;29,23,4,15,26,25;2,26,4,12,25;12,2,13,22;19,3;1,9,26,11,21,27,22,13
27,1,5,7,6,19;6,11,21,19,16;19,1,8,22,6,20,17;22,26,20,6,2,14,0,16;3,10,25,24,7;8,13
20,1;17,27,0,11,5,12,23;17;0,23,27,28;19,6,21,10;14,27;7;17,6,18,1,28,5,0;14;7,13,0,27;23,2;15,20,13;3,17,8;27,13,23,12,11,8,25;11,22,27,10,12,18,13,0;1,11,23,22,21,29,14;14,17,22
8;17,10,3,5;5,7,29,0,13,8;21,16,23,25;11;22;20,29,17;15;7,0,21,10,8,1;10,19,18,11,16,2
22;12,5,21,25,11,6,17;8,5,29,10,19,0;19,20,15,6,10,26,23;3,22,10,8,25;23,16,8,13;15,28;25,7;23,16,19,14,3,8,26,15;19,3,15,23;21,20,18,29,16;28,0,25,13,16,24,7,20;16,26,2,1,28;4,26,15,0,25,16,6,29;23,24,2,13,1;28,16,3,12,5,14,17
6,14;8,1,13;2,18,22,11;13,10,21,12,6,17,11;21;1,29,16;10;14,0,26,21;21,22,2,23,7,20,29;8,15,5,23,20,13;28;4;8,25,7,22;0,7;3,9,14;27,1,21,10,12,22,19;0,27,20,2,16,4,19,18
11;29,9,3,0,10,16,1;19,23,13,22,16;3,7,20;26,22,3,9,6,1,19;12;6,15,26,10,0;4,12,17,22,5,24,1;13,5,23,11;7,10;0,6,1,3,28,18;6,1,0;28,10,0,15,24,22;18,20,0,16,28,29,6;8,27,2
5,8,13,6,18,1,16,25;7,4,17,8,25,16,28;1;23,11;26;0,5,2;8
1,15,29,17,18,16,20,10;20,28,13;13,19;10,23,28,0;12,14,11,0,10,22,25,27;18,19,25,29,16;20,21,11,7,5,13,22,19;22,4,21,8,20;12,8,25,15,24,11,13;28,26,4,2,27;4,12,27,13;5,12,29
17,10,26,9,29,14;20,28,5;2,18,5,25;18,5,23,4,2,14,24;11;11;27,11,7,8,9,12;23,5,26,21,20,13,2;21,10,25,9,8,23,20;10,0,7;2,14,3;23,0,22;2,10,0,25,13,28,17;7;21,7,5,8,2,29,1
15,27;19,15,27;11,0,1;12,18,7,2,20,28,10,13;3,19;24,23,11,4,19,15,28;13,7,12,16,9,21,1,18;14,17,15,21;4,26;6,5,9;17,25;8,7,23,27,10,2,22;25;0,27,1,4;5,8,27,2,19,15,23;13,28,3,18,24,9,4,21
26,10,14,3,15
5,6;3,5,26,9,6,15,23,20;4,24,16,9,22,15,2,18;21,2,25,20;10,27,11
5,0,24,14,19;5,14,0,12,23,1,8,19
12,7,4,29
26,5,27;22,26,20,7,14,28;9,3,27,11;23,14;27,22,12,1,6;3,5,29,9,10;1,15,28,6,22,23,4;11,25,13;8,27,21,9,10,11;6,20,26,12;7,1,22,19,2,12,8,24
9,4,25,11,16
8,18;16,28,8;9,20,10,3,14,4,0;13;6,3,18,15,5,20,29;10,7,13,29,19;9;5;1;20,21,2,3;21,19,22;12,7,15,26,0,17,3;13,21,8,2,3;28
23,28;29;3,14,18,15,24,6,2,8;26,24,2,4,20,17;4,23,26,6,22,1;15;27,2,29,17
29,1,21,18,14;19,13;1;16,14,24;22,11,14,2,28;15,21,13,6,5;20,24,25,16,1,29,27,0;21,0,24,20,14,7,26;3,22,19,21,16,4;10,12,18,13,20;13;28,14,3,13,22,5,8,11;23,2,25,18,29,9,17;17,3,10,9;7,13,11,18;5,8,28,23;22,6,14;1,19,13,15,4,25
19,17,2,18,8,7,15;28,3,10,17,2,15;26,6,15,16,10,5,21;2,10,23;14,8,28,3,22;14,28,25,7,21;0,20,27,14,18,9,21,13;29,18,5,9,7,16,1;2,9,1;15,29,10,20,28,17,9,27;10,25,15,23,26;14,11,16,4,6,3,9;10;8,25,20,15,6,11,2;20,25,12,15,10,3,16;29,19,20,12,4,27,18,1
17,28,2,25;16,2,11,10,21,1;10,7,17,15,21,12,16
0,11,18,21,28,6;19,6,17,28;29,6;26,20,28,4;27,22,26,16,4,10;20,23,9;4,23,11,21;25,6;29,9,10,19,1,13,28;7,27,23,11,0,6,25;27,20,17,9,23,26;21,1,27,20,14,5;2,11,17,22,4,21,0;3,9,8,4,19;11,28,1
14,17;18,25,24,1,13;24,14,11;18,1,19,11,13,28,4,22;19,7,3,5,28,0,21,2;21,22,6,15,20,11,24,27;10,7;26,27,6,16,7,29;23;12,4;23,26,17,18,8,27;19,27,21,5,17,11,16;7,15,25,28,18,4,12,6;2;19,25,29,16,12,20;26,24;15,29,10,1,9,8;22,17,2,15,24,29,27;4,9,3,19,8,29;19,24,13,0
12,1,19,6,18;5;3,20,1,15,7,10
8,19,22,2,6;18,6,14,29,28,25;0,14,5,21;23,29;28,2,24,23,13,0,10,7;17,28,8,0,26,4,2;14,22,10,5,16;29,9,20,0,10,22,25,3;24;21,11;10,0,18,1,16,11,19;10,0,20;28,8;24,18,2,14,15;8,21;11,26,21,14,6,10;21,23,13,17;28,1,29,4,24,5,13,3;6,22,15,8,0,25,10;1,6,17,23,21,24
4,18,27,8;17,14,25,29,12,23,7;16,25,20,12,24;21,9,14,27,20,26;19,9,11,0;20;15,4;24,1,26,5,3,10,4;29,1,23,19,20,7;18;12,10,23;28
9,28,2,25,27,21,5,13;5,1,14,10,7,20,26;13,16,6,18;17,27,10;1,9,11,24,3,25;27;1,2,17,6,0;28,10,29,13,16,5,14,20;23,19,8,14,1;7,24,5;29,21,24,1;19;21,0,22,15,11;10,25,27,2,26;19,22,17;10,13,2,26,19;8,7,25,14;11,24
27,14,25,12,29,4;1,20,5,15,6,11,10;9,10,29;15,28,20,18;29,4,18,13,23,3,27;19,2,14;6;25,23,15
24,4;0;19,12;0,13,21,18;0,13;2,23,13,7,12;0,13,15,1,18;13,28,7,2,9,10,5,8;24;11,16,5,23,18,28,15,3;22,8,17;10;9,3,21,13,10,16,12;8,16,27,17,25;7,28,22,3,2,6,25
1;23,14;13,28,10,9,11,7,20;25,13,3,29,8,22;0,20,9,10,5;15,13,9,21;23,12,14,2,13,6;5,29,26;16,6,23,0,21,7;18,13,11,12;14,26,18,9,4,11,15,24;14,22,10,2,15,6;21,26,17,18,22,6,24,5;18,1,23,22,9;12,9,0,13,15,16;19;27,3,20,26;25;12,20
23,14,0,11;4,23,15,2;6,0,13,22,17,26;6,22,29;26,27,5,15,22,28,19,20;11,20,4,10,16,0,1;15,5;14,22,1,4,25,21;8,15,17;19,5,24,9,4,18,20,14;28,24;2,28,15,11;8,14,2,20,25;25,26,15
21,12,1;21,26,8,19,23,16,12;28,13,8,23,2;16,13;25,19,4,24;21,1,29;16,22,17;6,3,0;11,23,26,27,0,25;16,22,7,23,1,0;27,15,28,29,21,16,24;14,29;24,8,28,18,4,13,19;26;14,11,6,20,8,21,16,9;11,4,27,14;13,15,17,14,29,5,0,8;17,12,22,21,5
2,23,21,0;17,8;13,23;22,3,12;12,6,14,15;7,0,19,25,27,18,24;4,3;18;15,6;18,22,21,4,28,15,11;9,3,23,21,28,2;18,22,3,4,2,15,12
7;13,7,12,24;1,11,4,20,27,23,21,9;18,1,19,11,2,13,23,9;4,11,10;9,3,13,12,22;10,6,21,1,7;19,9;24,21,14,3,29,27,16;21,8,25,14,7,28,17,2;1;18,14,6,5,17,8,7;19,24,21,28,29,16,27;11,14,13,24,12,15,22;13,28,26,24,1,2,20;17;15,5,9,29,16,11,8;23,11,9,26,20,15;18;2,7,26,15,0,3
3;25,7,3,27;11;0,4,16,12,20;11,1,13,2,22,9,4;20,18,21,23;26,15,1,5,2,19,11,20;12,28,25,8,13,11,21,17;0;11,26,20,5
12;19,16,23,6,5;14,16,12,15,28;11,28,0,27;8,9;0,13;0,28,10,23;26,1,18,12;21,1,6,29,26,18,11;21,23;22,29,6,9;12;1;18,7,24,21,11,16,22,9;5,9,1,2;20,6,15,26,4,10,23,11;24,15,19,26,7,11,28,3;21,29,15,17;3,12,0
12,17,21,6,14;6,12,17,2
29,10,15,1,18;7,25,15,6;19,12,17;14,5,11,8,2;18,13,7,28,10,11,16
20,1;1;16,23,3,17;8,18,3,23,1,29,28,19;29,13,23,25,16,2,14;10,1,27,5,25,20;6,22,14,10,5,16;27,17,6,0;7;28,29,20,23,3;7,27,0,12,22,4;19,7,16,26,27,8;3,12,15;22,21,5,3,28,9,13,24;21,24,11,5,2,12
27,21,10,6,24,26,5;8,3,10,22,24,19,7,4;8,1,0,2;3,10,7;1,26;7,3,15;7,22,1,12,10,11,27;29,22,25,12,23,19,15;2,5,19,10,22,21;15,19;19,2,5,17;18,12,28,11;7,13,4,16,8,17,3;10,1,11,25,20,5,28
23,2,8,19,12,0,4,16;3,25,29,27,10;21,1,15,29,18;28,27,21,4,9,15,23,14;6,10;25,6,4,11,7,21,9;25,17,1,29,14,8;8,27,15,5,18;13,8,27,9,6
20,12;28,24,7,21,6,22;12,6,27,18,1,28,16;20,11,18,15,2;13,0,10,6,29,28,12;27,12,13,9,19;1;27,2,29,16,9,1,5,25;2,4,28,18,17,1;12;9,18,12,22,15;21,4,16,12;17,2;10
10,25,9,22,19,27;16,24,10
29,2,12;8;11,19,27,1,12,24;2,5;27,4,11,19,12;15,0;9,5,0,25,10,16;7;6,29,10,12,25,22,14,19
