15,13;29,10;29,4,27,11,15,24;12,15,9,16,27,20;20,19;8,0,7,28;10,11,7,9;22,0,13,28,7,17;16,28,25,4,2;11,15,12,10,1,19;26,23,3;29,15,20,11,10,3;28,8,22,2,6;5,10;4,9,11,15,17,10;24,2;4;18,11,5,19,6,26;10,17;21,2,17
10,14,23,24,6;8;14,5,23;27,4,22,2,1;13,16,11;24,13,28;3,17,8;6,28,1,2,29;14,11,0,12;18,25,14,26;21,24,1,28,6;11,22,5,26;6,0,7;20,25,6,23,21,27;2,8,7
28,0,27,4,10,23;26,17,11;26,21,18;9;26,16,15;16,8,23,1;14;3,29,2,1,6;16,17,19,3,27;17;6,28,16,1,13;24,25,18,2,5;7,1,4,12
16,23,17,26,9,2;16,17;12
9,7;13;4,18;7,3,29;29,25,3,2,20,22;21;29,9,5;0;23;8,3,23,17;10,8,27,1,28,14;12,2,22,1;6,16,23;16,11,4,28,7;15,3,5;14,27,4,15,20,8;22,3;28,8,15,12
19,4,8,20,15,16;23,17,16;15,22,13,10,6,21;2,18,7,17,20;0;20,21,27,16;2,13,7,16,23,28;22,6;4,26,21,8;13;2;9,11,23,14;25,0,9,26;3;27,6,19,11,18;25,19,16,5,0;17,18,22,4,23,0;5
5,7;19,29;22,28;9,18;26,6,29;0,10,26,13;1,19,23,26,8;21,19,12,3;0,21,15,18,20;19,13,4,21;18,21
14,18,2,21,13,23;10,21,8;15,10,19,23,17;23,7,0
16,7,4,18,19,23;13,0,4,23;0
17,13,12,11,26,24
23,9,0,25,20;19,14;3;27,13;9,8,5,18,17,24;17,23;0;0,16,13;16,25,13,11,24;24,21,29,13;16,22,8,26,19;13,7;24;24,0,29,23;18,29,1,7;12;28,2,6,19,15,10
11,16,25,18;29,10,17,18;25,3,18;5,9,2,29,17;29,6,21,27,14
11,23;5,2;17,7;6,14,1,8
17,13,6;11,24,28,27,4
15,19;24,10;25,6,19,4,10;0,25;24,29,13,15;23,22,8;0,9;2,27,29;1,27,26,22,12;12,3,28,11,0;26,24,7,2,27,15;13,9;16,7,13,9;8,18,7;22,18,19;11,4,8,17,2,29;13,4,17,12,0,25
11,4;26,15,17,16,3;15,23,22,12,18,6;16,6;7,15,21,0;18,26,23
13,23,7,21;26,8;15;22,9,7;25,13,11,10,6,7;7,5;27,6,15,17,10,23;28;7,11,2;28,6,29,10,18,3;2,21,29,4;26,5,15,10,28;27;5,7,8;29;16,4;20,19,14;1
28
4,7,12;17;8,6;2,27,15,18;1,4;13,26,16,9,3,21;5,8,10,27,17,9;26,16,10;14,17,1,27,28;24,25,28,1,15;18,19;10,27,20;4,5,12;22,0,25;25,1,5;11,14,9;4,10,28,18,3
9,20,29;19,10,11;17,12,26,15;0,16,23;7,15
3,28;18,15,10,13,3;1,18,27,11;2,8,6,4,25,18;12,6,26,15,22;28;6,21;22,23,26,13;8,13,28,3,5,2;1,4,13;13,18
28,20,21;14,17,9,21,18,28;12,11,27,18
22,18,17,4,11,1;10,24;27,0,26,23;20,0;16,2,24;20,5,10
5,19,27,7;24,26,15,22;15,19;5;0;27,1,16;4,26,6,2,7;16;18,28,10,22,16
17,15;12,18,9;29;9,6,21,19,12,29;19,2,23,14;22,3,8,13;21,1,25,11;14,29,23,15,6;2,26,0;5,28,17,27;23,8,5,29;25,12,6;27;12,19,27,21
6,8;24,15,13,14;27,18,12,8,19,17;17,14,24;22,25,4,10,18,9;0,19,28;3,26,23,16,22,5;5,24,16;15,18;15,6,1,16,26;25,26,10,20,8;23,9,28,16,18,14;28,26,13,16;0,4,24,15
1,6,2,11,18;17,18,14,7,22,0;8,2,27,22;23,11,0,4,1,9;23,17,11,19,15;2,24,5,0,3;15,20,5,21,11,16;28,23,14;5,4,10,21,20;29,0,18,7,20;6,20,14,9,12,19
1;10,22,27,21,6,3;19,11,15,13,14,7;7,21;12,20;28,12;25,13,5;20;2,0,3,20;18,27,25;2,24,25,26,28,21;24,19;16,7;9,5,21,13,16;21,3,13;9;21,0,2,14,26,22
10,16,20,27,12;17,9,20,7,2;7;14;13,19;28,14,20,23,5;14,0,21,20,16;15,18,2;3;22,13,25,23,20,11;9,28,13,15,2,16;5,2,4,0,22;21,6,3,27,8;24,14,28,4;26,13,16,17,21,25;4,14;20,1;13,23,25,17,24;22,24;14,2,7,9
19,21,8;1;2,6,1;21,28,24,2;16,27;18,21,15,29,9,3;18,5,13;27,6,26,20,25,15;10,27,26,16,4;29;13,20,0,6,11;5,14,4,21,11,29;6,20,17,29,22,5
13;5,4,12,17,6
22,13,24,5;7,11;9,16,15,17,25;28,7,6,22;20;20,29,4,10,28,13;10,16,23,13,2,26;24,3,21,16;23,21,18,24;29,15,3,12,11,26;3,6;29,10,15;24,13,1,5,25;17,19,12;12,15,4,16;15
22,12,24,28;27,20,3,16;23,24,19,25;22,27;22;8,12,21,18,23,4;9,13;25,14,12,11;19,10,16,11,14;17;28,15,17,18,26;24,15,29,19,6,1;2,6,29,5,0,10;12,7,20,22;28,7,18;17,7,6;9,19,11,24;22,21,26,6;29;9
17,2,4,25,16;24;12,14;7,8,2,5,14,3;12,15,24,29,13,1;4,6,23;2,11,18,13,29;15,9,17,6
23,17,18,29;21,7,1,24;18;19,12,26;12,0,3,6,21,22;28,29,14;19,23,17;2,24,27,14,5;27,18,17,1,26;18,23;10,11,12,27,9;17,19,3;22,12,23,3,24,6;22,24
11,20,16,2,9;27,26,7;13;7;20,18,28;25,12,15,21,9,19;23,29,27;27,14,22,7;27,13,5,20,18;9,14,8,27;24,0,2,26,12;2,11,10,20,29,8;19,27,21,2,16,24;17,5,8,13;11,15,5,24;7;8;19,21,15,6;23,16,8,7;24,4
15,27,1,17,13,9;1;15,13;25;25,23,22,28,10,18;26,2;20,3,14,21,25,4;12,24;5,18;2,3,21;12,2,23,22,28;20,17,4,5,11,29;19,11;0;15,13,9,17;22,0,16,12,6;3,23,4,10,17,22;19,17,18;28,10,20,4,8,27;7,29,8,28,25
8,19,1;0,26,2,6,10;20,5,26,2,15
18,12,4,17,13;2,18,19,8;8,27,14,6,15,26;3,23,0,24;17;3,8,17;15,0;11,28;16;25;25,18;9,3,15;15,18;27,13,6
28,15,25,3;26;23,3,1,21;29,20;21
1,11;1,9,0,7;7,13;27,10,0,18;6;14,18,11;8,20,23,10,29;17,23;13,29;2,9,27;0,21,19,20,13;9,11,3,18,23;26,0,14;15,25;28,17;16,20,24,19,10,17;27
13,10,7,20;21,12,13,25;6,8,7;20,10;28;29,19,12,23,14,6;6,23,29,16,18,24;22,21,4,1,29,10
29,4,18;29,11,13;23;12,6,25,27;29,24;2,5,17;6,22;23,7,1;1;1,28,6,10;10,11,9,24;17,15,5;13,25,0,10,8,14
16,26,5,8,28,6
7,18,3,0;6,2;2,6,1,8,3,5;11,0,25,24,10;23,10,24,28,7,18;26;18,3,6,29,8,9;13,26;11,7,16;11,13,8,2;0,9;27,0,6,5;13;3,11,20,15,19;25,19,12,24,4,16;15,23;6,2,22;19,8,7,10,18,17;23,24,14,9;0,18,21
12,14,3,9;18,27,2,0;29,7,20,3;18,19,15,9,22,4;16,3,14,27,22,7;23,12;23;13,27,12;9,17,27,29,18,4;2,16,24;9,5,6,29;23
20,14,7,6,19,15
19,17;18,0;7,1,20,19,28,13;22,3,2,21;26,3,9;1,12;23,29,2,7;4,11,18,25,21;20,26,8,15;23,10;11;20,28
21,25,1,22,11,14;23,1,19,26
25,18,22,9;11,27,17,22;11,6,15;16,12,26,9,2;21,11,22;11,4,9,16;15;4;27;10;16,5,23,28,29,22;16,0;28,19,23,24;19
