78,34,8,59,31,70,91;91,19,13,39,33;63,60,5,64;56,5,92;4,58,50,44;89,65,26,85,84,93,28;98,9,57;64,79,90,42,18,16;72,2,88,17,45,64,31,42;71,72,14;37,65,12,70,92,52,81,74;35,37,63,29,36;76,61,94,37;1,24,52,97,89,56,67,72;63;36
18,92,10,53;0,24;91,33,16,90;19;33,59,66,92,1;83,35;42,61,95,0,96,99;61,12,68,45,79,72;20,93,77,42,86;70,43,83,12,58,4,63;83,57,36,61,22,91,46,49;11,41,68,91,79,38,96,39;9,29,44,69,88;62,90;69,71,26,27,60,3,31,76;68,0,48;96,35,68;35,89,15;37,42,29,56
18,98;8,42,76,88,61;34,76,11,48,45,71,55,80;7,72,63;83,72,22;6,78,80,75
94,55,16,42;39,60,52;81,54,0;53,47,63,9,59,5,67,3
33,7,39,44,3,60;1;39,70,49,80,44,19,9;36,57,44,67,79,40,35,7;3,74,62;75,8,44,20,87,89;53,78,63,28,55,96,65,47;86,36,46,91,1,49;61,26;16,99,21,19,37,39,78,94;59;41,45;2,9,90,51,47,64,0,73;15,3,31,56,82,77;58;73,11,88,62,9,69,1;11,80,78;39,43;23,72,14,30,96,61,69;56,7,97,93,79,50
88,61,51,83,42,44,13;31,70,30;18,88,22,4,98,25,78,77;53,29,8,47,86,87;78,23,51,13;83;67;5,35,80,34;93,22,7;46,44,11,27,39;30,31,69,19,44,21,63;20,72,64,58,96;16,1,13,24;41,36,9,33,60,79;69,44,27,73,29,93
21,31,54,79,20,76,29;20,19,91;86,78,7,45,23,30;23,24,60,91,61,8,30,82;94,4,33,31,68,52,78,16;24,19,12,21,47,53;80,57,27,23;27;60,76,77,45,3,6,94,2;76,24,99,32,72,84;33;66;80,66,55;34;82,52,97,48,58;76,87,42,30,41;54,68,3,8;89,96,46,31
73,25,86,97,63,16;54,13,60,56,23,25,35,12;5,75,49,99,80,53,96,44;73,24,95,67;33,53,86;6,2,51,25,5
26,3,82,20,87;68,49,40,26,14,56,84,72;99,79,23;51,28,18,46,36,30,65;35,60,83,76,71,4,38,52;63,80
69,4,9,47;28,76,35,12,62,39,5;80,98,13,3,84,82,45;11,19,16,37,60;73,64,84,49;14,87,18,7,34,68;48,24;15,30,84;20,29,39;65,23,20;71,15,23;92,34,1,9,68,43,67;93,71,65,45,31;37,38
96,95
72,16;79,60,88;39,43,70,10,69;5,81;78,16,22,87,25
64,65,17,2,78,61,16,69;80;62,19,87,36
43,92,6,99;39,24,35,75,27,60,50,68;16,74,61,23,72,29,64,97;93,92,48,86,12,73,22;44,35,61,82,20,95;95,3,93,43,23,33;81;62,78,28,39,93,89,60;75,24,66,23,64,22,78;16,45,27,99,33;8,28,91;81,54,35;91,57,85,5,69,7,28;3,71,59;5,55
95,33,54,70,27,62,19;55,0,15,11;58,12,81;17,36,16;91,54,67,94;51,9,41;73;52;70,40,58,55;15,94,22,48,3,21,54,56;0,49,12,64,70,72,44;38,43,91,41,37,5;92,56,32,85,30,15,52;73,58,76,79;69,49;0,16;91;92,88,29,43,27;46,12,29,4,49,82,32,36
64,44;50,34,18,87,55;51,17,97,15,11,27;88,78;3,59,39,83,44;3,23,88,62;0,40,66,93,33;34,76,8,14,69,84;80,83,27,61;31,4,96,82,24,58;6,23,4,80;46,24,51,16,6;96,27,82,73,55,22,66;65,32,0,86,41,14,38;10,68,55,34;99,71,25,15,60,65,36,4;33
93;53,19;48,65,75,9,94,46,83,80;6,30,75,66,90;53,94,14,29,64;40,28;6,43,98;45,86,5,78,25,64,99,30;4,37,82,89,88;23,20,38,46,13,88,42,30;59,5,52,6,49,21,57,14;9,83,16,90,20,50,62;73,57,49,86,83,82,29,0;48,71;4,32,75,93
14,6,19,71,26;53,1,69,52,58,0,63;4,58,63,85,29;12,45,30,3,81,22,34,62;63,3,28,78,14,95,1;16;49,29,37,84,35;13;20,59,1,54,58,33;59,87,89,16,40,14,22,24;61
35,39,33,49,96,47,84;48,38,10,75,25;91,50,70,7,94,84,85;27,62,20,21,78;2,29,95,20,3,33,1;27,48,10,82,95,67,25;35,36,48,2;5,20,28;6,11,87;57,43,50,63;16,33,49,99,35,47;79,40,48,34,78,29;1,56,87,50
65,24,3,62,72,30,33;82,49,90,93,25,72;73;53,28,8,20,96,21,88;42;20;93;99,56,28,47,34,81,95;85,78,18,44,86,54;66,90,81,52,55,22;61,16,64,94,25,86,84;19;77,67,9,27,42,76,47;77,2,67,39,95,21;94,8,14,91,59,98,12,1;9,65,94,16,66,67,0;43,16;32,18;26,69,45
89,9,43,19,10,5;95,34,75,65,80,90,48;9,21,95;26,42,19,9;80,29,47;83,39,70,21,52,96;55,66,70,56,4;17,68,31,12,35,94
96,80,46,13,62;85,76,13,94,98;67,56,70,44,34,78,33,47
18,3,43,58,32;97,79,56,72;8,99,76,86,10;45,74,34,92;43,46,39,74,89;31,82,96,66,24,52,65,32;2,33,17,79,84,72,12;26,4,47,14,33,88;15,24,74,19,90,9,44;31,10,57;70,18,95,35,0;76,44;94,93,49,35,8,63,98
55,22,60,37,20,54
80,44,39;0;2,67;81,13,77,43,86;6,90,54,48,89,67;46,22,9;72,15;27,99,87;67,38,23,4,43,24,62;66,21,83,85,73,53,37;64
71,57,23,10,89,56;12,41,33,11;24,87,65,7,70,57,29,46
63,20,93,18,16,3,22;7,70,5;23;81,73;25;15,57,87,16,84;45,57,25,7;1,6,39,84,48,85,83,73;23,50;62,71,54,96,10,75,80;80,61,82;13,25,88,85,54,87;95,71,51,49;79,18,7,49,47,67,21,90;51,2,34,43;17,38;54,44,27,77
55,25,79,68,29,10,54,16;26,35,94,73,51,61,37
26,58;53,40,91;36,57,27,91;99,83,24,85,29,7;97,14,91,21,26,65,45;13,98,93,35;8,1,54,28,19;84,2,7,76,88;28;25,57,36,0;19,71,57,94,29,48;32,79,43,91,42,59,0,87;31,85,61;18,5,2,40,8,72,90,43;84,73,24,75,89,95,8;60,22,21,20,66,63,71;26,9,31
35;60,21,22,16,72;68,27,99,58,47,22,17,49;11,44,4,58,67,64,2;5,95;52,22,38;29;22;91,30,22,61,11,64,36,10;62,56,71;65,89,24,36,39,86,68,91;84;73,78,17,49;90;95;26,35,89,32,39;52,34,91,78,60,23,98,5;28,97,81,13,66,55,11,98;87,20,54,15,36,86;23,52,13,91,18,10,57
59,57,92,72,7;95,52,32,93,42,6,70,76;67,99;84,41,17,10,43,36;6,57,9,88;57,16,11,63,62,65,94,10;89;49,74,63,70,85,86;23,99,46,38;84,25,50,77,88
2,55,88,56
34,22,56,29,49,41,26,30;96,32,17,86,64,37,6,40;2,42;81,80,99,31,97,91
56,24,35;12,40,38,27,87,69,93;24;93,18,70,61;37,87;89,75;28,58,75,39;88,31,6,1;54,17,89,93,66,1,30;96,78;56,13,61,55,49,34,12,45;23;37,94;3;8;48,81,74,6,49,76,47,37;98,86,40,74,72,3;19,11
22,9,18,58,69;47,39,80,45,58,89,70;60,32,14,11;61,38,46,39,88,36;73,42,85,90,81,93;59,22,45,20,67,28;55,15,70,22,93
95,65,84,55,15
67,37,57,15,84;85,51,76,5;27,83,68;28,74;80,9,34,95,2;61;39,6,73,74,76,10,31
32,50,8,67;95,5,72,55,60;60,82;88,0;7,59;22,60,80,53,71,57,51,85;89,5,59;32,42,85,4;56,95,21,6;60,31,52;58,14,55,30,20;5,94,98,50,69,36,40;79,76,61,66,17;89,39,57,31,51,83,79,23
14,91,88,31,42,21;25;63,77,69;81,18,4,82,53;14;9;19,3,95,38,20,0,59;43,19,58,50
13,31
54,20,22,14,47,60;96,98,47,11,80,64,84;1,17;3,1,44,11,6;88,63;38,50,22;87,63,1,71,38,81,88,77;72,39,46,43,54,86;74,23,25,1,61,56,29,8;43,48,57;86,59,99,37,51;84,65,27,68;26,10,22,80,94,99;43,83,21,62,4,51
22,18,43,88,60,40,58;10,11,7;63,66,28,74,91;22,65,95;42,88,64,1,27;4,17,71,57,85,24,83,68;59;97,44,57;29,70,5,44,74,37;86,64,69,46,63;67,14,59,28,41;63,71;50,63,34,59,43,6,56;58;34,17,49
46,78,23,8,80;31,87,34,15;64,28,3,71,9,26,36,97;13,47,60;76,25,89,41,81,10,53,93;28,92;88,63;17,28
22;83,2,69,22,35,44,78,61;7,74,32,80,0;94,0,33;50,13,85,31,78,43;16;72;37;96;79,34,31,19;13;64,91,34,43;16,61,18;56,17,42,22,53;3;64,42,40,49,23,83,81;42,27,57,91,36,86,53;34,35,60,29,49,23,2;20,53,54,85,86,80,55;41,0,6,23,16,51
22,34,93,82,92,48,37,65
78,20,14;92,37,29,27,22;52,27,8,46,12,83,50,32;49,67,7,31,73,37;34,15,87;49,28,73,36,25,37,69,4;26,13;72,6;85,16,95,82,9;31,61,97,79;2,75,78,32,17,56,63,57;45,96,53,23;44,87,19,99,35,98,20;18,37,41;69,12,18
25,18;26,88,15,39,51,48,30,72;7,80,35,88;84,70,24,66,62,22,48,20;19,61,50,97,30,34,31;32,77,14,30;41,53,81,49,93,60,33,0;62;96,4,32,3,37,66;64,5,0,39,57,25;48;92;85,76,36,40,65,75,98
85,14,68,48,25;80,73,15,24,42,6,88;78,96,65,13,36,81,7;3,95,11,54;75,62,47,51,82,86,55,61;52,55,61,35;97,15,80,89,51;96,84,26,42,29;24,9,60,80,47,56;37,6;71;25,33;87,74,48,21,38;31,47,20,14,62,67,49;96,62,78,42,31,70,50;70,21,82,50
26;22,7;5,89,72;54,5,17,58;88,37,98,94;59,0;60,88,87,63;85,13;35,39,8,70,14;68,79,53;66,43,56,13,48,42,50,7;90,36
27,88,10,43,66,58,19,47;17,56,45,7,22,29;21,15,72,33,82;17;70,71;6
