4;20,12,22,29,24,11,25,23;9;5;2,23,10,26,11,28,5,25;8,9,15;19,23;22,18,12,27,28,11;27,16,28;6,8,1,12,3,24,20;22,20,19,7,12,6;7,25,10,14,1,9,20,11;26,7,5,1;18,2,8,23,15,9,26;21,29,15,23,16,4,28,17;21,27,29,26,5;27,23,3,1,25,20;25,13;29,15,26,18,13,2,11,4
23,5,0,8;0,20,7,15;18,7,28,25,3,2;15,11,8,13,10;13,9,22,23,6,5;10,23;6;10,0,17,24;19,1,0,15,12;10,20,7,23;29,18,21,8;19;2,29,10,20,25,13,5;20
25,7,15,29,24,4,22,6;24,28,17,15,7,16,23,8;10,17,1
16,8,11,12,19,1,26;27,15,11,7,12,18;21,24,17
15,26,19,28,10,9,24,20;23;9,12,0,23,27;24,17,11,27,8,26,22;12,8,20,28,24,11,7;21,7;21,18,10,4,26,15,6;17,3,29,5;21,24;16,9,22;22,17,11,24,8,12;7,27
2,17,3,27;0,10,18,4;29,17,8;3,19,27,22,11,20,25;4;25,7,16;23,21,6,13,10,27,25,12;9,0,1,4,24,27,16;22,23;7,25,17,27,9,24;29,23,22,9,27,15;2,19,26,13,0,20
1;14;12,28,15,9,5,17,13,25;21,15,13,17;20,25,14,13,5,9;10;15,7,12,29,4;12,26,29,23,2,25;10,26,21,0,20,25,22,24;14,25,2,29,11,24,21,10;14,16;19,25,5,12,2;22,25,11,20,23,8,10;2,0,4,24,7
24,10,26,2,6;21,22,17,0,19,28,8,16;5,4,11,9,16;23,22,14;12,28,16,4,23,20,29;15,26,25,28,10,6,22,24;27,15,23,24,22,0;11,24,14,15,25,12,22;17,25,26,22,16,1,24;2,6,11,8,23,18;23,15,16,22;20,13,0,27,26,17,12;16,1,21,3;26,1,19;22,18,28;29,4,27,2,6;2;17,16
11,29,26;12;18,10,7,1;5,24;5,11,6,4,18;26,15,7;6;7,6,11,24,15;3,15,29,1,13;25,15,6;14,9,8,19;17,16,28,13;0,23,13,4,10,29,9,2;5,3,27;26
28;23,25,16,4,1,21,3,8;4,0,23,18,21,9;14,4,9,22,19;6;10
0,27,25,12,2,1,16;8,26,28,23,22,15;5,9,7,12,27,29,2,28;1,14,9;7,9,22,4,21,16,26,11;3,13,14,6,15,1,22;17
6,1,16,4,10,28;23,3,2,15,10,25,8
6,28;7,18,1,4,0,5,13;10,3;28,7,8,15,11,20;17,20,23,16,10,22,19;9,25,14;22,18,11,15,21,19,8;25,16,27,6,23,12,7;11,2,7;22
9,14;0,6;29,11,16;24,16,9,12,0;19,12,6,0,22;18,4,26;23,3,1,22;24,19;5,18,19,21,4;19,9;23,6,5,0,4,15,28,9;17,0,11;27;8,13,14;5;9,28
3,25,20,21,10,6;15,11,23,0,13,18;21,19,26,9,13,1,0,10;7;11,7,25,20,16,13;13,9,15,20,25;14,16,7;26,27,7;22,9,13
10,27,13,7,17,5,11;4,0,12,17,25;19,20;18,23,5;23,1,21,17,15,13,25,16;2,0;13,16;20,25,29;10,27,17,12,29,14
26,19,7,8,9;29,1,10,27,6,19,24,28
27,26,6,3,14,2;19,7,15,2;3,29,19,5,26,2,12;15,19,2,17,27,22,8;26,10;2,8,14,4;10,9,0,17,21,19,11,27;10,12,11,18,3,1;19,16,27;23,20,11,16,3,14,29,22;22;1,23,6,9,15;3,7,16,23,17,14;21,3,8,24;24,20,18,0,28;5;22,24,23,1;4;3,2,25;14,25,6,1,2,11,16
7,2,27,10,19,11;4,11,19,9,16,17,13;3;23,4,1,5,19;25,27;2,7,16,18,28;25,2,15,8;28,15,3;23,8,2,6;8,6,14,20,11,12,25;14,11;20,3,8,29;5,10,3,7,11,15,27,29;25,13,2,20,27,18,11;16,24,3,0,10,27,25,4;24;9,21,4,18;10;16
19;3,0;14;2,6,24,23,26,29,12;26,14,18,15,9,10,29,2;15,22,11,10,8,21,16,23;9,17,1,3,2
11;12;1,24,4,14,22,12,23,2;29,1,7,24,6,13;7,16,27,9;12;2,28,15,1,4,9,24,6;5;7,21,19,1;5
14,12,18,4,1,29,6;12;19,8,11;4,26,2,18,11;24,17;13,2,4;9;3,10,16,5,20;20;26,15,6,1;26,20,12,18,1,8,19,23;25,4,3,29,5,10,6;25,24;27,0,10,19;18,15,29,26,1,8,6,3;8,24,21,1,18,9,6;19,2,12,18,25;0,11
21,5,1,10,6,29,13,17;27,15,29,6,28,26,18;26,27,7,5,14,24;14,1,20,24,16,4,19;29;4,13,25,17,10,15,24,26;4,7,18,13,16,12,23,26;9,24,19,11,17,13;16;6,29,5,24,13,4;25,28,3,21,0,19,27,4;5,0,6;26,29,25,5;0,29,19,3;27;23,15,28,11,22,9;1,4,6,10,5;7,4,27,21,15;26,0,17,28,29,16,15,20;5,10,29,2,18,7,24,3
0,7,8;10;29,1,9,27;1,9,26;14,11,15,3,12;16,24,18,4,28,21,17;2,17,26,1,19,24,3;1,28,7,13,14,0;28,13,0,26;2,20
20,7,25,18;16
9,16,23,15,20;15,0,18,25,7,19,17;24,28;12;14,23,17;29,27,25,23,24;6,1,0;25;0,13,5,3,19,14,16,23;7,15,2;24,0,1,8;10,6,23;3,16,5,8,27,25,23;6,24,29,21;20;14,7;16,15,13,14,28,25,3,27;12,3,26,10,25,28,1
26,29;11,29;10,6,29
6,12,24,8,20,16,25,28;24;7,9,24,25,13,20;11,25,29;15,8,20,23,21,17,2,5;18,23,24,5,8;3,27;20,12;18,28,14,26,3;23,19,13,4;17,1,11,14,29,8;12,29,19,3,8,25,5,6;6,22;12,14,29,15
1,11,25,24,19;28,4,17
25,26,19,8,4;1,4,21,2,6,7;16,18,5,2,23;14,5;28,9,6,14,29,7;10;5,18;26,28,18;25,24,6,23;11,8,0,29;27,9,13,11,16,23
24,28,20,27,22,8;14,7,25,13;23;16,0,11,18,22,15,3;3,25,27,18,23;18,1,11
12,26,9,22;20,26,10,15,3,6;22,4,13,24
22;29,24;4,10,20,17;29,13,20;12;24,19,15,6,10,20;1,27,14;28,23
2,20,10,26,18,22;1,16,4,3,0,26;18,15,22,13,7;22,21,19,3,8,12,0,18;24,6,27,22,15,26,12;21,3,14,7,20,0,15;5;24,6,27,22,11;10,27,16,13,12,21;29,11,22,2,12,19;28,10,5,29,22,6,16,14;13,8,0,17,16,10;14,29,6,17,11
14,18,2;25,4,13;14,10,1,18,15,8;14,7,12,6;13,5,0,14,29;11,28,5,7,16,23;15,2,19,0,1,13,28,22;1,16,12,13,20,21,19,27;3,19,9;19,20,9,2,12,16,4;10,16,24,17,26;21,14,19,10;29,9
26,20,24,17,9,23
27;22,10,27,3;21,22,11,14,9,0,15;13,17,1;16,0,18,27
23,20;10,13,23,4,1,8,21;2,20;23,17,18,22,28,6,11;6,19,5,16,10,3,18,11;27,20,0,17,11,23,22,15
25,5,18
8,3,29,13,10,26,1,4;28,24,2,3,14,19,7,0;5,15,13;19,0,7;24,19,27,2;29,5,7,0,9,20,10;5,26,9,28,15,12,2,11;19,26,5,16,17,29;15,2;11,6,23,9;3,26,1,21,0,4;13,4,6,1,7,10;1,3,29,18,20,26,11,6;18,19,13,23,16,5,26,15;0,7;17,2;19,18,21,23,2,4
20,24,3,4,23;2,26,12,29,24;16,9,20,26;20,8,15,1,29,21;11,6,14,23,21,19,15;28,5,16,3,14,4,21,18;28,6;16;17,13;2,20,17,25;0,29,6,25,16,7,1;6;21,17,19,8;9,20,29;21,7,9,15,4;10;0,27,7,13,26;4,19,8,24,10,0;29,24,20,22,6;24,5,22,17,12,15
25,17,27,23,15;6,24,21,28,18,16,3,7;4,27,16,20,22,8,23,9;27,0;19,12,20,3;13,16,1,4;3,0,15,11,20;0,5,13,29,6,10,4,15;4,18,12
18,23;20,16,25;25,12;0,25,2,4;8,28;19;17;23,5,16,29,15,10;21,12,9;24,27;18,8,11,19,16,25,20,5;5,27;11,5;20,27,1,9,22,0
17,28,12,18,20;18,0;1,14,18,12,11,21;12,18,20,9,8,26,16;1,27,16,28,25,12,19;12,18,25,13,0,1,5,27;18,7,6,25,13,9;15,22,14,9,21,1,2,20;28,1,20,3,23,27,12;21;28,29,5,26,17,23,12,11;27,21,14,3,9,7,20;20,24,13,10,8,11,19;5,20;17,12;20;20,13,22,28,14;3,8;13
26,4,16,24;17,3,5,0;7,21,2;4;7,22,23,25,20,24,19,10;15,9,0,27,18,23,3;28
13,26,5,28,14,3,7;12,21,16;13,22,26,20,8;25,4,18,16,15,10,20,0;10,6;12,25,8,28,29,9,19,17;25,12,8,16,0,21,1,3;12,0,8,29,26,6;26;11;12,14,23,22,18,9,13;14,28,8,11
10,3,9,15;21,6;9,10,3,16;18;8,0,15,13,12,17,5
15;9,10,14;25,26,4,12,0,29,3;11,2,16,4,26,29;26,1,13,5,12;24,18,25,14,17,13,9,4;11,4,3,9,23,22,28,14;5,28
29,20,6,1,24;1,4,7;11,9,24;7,23,18,8;25,5,9,10,1,22,17,4;16,5,9,22,4,27,26;3,2,21,1,23;4,0,2;18,1,10,19,24,5,9;29,23,26,11,10,2;12;2;28,17;20,1,8,24,0;16,25;2,17,25,0,3;28,16,15,21,3,18;10;14,21,24,0,22
19,13;3,25,11,9,21;15,25;25,4,19,12,10;13,1,2,25,18,20,14,28;21,23,0,8,17,26,29,15;19;22,23,9,29,1,5,8,16;10,26,22;23,18,12,1;15,29,10,3;15,28,16;1,14,26,24;21,2,3
24,21,19,9,11;14,17,2,7,0;16,10,2,26,6,22;8,11;14,2;8,13,15,17,9,7,27;12;17;24,9,16,20,28,2
28,3,23,15,21,29;21,9;1,20,0,28,13,5,25,2;18,1;22,26;22,12,8,24,1,6;24,21;14,27;3;17,2;19,1
0;9,8;5,25,14,11,17;29,5,28,14,18,27,16,11;7,5,14,27,18,3;2;9,12,10,27,24,22;8,23,26,5;11,6,7,10,14,24,13,26;4
24;29,17,4;24,29,4,25;27,21,18,11,16,10,13,29;14,19,25,11,12,16;26,20,27,11;9,15,25,5,2,4,13;8,20,27,0,21,18,14;25,17,14,8,13,15,5,4;7,16,11,9,10;29,20,15,11,6,7
0,10;21,5,23,6,24,17,29,3;11,21,8,16,5,18;16,7,25,5,14;10,5,7,29,26,0,19;29,27,4;20,29,17
20,13,6,8,10,11,4;27,29,20,1,23,19;5,2,26,4,24,3;15,8,2,26;2;9,2,11,29,23,0;24;10,19,16,3,12,15;23;27,3,14;18,6,8,4,25;22,21,4,15;29,24;20,4,24,19,5,6,3,14;14,6,5;24;2,19,0,23,25,1;3,1;21,29,25,10,15
0,1;14;9,27,17,23,12,26,5,15;11;15,21,5,6,18,10,27;18,26,25;23,17,28;13,19,21,25,27;23,2,10,15;28,24,8,11,23,4,19;1,23,5,8,26,16,2;27,3,18,28,5,17;25,12,5,27,10,15;10,19,12,11
14,2,23,16,15;10,5;11;9,2,21,29,16;3,9,6,12;23;24,27;9,25,4;20,7;4,27,19,6,13,14,17,1;7,10,18,27,20,8;16,10,1,13,27;27,6,15,16;25;3,25,2,22,24,9;16;22,17,14,29,2,20,21,25;17;9,26,18,11,6;17
18;0,1,20
6,19,14,20,2
25,27,18;23,24,16,9,27,11;13,10,19,14,4,5,28,12;8,26,18,21,27,3,15,23;29,3,15,26,10,4;8,14,17,2;14,24,10,11,28,9,25,18;23,26;29,9,11,13,25,28,2,7;5,17,8,1,20,7;28,15
8,29,16,22,13,12;13;28,19,12,8;6,24;15,13,16,14,12,28,21;24;23;16,14,11,22,6;13;3,0,7,24,5,22;17,18,14,3,16,19;28,27;27,20,19,21,26
10,0,19,6,7;15,20,25,2,1,28,27;29,19,9,24;24,26,23,1;12;28,10,2,19,7,3,21;22
24,3,12,0,2,8;17,11;3,21,6;16,27,19,28,21;6,17,21,10,22;3,25,8,6,5,0,12,22;9,4,18;2,27;6,10,15,27,13;13,27,0,9,22,28,20,17
15,5,10;17,1;21,17;17,26,25,12,5;2,24,28;25,27;24,23,29;17,5,10,7,24,21,3;21,26,19,1,4;2,13,8,3,23;12
15,24,14,0,6,5,17,25;2,12,13,10;24,5,10,19,1,21,23,29;9,25,19,2;25,26,15,18,9,22;12;8,13,10,23,28,14,20,29;10,9,8,7,14,15,18,24;12,24,28,23,13;13,22,14,6,11,9;1,28,19,9,4,14,29,5;7,21,2;18,14,3,13,24,9,1;25,29,13,3;19,10;25,0,10;10,12,1,2;25,23,14,28,0;27,10,15,12;0,28,19,15,7,12,8
23,20,4,15,8,14,16;2,26;20,27,13;4,6,21,27;20,21,22,8,0,25,15;21,0,4,5;4,18,19;19,3,8,9,0,2;18,26,6,23,7,8,20,24;11
4,25,7;16,14,22,6,24,10,27,2;3,20,17,10,26,27,8;12,20,4,16,19;21,20;15,21,2,25,4;4,8;25,14,24,5,11,15,6,20;2;18,24,5,6,16;10;0,17,6,8,21,24,26,12;0,1,3,15,24;29,8,17,24,11,19,18,16;16,23,0,4,5;3,0
23,2,29,26,4,3,24;10,27,25,17,5,4;27,26,1;19,24;14;28,7
1,0,5,10;14,16,24,25,13;5;10,7,6,4,16,2,5,29;5,29,23,13,14,6,18,2;26,14,4;26,27,18,14,29,2;25,20,4,7,23,17,0,3;0,27,24,16,26;24,26,2,4,12;18,22,12,19,10,23,5;15,18,0,19,2,9,21,1;7,5,25,16,10;23,9,24,12,25;16,11,25,1,21;1,2,7,10,24
