28,0,19,27,12,13,21,5;18,22,26,5,16,20;11,29,23,15;21,26,6;26,2,14,5,1
4,17,5,18;16,27,3,20,2,17,6,21;24,6,5;3,18;25,1,19,26,13
6,15,16,28,11;6;4;3,20,14,0,5;15,12,20,2;22,19,4,2;17,29,23,3;23,13,11,5,0,26,29;18,16,21;24,3,20,9,23,11,12;20,4,6,29,17,8,23,1;18,11,23,3,28,25,16;1,15,10,16,6,9;27,7,17,22,4,9,18;1,23,3,25,14;13
2,14,13,24,22,0;11,0,6,10;20,10,7,11,15,3;15,7,11,10,9,29,2,27;1,4;26,22,5,27,12,16,0;15,1,7,26,27,11,4,18;18,17,25,0,15,2;22;4,1,25,13,10;20,1,23,22;2,13,5,3,16,29;9,15,5,27,23;27,3,4,18,1,25,13,7;27,8,29,26,6,19;2,23,9,5;25,23,3,16,21,1,22,27;21,28,25
2,3,21;26;12;19;18,1;19
25,8,6,23,21;23,4,29;10,20,15,1,23,26,14,17
8;7,5;22,1,26,4,11;21,10,5,2,28;22,3,18,23,6;6;21,18,14,9,16;28,10,6,22,29;25,8,2,22,11,14,17;4,3,21,9;2,16,28,1,0;2,22,10,7,5,4
27,28;20,23;19,9,13,7,29,26,16,17;17;23,1,3,6;20,24,26,6,3;1;13,28,11,24,5,29;15,20,16,8,24,4,12;7,28,18;22,15,25,2,0,6,1
5,26;17,16,8;11,5,10,23;21,6,22,29,19;12,2,17,9,14,28,11;24,8;11,16,4,15,0,5,6,13;20,24,23;11,6,21,22,23
8,1,16,6,0,12,2;13,16,29,6;16,12,18
10,6,29,13;8,1,15,10,6,11,3;9,22,25,27,10,2;5,12,1,25,6,17;3,12,0,4,28,13,27,1;7,5,23,6,12,27,3,8;5,15,10,21,29,19
20,13,4,5,27,16,12,6;11,6,15,13,5,7,12;4,11,13,28,2;3,28,29;6;11,26,18,20
0,11;13;11,13,18;28,6,22,23,26,14;20,8,3,29,7,4;18,2,19,29,5,0,10,23;27,21,19,29,13,0;19,3,26,27;12,21;21,0,18,17;4;29,23,11,21,3,28,1;22,1,0;17,0,18;16,1,17;1,11,12
29;11,21,2;27;26,7,18,11,4,10,12,27;22,5,26,17,0;8,14,10
16,1,29,10,20,26
1,14,28,22,24,26,12;14,6,23,28,9,0,20,13;29,24,16,0,2,6,21;9,11,18,27,19,5;18,9,16,5,25,12;0,3,5,13;19,24,25,2,20,6,29,3;8,18;27,25,16,4,9;29,0,2,24,25,4;20,24,16,5,8;21,25,0,20,29,19;16,21,12,19
1,28,5,13;17,12,27,26,16,14,25;22,19,1,7;18,16,10,23,8,20,0;25,11,16,14,22,20,15;12,10,28,24;27,14,6,22,2,0;22;25,16,3,28,2,6;18;0,22,15;20,10,8,16,26;25,0;26,27,5,29,2,22,7,25;8,15,3,28,18,0,13;2,14,3,25;21,26,28,11,4,12;0,20,27,5,2,22,18
13;1,2,13;0,5,2;5;21,2,10;13,0,20;16;8,3,29,7,10,11,2;9,2,11,16,4,0,19,26
24,13,2,21
10,3,2;14,9,1,27,2,7,15;10,2,9,29,1,5;28;8,2,22,28,11,21;10,8,7,1;10,2,5,4,6,17,3,15;29,19,27,15,22;21,1,15,18,7;24,15,21,20;22,21;21,24,19,16;18,21;25,2,18,23;9,1,27,26,13;7,2,4,17,20,5,29;6,24,25,23,8,14,0;26,6,4,23,22,7
10,16,28,6,22;15,13;7,12,16,4,0,8,14,2;13,28,3,9,17,20;1,7;28,6,20;17,28
7,8;16,11,21,0;10;23,13,12,19,3,8;20,23,18,24;29,13,11,8;17,7,19,8;18,5,7;19,15;18,15,4,28;24,14,26,3,0,2;6,10,9;15,25;5,24,6,28,8;19,21,3,17,27,26,12,10
26,3,0,20,15,22,25;9,27,22,23,7,5,29;1,19,15,21,22,24;2,1,5,3,27,21;17,10,14,7,24,12,9,15;13,26,21,3,29,20,10,28;24,19,6,16;20,26,27,5,4,22,15
4,10,26,8,7,21,27,25;16;20,0,25,14,8,22;26,23,17,20,6;2,28,24;20,1,0,4,14,17,26,9;1;16,20,6,10,12,28;2,11,0,13,7,29,26,12;29,1,0,4;7,16;8,14,25,7;7,1,26;21,24,6,4;12,10;13,22,5,10,29,17
10,19,16,0,4,6;18,5,28,19,14,1,3;8,28,11,19,21;18,2,9,23,1,22,15;26;3,20,15,5,16,1,12;9,23,0,18,3,2,5,4;28,25;28,29;12,11,26,24,21;23,10,19,20,4,8,16,24;27;17,25,11,12,15,8,23,14
29;12;16,23,13,10,17;13,27,9,5,18,29,0;3,27,8,26,18,21;29,22,27,16,24,8;27,23,11,25,18,22,6;3,27,13,24,26,22,12,11;16,9,8;3,12,1;2
22,10,1;11,27,6,25,28,17,18;7,26,25,27,12;22,11,14,13;24,7;29,12;19,4,23,0,24,7;9,29,14,23,4,18,17,3;23,1,8,24;19,2;28,13;3,1,11,29
8,10;6,14,24,22,0;20,29,12;29,26,14,8,20,17,6;7,25,20,3,22,1,21;0,11,5,18;1,17,4,24,27,16,18
16,13;5,15,10,3,24,16;6,17,22;19,29;18,8,0,15,3;3,28,11,4,29,24;25,9,19,17;0,17,28,7,8,2,9;26,24,18,1,23;6,19,4,3,14;0,13,25,11;19,15,17,3,5
8,7,3,14,25,1,2,13;2,19,13,12,27;9;6,8,10;18,13,20,22,16,17;4,15,26,11,2,13;23,26,4,18,12;28;21,14,8,28,7;18,2,17,3,8,6;9
12,4,24,1,20,29,23,2;8,5,14,2,11,23;19,26,10;19,22,5,15,17,24;25,21,11;29,9,3;20,12;6,13,3,1,28;4,17,27,21;9,7,23,0,26,24,10;16;21,27,24,16,0,8,4,14;2,17;6,4,11,16,29;28;3,0,7,13,24;10,25;18,24;28,11,26,13,22,25;21,8
4;27,24,1,5,14;9,12,4,11,0,21,16,18;4,15,21;13,7,24;1;24,19,8,1,4,20,15;5,16;9,0,2,28,7,29,3;17,2,5,16,21;25,12,17,21,26,2,11;24,17,27,28,2;21,5,6,13,10,27,16;16,6,1,27,21,25,23;6,8,22;26,9,13,27,18,2,24;13,20,8,25;28,27,1,19;2,11,0
12,6;29,16,27,22,4,1,7;20,4,10,14,12,9,25;19,12,2,8,14;3,22,15,14;29;28;3,26,21;16,9;24;17;6,9;8,22,17,9,25;10,28,7,25,8,15;6,25,19,3,15,18,1,9;27
19,26,6,25,16,9,18,5;3,0,21,4,23,27,28;19;3,24,20,28;14,29;11,6;8;1;7,20,13,8
2,27,5,6,7;6,7,3,23,25,4,14,13
26,29,0;10,2,23,24,19;23,16,10,1;25;2,6,26,11,3,18,20
15,22,11,16,6,18;3,11;27;23,5,27,13,12,18,11;9,25,15,26,13,17,19
17,20,21,14,0,12;20,2,11,16,17;25,19,3,16,6,21,17,29;19,23,6,0,25;25,1,22,8,16,26,2;23,6,0;28,4,29,16;0,14,9,11,3,8,26;20,13,17,23,25,4,8,16;17;15,6,21,28;2,20,25;10,27,1
23,26,12,11,27;20,27,13,3,22;0,10,1,4,22,14
25,6,22,10,8
7,26,4,17,22,19,20,12;26,17,25,7;1,16,13,20;12;13,3,5;5,8,22,3,25,10,17,27;12,29,9,4,19,13,18;12,20,8,14,27,0,17;22,7;22,0;19;26;9,24;15,25,16;20
9,26,20,22,0,16;20,12,24,1;0;13,21,11,9,4;9;10,2,11,18,0,3,22,8;12;27,24,15,2,6,29;15,2,4,23,9,8;23,3,11,24,17;28,0,10,13,25,8;3,21;21,3,23,24,17,9
15;3,6;21,12,24,10;5,10,28,24,21;26,23;6;11,28,25,22,29,4;8,1,27,3,7,2,0;5,15,29,8,24,7;1,27,0,4,13,26;25,12,2,14,9,26;14,4,5,7,9,17;5,26;27;27,10,28,8;12,9,25;5,18,6,2;11,14;14
27,5,19,28,4,11;4,5,11,15,10;1,0,15,4,19,10
0,14,20,23,3,27
3,17,6,22,0,21,23,12;29;26,17,24,1,12,8,0,5;7,17,25,14,27,19,8,21;19,26;0,13,29,18,22,1,24;0,21,7,5;26;26,13,24,1,7;15,24,14,11,20,3;20,13,2,8,3,27,7;18,19;21,25,12,20,23,11;12;20,11,15,4;5,10,11,28,9;13,5;3;28,16,5,14;1,20
14,4,15;10;4,17,23;5,26,10,15,1,13,21;23;20,5,23,7;19,7,18,2,4,21;9,18,20,6,3,17,24
29;7,17,5;16;13,14,12,23,24,22,19;7;4,8;4,9,22,19,7,18,1;20,5,2,9,0,23,11,28;21,24,2,20;21,1,23;27,12,11,9;13,18;9,16,15,5,27;28,9,11,22,16;19,10,27,21,14,26,24
24;17,11,25,29,4,7;16,7;27;0;28,20,0,26,19,21,11,16;7,21,0,27,15,16,13;26,25,10,0,18,5;23,9,12,7,28,26,17;5,15,8,12,3,13;25
27,24,14,21,9,16,0,20;7;1,25,29,13,12,14;15,16,10,28,20;24,8,17,6,20,1;0,3,27,17,7,5
17,28,23,25,4,19,6;21,28,16,2;16,4,15,28;1,14,23,16,22,19,10;11,20,29,16,12;8,21;7,11,21;24,4;9,16,2,13;18,5,27;7,23,11,6,20,29,9;25,10,3,16,21,9,1,22;2,18,27,17,8;22,10;22;0,15,25,16,8,7,14;19,5,23
19,20,7,15,25;23,29,9,10,15,14,22,24;5,22,18,12,24,11,13,20;27,10,17,28,2,5;0,17,4,11,7;7,19,3
16,14;27,4,15;2,29,9,27;23,29,1,22,16,6;5,0,9,19;22;27,0,11,25,13,5,24,23;11,3,5,2,8,24,15;16,27,25,13,22;16,20,1,9;9,27,1,25,12,23
8;19,12,5,9;7,0,23,11,20,19,12,22;6,17,27;11,1,0,22;6,11,19;25,14,23,3;12,20;13,23;23,5,6,10,15,29,1;12,23,6,26,9
14,5,15,4,12,19;27,8,22,19;27,3,19,26;17;0;12,19;4,15,25,18,5;8,5;2,29,9,20,6,25,26,8
1,13,22,26;6,15;3,27,8,2,28,11,29,0;8,18,25,22,3,13,14,5;26,5,8,22,1,19,3;13,14,5,20,23,4,11;8,21,23;9,4,28,24,21,23;25,3,15,13,18;9,19;7,22,25,19,16,20;16,9;27,15,6,16,25;0,3,2,26,19,17,21,29;7,22,8,18,26,3;13,4,18,0,17,27;28,1,25,8,29;26,21,25,9,20;8,26,10
28;18,6,10,8,0;19,9,24,2,5,11,7,17;19,2,15,17,6;12;6,25,5,13,15,8,29,24;28,10,14,20;7,1,21,23,9,3,14;16,23,24,6,12;25,3,18,6,2;16,7,29,20,18,10,25;15,14,1,2;5,16,18,3;21,25,14;26,12,16,22,25
20,15,13;5,8,4,19,27,6;29,3,8,26,1,2;18,17;17;1;24,1,3,17,18;28,25,9,24,11
29,12,10,1,17,27,16,5;28,3,10,27,29,8;1,7,4,21,6;5,22,21;25,18,1,7,10,20;15,10,24,23;21,14;20,14,28,5,23,22,18,17;20,24,13,15,8,16,3,26;1,12,26,13,7,3;28,26,15,13,2,18
8,1,24;0,20,15,17,8;24,21,22,28,7,12,3,9;3,10,23,0,19,8;2,25,23;14,27,11,1,29,21,24,17;1,0,10;17,28,26,6,4,11,12,25;25,22,12,7,6,10,24,8;11,15,12,14,16,22;8,5,12;24,14;3;17,2;18,26,13,7,16,23,15;1,17;21,3,13,29,1,24,9,2;14,21;6,15;14,15,27,9,28
19,0,6,10,23
26,21,3,13,23;23;18,27,3;13,24,29,1,28,17;28,24,15;6;26,13,17;10,27,17,2,25,19;2,19,5,12,11;3,8;15,22,16;27,16,25,21;10,1,0,7
4,6;6,19,22;10,20,28;12,17;18,15,8,13,3;16,1,9,10,19,23,11,26;4,3;14,29,7,26;12,3,21,17;3,16,28,23,5,10,1,7;5,2,13,27
20,7,2;15;14,21,13,17,15,10;15,21,18;22,1,25,5,13;4;4,18,22,16;19,5,27;12,29,13;9,29,2;29,22,20,6,28,17,19,13;22,9,12;28,7;21,14,29,0;10,1,23,22,5,21;14,17,24;28,27,20
14,3,15,22,8,6;28,9,21,3,1,14,8,4;1,26,28;19,2,4,10;21,13;20,5,4,10;29,2,14,27;24;6,5,0,23,28,3,25;27,20,23,3,14,2,26,19;24,17;29,24,2,13,21,8;2,18,12,15,20,16,6;27,24,21,8
10,19,15,11,9,20,6,3;15;24;0,11,18;16,13,28;27,16,10;14,28,26,20,18,22;4,20,9,10,26;27,29;11,7,3,5,1,9,8;0,23,2,22,15,13,4,6;25,28,24;29,1,19,16,5,22,7;27,28,17,2,10,9,16,6
13,18,25,4,19,20,1,12;23,21,1,5;4,2,0,22,12,28,6;22,20,17,14,27,26;13,23,14;29,27,28,5,10,7,2;13,1,21;11,14,4,29,10,12,23;18,8,26,21,0,17,9,19;10,14,2,16,15,11,29,27
15,25,20,4;0,6,10,11;2,10,7;29,19;25,29,7;28,22,17;24,29;21,6,12,18,9,28,4,26;29,16,0,23;25,0,13,10,4,5,21;28,6,10,4,21,18;20,11,4,21,2,22;13,6,7,29,8,14
13,28,0,29,7,23,1,25;10,16,1,18;24,23;27,22,24,29,3;23;15,29,13,12,1;23,11,28,2;3,22;7,5,4,9,22,17;7;28,10
3,22,17,24,8,29,25;17,22,8,18,20,16,3,0;24,22,19,29,0,11;7,17;23,5,7,27;1;1,13,26,10,19;13,10,14;1,7,14,5,25,29,2,22;14;27,1,28,9;17,26,1,16,18,5,12,21;5,19;27,6,0,21,15,1,5,29;7,10,9,0;18,17,15,22,19,5,23;22,19,9,6;27,14,20,21,13,16
0,28,17,7;11,12,17,7,27,21;26,18,10,14,1,21;15,8,28,20,0,2,29,25;12,4,6,21;11,2,6,21,25,19,18,22;19,10,5,23;3,25,8,0;17,26,3;12,18,15,16,4;26,20,9,8;20,8,6,13,2;2,21,9
15;13,9,15,14,11;4,24,18,19,14,9,8;17,20,18,29,23,27,26,25;27,21,11,22,20,24,1,9;28,8,1,10,2;22,19;17,4,21;21,18,8,29,26;1;18,0;3,26
22,24;7,6,0;10,0,28,14;12,23,0,9,1,27,14;12;13,23,3,24,25;17,23,15,8;8,9,26,25,2,19,14,28;26,21,2,17
16,24,3,10;0,7,22;4,21;25,29;15,12,8,24,6,23;9;8,19,12,26,10,22,16,27;16,22;5,13,7,0,18,14;16,27,20,21,0,14;5,0,26,17,29
10,8,12;6,13,18,11;9,1,22,16,14,23,12,13;23,18,4,0,20,8;13,4,2,5;28,1,8,27,7;29,17,21,13,1,23;14,18,28,16;15,18,26,4;13,15
4,17,22,2;9,17,20,7,5,10,21,26;15;10,18,5,12,6;26,28,6;11,8;29,4;9,6,11,13,4,24,10,20;1,9,24;22,28;27,17,29,9,3,24;26,25,1,16;19,14,8,10;19,12,26,22,14;2;22,16,9;1,2,16
7;22,16,17;23,3,21;21,17,5,22,8,25,16;17,13,11,18,19,14,25,15;22,1,20,2,5,24
3,4,25,5;7,24,17,0,22,26,21,8;10,19,0,29;11;8,2,21,27,5,26;3,14,6,0,8,16,4,7;17,7,3,18;25,24;25,17,7,15,26;8,7;3,12,28,9,11,8,23;11,13;17,8,3,4,12,27,26;20,9,29,23,28;19,12,4,11,15,13,29;0,3,2,8,10;0,14,28,2,6,20,5;11,10,4,22,15,28;24,22
20,19;2;0,20,5,15,9,13,16;27,26,14,16,9,0,2,7;14,17,9,24,29,5;8,13,9,24,23,21,19,22;3,19,23,6;0,19,28,22,4,27,25,26;13,24,18,11,23
22,29,26,15,24,13;4,9,28;13;22,10,19;9,24,4,15,14,19;1,19,3
0,4,19,15,21,25;13,5,21
13,9,22,15;12,15;25,20,17,14,12,23,4;21;5,21,1,26,3,17;2,0,27,4,25;0,2,6,16,4,3,25,28;4,2,25,16,11,23,8;14,0,4,18
7,15,10,5,24,19,26,22;18,25,20;26,16,8,10,6,0,15,4;23,9,6,12,28,21,27,24;0,6,8;9,17,3,21,1;3;6,26,19,18,24;22,23,3,26,4,20,28,12;14,22,28,26,27,12,4;7;3,11,20,8,2,28,15;14,18,12;29,21,2,20;7,23,27,3,2,25;10,6,28,11;16,8
0,11,6,9,28,20,5;13,1,29,12,19,22,4;28,14,19,9,0,23,5;16,26,2,23,28,1,14;8,1,26,4,22,2,15;28,1
29
25,5,20,26,17,19,6,15;6,29,21,0;5,3,7;19,11,21,20,0,23,27;18;13,16,17,9,18;24,0,21;4,14,5,12,29,8,1;24,22,7,10,23,15,6,12;15,2;1,3,29,24,13,20;6,28,12,23;9;4,28,10,8,3,15,20;20,26,13,28,16,6,7,9;3,19,29,12,2,18,11,23;21,4,12,23,26,7,27,25;8,29,2,5,15,24;12,17,6,24,10,15,16
23,14,24,1,17,6,12,10;19,28,25;18,4;18,14,21,4;16,28,7;14,5,1,21,17,19;12,3,16,24,5,18;21,0,9,26,7;18,10,6,25,15,13,29,1;28,0,17,12,19,7,6,2
17,15,0,6,18;21,0,27,17,16,29;3,7,18,17,10;12,2,28,13,1,24,22;8,28,12,6,15,14;28;8,2,5,25,3;24,26,9;29;11,26,16,23;8,18,29,21,4,26,17,9;14,1,28,11,12,16;8,21,15,19,22;24,10,4,28,15,6;0,16;4;0,16,10,1,11,2,28,25;2,13,7,6,15
4,7;27,3,23,19,9,12,24;25,16,2,10,12,17;20,22,28,8,6;5,25,4;2,15,22,23,3;1;8,0,26;14,5,2,28,1,11,0;17,15,4;13,28,8,11,29,18,0
28;16,1,6;14,15,28,5,8,27,24,23;2,17,6,0,11,29,21,26;4,12,13,28,15,1,2,23;8,12,6;12,13,4,29,14,6,21,3;25,23,12,0,17,20,8,22;0,5,18,11,25,1,28,15;4,20,17,8,2,18;15,3,7,29,27,20,10,9;28,21,14,29,22,3;28,12,20,4,1;21,23;19,11,29,10;7,28,8,14,26;0,8,26,6,25;10,14,22,9;18,17,25,29
