26,15;27,22,24,3,4,8,29;14;23,27,22,26,28,12;22,11,21;24,3,28,5,23,16,8,4;13;14;23,19;14,11,26,17,23,21,9
29,7;24,15,27;0;8,10,24,1;26,15,5,4,18;27,17;19,0,12,21,20,13;11,10,28,20,29,9,12;11,10,6,27,1,26,15,17;9,6,23,10,22,4,7,20;9,5,11,20,28,0,8,3;11;2,29,15;11,17,5,23,25
16,6,9,18;13;22,16,2,11,9,21,17,27;23,0,6;27,0,21,3;28,4,26,6;14,1,3,7,22,20,18,8;2,19,29,18,21,24,22;27,12,22,5,28,8,2;15,18;16,6,27,20,5,7,29,23;20,17;9,15,19,21;7;19,17,27,13,11;22;3,1,13;2,1,19,17,29;9
13,23,28;7,10,23,16,14;13,20;25,13,28,0;27,8,28,0,25,1;21;27,29,17,20,2;6,28,25,2,27,13,11,26;23,24,14,1,8,12;6,11,4,8,23;21,9,17,12,27,6,20,14;18,21,28;4,2;28,20,2,27,17,29,25,11
21,20,10,11,26;14,18;12,4,24,1;19,3;1,28,14,5,24,19,29;9,28,20;7,0,27,19,16,9,5,11;4;14,19,27,15,11,0,6,17;14,27,4;15,19,9,18,7;0,10;0,15,14,16,26,29;5,4;26,25,10,23,3,15,0;9,22,20,3,6,28,1,19
22;25,18,19,7,22,0,13;29,16,27,17,23;21,29,5,19;14,29,1,9,5;5,23,4,15,3,19;22,23,28,11,17,18;12,29,8,21,13,18,28,10
1;13,6,18,2,15,3,0;22;21,12,5,14;18,22;12,15,16,18,26,17,14;16,15,8,5,26,18;26;22,2;28,22;28,25,26,15,2,23,0;9,22,11,26,19,2;27,16
26,25;1,0;20,18;13,23,16,10,26;7;1,15,7;15,14,9,26,24,25,2;15,3,19;1,19,29
16,6,25,4,3;0,21,2,5,28;12;26;22,5,15,17,11,2;23,14,5;11,26,3;3,5,14,13
25,1;25,7;7,23,29;3,12,21,24,23,13,29,9;7;3,7,25,12;13,15,0;14,5,13;12,0,7;10,19,11;2,16,0,18;26;2,3,27,20;13,2,27,23,8,29
