24,23,29,26,15,20,12,1,2,21,13,17,3;4,8,12,7,6,10,26,13,21,1,3,18,29,5;2,28,16,23,24,7,29,27;17,19,24,14,18;15,27,11,1,18,24,13,20,26,17,2,21,9,28;28,18,5,3;25,12,13,11,26,7,14,2,17;11,26;7,14,18,10,19,21,8,28,6,24,22,27,9;2,11,12,26,16;0,10,11,21;18,11;3,17,14,11,12,25,29,18,4;11,1,7,8,13;21,27,8;1,27,19,21,22;28,19,6,22,0,27,29,12,10,7,25;26;15,16,2,22,19,0,20,11,21,4,13,28;2,0,11,10,5,1,3,18
20,22,27,5,2;3,20,14,24,22,15,9;26,5,21,13,18,16,8,29,3,27,2,25;19,29,8,5;23,16,12,26,14,17;18,21,8,20,14,16,28,7,5,19,2,6,29;2,14;13,22,11,15;11,14,3,5,1,13,25,23,21,26,8,12,19;23,8,26,17,19;11,18,4,2,1,14,6,21,12,20,8;0;23,27,25,1,19,2,9,0,10,14,11,28;9,19,21,13,23,0,18,8,25,11,2,1;6,18,10,9,4,12,11,7,23,13,3;3,23,9,11,1,12,18,22,27,0,10;16,15,0,26,25,28,17,4,24,29,11,1;28,18,5;1,7,15,5
26;9,13,7,11,2,15;11,21,10,4,24,18;6,11,25,29,7;26,21,20,25,14,9,7,12;24;2,19,27,20,7,26;8,2,4,3,27,26,29,12,9;26,7,27,18,14,15,20,4,24;21,15,12,8,19,10,13
4,17,21,12,26,14,25,13,2;1,3,26,17,28,15,6,20,27,29,4,8,16;19,15,26,23,8,16,24,3,1,13,22,2;1,23,8,25,22,5,29,11,12;4,18,21;15,22,2,7,11,21,24,12,13,29,6,25;21;28,7,17;19,29;7,19,6,12,8,5,20,29,0;2,1,27,26,29,7,20,4,14,11,3,10,18,21;1,11,13,6,23,28,4
15;6,13,24,14,3,16,15,18;8,4,22,13,0,10,7,11,28,12;29,27,7,9,8,12,15,28,24,22,0,23,3,10;13,27,10,20,19,3,7,6,1;13;22,12,27,29
25,7,27,18,3,13,11,22,15,10;16;0,27,14,4,12,5,17,11,21,6,26,28,16;7,22,2,12,1,0;15,6,20,25,28,27,18;6,7,21,3,9;21,24,2,20,1;6,16,5,0,29,23;13,16,14,29,24,0,20;5,9,16,24;15,22;8,4,11,10,12,20;4,16,26,3;21,22,10,29,12,14,24,18,6,17,15
5,20,17,0,8;24,10,18,14,20,21,19,5,7,28,15,9;15,29,0,1,28,26,23,19,16,12;20,1;20,4,24;18,2,12,8,23,26,13,24,14,3;19,26;24,3,5,8,19,28,16,9,4,21,25,14;26,28,25,29,18,10,6,5,12,27,0,1,24;25,16,15,13,21,3,19,6,9,14,7,2,29;4,10,25,2,8,19,14,20,23,29,6,13,18;27,17,7,23,16,29,11,24,22,28,6,25,12
4,7,24;18,23,11,15,19;26,2,9,19,24,29,25,1,14,8,5;13,16,19;12,8,7,29,20,21,22,2,18,23,5,17,25,9;5,9,16,12,8;17,29,14;26,7,1,14,22;14,28,22,2;19,12,22,9,27,17,0,7,13,14;20,24,12;21,22,7;9,14,21,29,1,17,3,11,10;18;16;4,19,5,26,15,10,2,1,21,23,25,11,24,22;9,7,12,28,1,29,23,0,3,27,5;17,24,15,10,28,19,13,14,21,8,9,12;27,22,28,26,10,6;1,7,14,15,21,4,3,28,19,6,10,9,11
20,14,0;19,24,22,17,3,6,26,14,20;14,26,20,11,17;25,15,19,1,29,11;22,13,23;14;6,4,25,29,28,26,18,0,16,19;5,3,4;10,6,8,22;5,9,18,4,14,8,13,16;16,29,2,9,14,22,7;24,4,21,16,3,9,2,1,14,8;18,15,7;10,21;4,13,24,6,10,29,2,5,20,26,23;27,3,10,16,23,21,15,2,26;28,25,1,14,23,20,5,26
26,21,14,3,13,29,5,16,15;17,9,13
23,4;28,14,8,12;13,0,7,24,25,29,8,27,16;0,18,12,10,29,3,11,26,15,22;21,6,3,23,18,10,1,12,20,14,2,5,8;3;8,5,24,9,25,0,27;28,23,16,0,10,17;10;3,1,29,7,21,5;8,24,9,2,16,28,23;6,24,0;25,22,0,9,3,7,13,5;21,28,29;26;14,15,0;25,18,0,1,28,26,13,17,21,6
3,16,15,25,9,1,5;27,10,15,21,14,12,4,18,29,19,2,17,16,26;18,24,17,12,5,28,4,21,3,8,22,29;21,26,14,6,24,9,22,0,3,12,19,29,11,4;5,11,13,26,23,24,25,16;0,8,4,7;19,10,2,1,0,7,25,28,8,15,20;16,1,14;1,18,6,3,12,17,26,19,28;3,22,13,2,14,12,27,10,8,28,4,7,24;9,6,19,18,7;7;25,29,8,5,3,15,28,7,1
27,0,22;16,0,14,4,17,3,8,22;26,18,7,28,23,27,19,3,22,14,15,5,29;2,24,16,26,3,1,10,19,13,6,27,17;8,13,16,22,27,18,10,28,11,7,9,6,24,26;6,19,5,21,12,4,14,8,2;21,11;6,27,23,19,0,3,2,20,9,22,24;14,7,6,13,2,15,26,20,17,21,24,22;24,29,27,23;8,14,20
28;29,9,27;4,10,9,3;1,17,18,24;17,25,26,9,22,28,29,1,14,21;1,26;12,29,16,8,25,22,1,18,0,2,15,19
16,22,23,1,14,4,29,28,18,15,19,7,2,9;6,14,0,17,24,29,2,26,27,4,18,25,3,13;29,2,24,26,9,14,7,3;1,16,23,3,24,8,28,19,6;20,18,22,17
0,6;0,2,6,24,9,20;19,18,22,28,9,8,24;25,27,22,12,2,21,26,23,4,17,9;13,20,7,8,21,6,25,26,16,0;28,27,13,23,24,0,6,9,14,18;16,18;0,1,29,21,14,13,16,5;15,8,0,28,3,9,11,22;26,17,20,23,15,8,0,18,9,11,24;24,9,8,28;11,27,25,14,17,19,20;9,21,26,25,10,2,19,18,12,6,7,5,29,15;1,17,27,11,9,7,23,4,12,2,0,13,18;27;11,25,2,29;4,28,3,27,6,0,15,17;17,19,14,7,11,3,6,5,12,23,9;0,23,27,29,8,2,28,12,7,18,4;17,20,21,22,5,7
15,6,24,12,22;12,17,10,14,3,18,4,5,16,6,26,9,21;1,8,25,7,22,29,9,17,28;22,15,9;8,14,26,13,12,20,28;1;3,5,21,24,13,1,19,7,10,26,14,20,27;14,23,28,4,9;27,3,19,1,5,16,4,17,10,29,6,28,22;24,29,19,28,8,25,11;4,9,17,12,0;28,18;29,12,21,22,13;13,24,29,11,17,22,6,7,5,4,0,15;4,21,0,26,2,7,9,12,28,25,6,24,19;10,12,19,4,16,9,1,3,27,29,15,6;4
0,19,9,5,16,26,12,24,8,11,25,1,20,6;26,22,11,19,0,21,27,9;26,29,21,17,1,0,25,22,5;28,1,13,25,23,17,4,11,26;15,6,20,28,29,19,25;9,2,11,15,21,5,27,29,7,6,4,0,20
14,25,8,1,19,18;7,11,17,22,23,5;26,3,1,2,20,12,22,15,19
28,0;15,16,17,0,20,11,14,2,23,18;1,12,20,9,24,29,19,25,7,15,17,27;28,7,29,4,13
29,1,26;14,5,23,8,13,22,24,19,15,11,1,17
4,25,1,18,6,12,15,19,8,10,11,22,13,21;4,5,8,18,6,25,28,27,7,12,10;6,14,20,7,23;1;6,9,18,8,16,5,14,27,2,1,12,15,10,20;1,9,2,13,11,8;7,27,16,11,29,17;24,2,12,13,14,15,3,20,7;8,15,3,10,9,16;4,22,10;4;26,7,13,20,0,1,12;25,8,16,11,29;11,27,14,29,23,3,10,19,26,12,1;4,15,16,0,10,7,19,8,5,27
12,29,11,5,0,21,19,2,13,23;12,26,5,4,19,23,13,1,16,22,0,18;14,28,4,24,26,18,25,16,20,11,9,1,21;17,15;15,4,6,0,5,2,20,10,22,25;20,12,11;12,24,21,4,27;27,8,19,0,23,20,12,3,26,25,2,14;7,2,19,12,14,23,20,1,25,13;10,6,8,18,2,24;4,23,19,3,22,7,17,25
19,4,0,10,17,20,12,13,1,16,27,5,7,26;21;19,1;11,12,22,1,5,14;6,18,8,26,24;20,5,23,9,17,3,18,1,16,6,13;19;25,29,8,21,18,22,19,7,10,12,20,24,27;15,9,10,2,17,13,26,22,25,7,14,23,21;18,0,13,21,5,7,25,28
14,5,12;27,5,13,4,12,0,16,2,6,17,10,20;13,23,19,21,2,1,8,6,17,16,22;26,6,9,13,24,4,14,12,19,18
1,13,18,19,21,28,5,3;25,2,7,26,24,11,6;1,2,3,6,23,0,5,28,7,14;21,17,12,7,4,24,29,6,20,0,28,9;11,3,28;7,28,1,0,24,21,14,17;18,11,23,15,14,17,26,13;9;22,17;24,9,19,21,11,5,2,20,6,10,16;27,18,25,2,15,28,17,13,10,29,0;27,22,3,4,6,28,15,13,7,25,29,9,17,23
16,3,14,9,8,5,26,28,25,22,6;20,4,3,22,28,12,23,18;9,23,4,8,24;20,12,7;29,8,4,0,7,23,11,26,25,21,28,9
25,7,15,16,4,2,22,5
6,27,5,2;27;15,26,14,6,19,2;4,18,28,10,9,11,3,13,26,20,14,27;8,4,25,28,1,17,16,2,14,10,20,21,5;6,2,20,13,15;24,29,19,16,2,9,26,25,17,23,3,7,1,15;2,6,3,15,29;7,14,19,20,13,2,26,27,11,3,9,16,0,29;15,22,6,3,29,23,28,21;1,16,14,17,8,21,29,23,20,19,13,15,28;25,20,14,24,13,28,27,0,5,3,19,7,1,10;2,20,1
11,19,6,1,10,13;5,12,11,4;0,8,26,20,15;19,28,17,10,4,20,11,24,3,9,0;28,27,10,24;29,4,24,25,7,0,19,13,21,10,2;16,18,17,5,13,12,10,22,6,2,3,26;12,17,14,23,9,4,20,25,10,18;13,18,14,22,2,1,28;20;20,3,0,21,18,5,6,15,28,25,23;7,2;14,20,6;24;15,14,17,0,25,18,20,1,5,7,2,6;7,24;9,1,26,19;29,27,10,22,11,16;27,22,28,29,24,16;10,12,19,14,15,8,28,21,18,7,29,9,5,2
4;23,22,16,4,13;0,25,22,5,10
9,11,4,23,24,16,21,0;6,25,11,4,0,3,15,26,2,24,10,9,29,7;25,1,20,10,6,3,15;26,18,15,23;25,28,3,11,24,18,14,21,23;8,23,20,14,11,28,17,15,21,3,19,5;9,20,10,15,7,19,26,13,23
17,8,11,2,19,7,21,27,1,23,26,13;4,1,18,17,29,0,20,5,13,12,6;11,25,3,15,12,18,13,0,16,23,4,20;21,17,9,16,28,29,4,10,12,7,2,26,27,8;6,11;28,7,4,29,14,1,20;11,9,23,3,25,22;8,11,14,12,13,24;6,26,18,21,13
11,20,7,14,6,2,9,0,16,29,13,26;6,3,29,16,8,10,14;17,26,27,11;14,23,16,27,6,12,17,19;20,4;25,1,12,15,3,10,13,8,20,4;4,14,24,29,21,16,27,1,11;29,16,8,12,20,0,28,9,18,5,22;10,3,24,2;6,7,19,5,3,10,28,11,25,8,1,12,20,27;17,3,22,29,20,15,12,13,26,25,5,4,19;9,4,14,25,6,26,11;1,29,26,5,28,24,18,20,12,7,13,6,17;23,13,21,0,5,22,3,11,16,26,15,10,4
6,9,27,15,26,11,3;7,2,21,6,29,19;16,17,21,11,27,22,26,18,20,29;14,21;5,2,14,27,3,6,20,0,13,10;23,28;11,21,13,15,12,17,26,19,16;3,13;12,19,15,24,29,22,7;9,7,1,16,19,0;15,26,21,8,16,25,22;18,28,6;8,14,12,15,20;9,21,0,22,25,10,19,2,24,27,14,26,3,11;14,13,25,15,9,17,12,19,2,1;12,4,11,24,8,17,14,25
15,4,24,20,26,10,6,22;16,24,19,8,20
16,11,5,26,17,27,22,19,6,21;28,1,17,14,24,15,0,21,2,20,7,4,22,8;25,8,16,14,6,15;0,23,6,22,4,1,13,21,17,20,26;14,21,22,10,9,15,26;26,20,16,25,10,17,0,12,11,23,24,29,18;1,8,27;6,16,4,25,28,15,0;7;1,17,7,2,10,0,6,3,22,12,9;6,22,15,3,11,12,9,13,16,20,10;15,19,10;23,18,5,4,21,20,0,29,1,17,22,14;16,4,25,11,29,6,8,14,23,22,17,2,19;29,11,25,1,20,24,6,27,13,16,4,21
14,8,17,2,23,13,7,12;22,25,28,5,13,24,10,26,11,17;0,9,28,26,2,27,7,1;18,27,22,0;25,6,26,1,22,14,2;23,15;2,6,27;24,14,25,11,29,5,7,10,2,3;1,28,12,9,29,22,5,19,23,26,11,15;29,18,16,17,25,24,10;29,1,26,16,5,8,27;9;10,29,16,18,27,24,19,26,13,0,28,15,6,1;23,14,6;25,14,2,27,12,20,21,28,10,23,8,19;23,25;14,28,21,27,17,24,1;0,5,20,11,1,17,15,27,18,19,7,9,14;0,17,9,11,27,29,16,7,21,5,25;2,18,15
8,20,2,11,24,12;20,10,18,5,25,14,19,2,29;8,25,3;21,6,1,14,15,28,7,19;28,4,25,29,26,12,6,21,2,27;17,0,29,2,20;1,5,9,6,3,19,18,10,23,26,28,20;5,26,4,0,10,16,11,21,18,22,12;22,28,16,15;21,18,28,24,9;22,2,0,18;21,13,8,12,22,27;15,0,8,9,13,28,21,2,22,7,19,5,10,16;26,5,4,1,17,22,12,13,9;19,16,29,3,7,22,11,27,1,8;16,11,13,18,6
27,16,1;17,2,13,5,24,19,21,14,27,18,7,10;23,1;14;25,17,4,6,29;26;8,0,21,2,12,5,22,14;7,0,23,3,8,12,20,1;0,16,8,23,14,20,10,7,17,29,11,5,4
23,1,16,28,19,4;23,2,9,1,20,0,11,16,25,7,15,22;3;22,9,19,28,4;12,27,29,25,11,14,26,17,18,19;14,3,7,5,16,22,27,4,10,1;19;13,29,28;10,2,17,25,15,4,20;21,14,12,19,10,17,20;1,15;24,2,28,11,27,5,21,10,18,3,1,19;24,23,6,0,4;7,29,18,5,10,6,13;27,29,18,24,21,20,1,13,23,0,4,19,10,3;29,12,1,23,22,18,21,0,20,9,26,10;11,28,18,21,23;10,29,13,4,12;23,18
23,10,6,20,5,2,25,18,4,15,13,22,11;12;27,8,5,29,9,21,15,14,22,1,24,25;9,14,28,15,22,10,26,27,29,4;14,18,2;23,11,10,2,25,21,15,8,9,14,1,7,4;13,10,19,12,16,2,28;9,23,8,29,16,4,3,5,12,1,15,13;18,28,29,17,14,9,13,26;6,4,3,26,29,7;14,20,25,10,13,18,12,6
26,25;22,26,3,13,10;5,15,26;13,5,28,27,3,21,24,1,18,4;17,13,11,19,4,2,5,15,10,16;26,1,25,0,2,23,13,14,5,28;2,26;10,27,3,7,26,5,18;12,0,2;22,25,5,6,24,1,8,2,12,11,13,7,26,10;26,16,22,27,7,4,29,5,1,15;0,11,5,21,22,19;22,28,27,18,3,5,16;13,27,21,1,3,18,12,20;21,2,23
8,5,26,13,2,7,9,27,22,17,16,25,11;24,16,25,9,7;12;22,19,1,14,0,5,24,13,21,7;14,26,24,10;3,17,15,27,26,13,7,5,29,12,25;5,29,23,22,0,19,17,26,12,20,8;19,28,26;5,19,23,16,26,25,4,20,7,0,13,3,18,10;28,23,7,26,11,6,12,17,25;22,0,6,18;12,8,6,7,14,13,25,29,16,15,19,20,24,5;6,18,17,9,7;5,29,0,10,24,21,2,9,3,15,28;11,7,26,14;16,27,15,24,21,8
19,21,28;8,7,22,21,16,28,1,17,13,0,6;2,5,28,29,18,7,6,27,19,22,15,13,1;25,19,26,10,0,18,5,12,7,13;20,0,1,11,12,26,14;9,28,12,25,21;8,24;17,15,8,6,28;16,20,12,23,4;5,8,29,11,3,27,0,9,22;20,2,9,26,3,15;6,24,22,4,28,5,14,20;14,25,17,0,21,15,7,20,23,22;6,29,12,25,16,0,17,26,9,23,3,22,24,11;2,17;1,8,6,22
19;17;20;1,7;28,4,12,22,2,27,5;29,23,5,22,26,0,14,7,12,3,21,28,20;17,28,19,7,16,8,14,22,25,4,9,5,29;0,3,24,19,14,28,29,17,10,6,13,11,2,27;3,21,12,15,14,1,17,13,29,23,20;7,4,28,3,27,22,12,17,29,2,19,13,15;21,20,24,28,13,26,19
11,13,22,18,28,2,26,9,19,15;4,15,23,6;27,3,1,21,13,6,24,22,12;27,14,2,1;15,12,29;19,26,29,10,4,17,28,24,22,21,3;4,18,1,19,20,10,14;21,8,16;4,6,0,28,14,26,13,2,5;23,27,0,7,16,17;15,14,1,18,6,19,11,29,17,27,20,23;3,25,0,10,24,29,15;26,6;8,20,19,7
4,19,29,0,5,2,14,26;8,22,27,28,5,7,12,29
29,13,10,11,19;21,14,28,13,11,7,2,5,15,1,8;13,15;9,17,13,20,23,4,28,10,27,22;25,28,22,3,16,21;19,20,23,13,11,15,2;14,27,5,15,17,0,3,28,24,11,9;8,1,12,19,23,5,3,2,7,24,16,0,21,22;19,6,29;24,10,16,19;4,23,18,26,25,14,12,0,6,10
27,3,23,1,10;2,20,26,0,5,13,23,25,6,29,22,15;22,8,1,7,2,16,0,24,25,29;21;6,21,5,8,25,15,0,24,29,17,20;20,21,14,0,13,8,29;13;19,9,18,3,12,20;22,2,23,9,19,20,27;23,14,8,19,10,2,25,0,28,11,18;26,15,19,20,24,14,10,17,18,22,1,12,5,9;18,28;8,14
