28,72,31,47,1;64,24,81,43,16,59,41;22,71,77,25,33,48,11;18,44,68,31,13;67,86,8,1,26,35,33;67,45,87;26,57,5;1,44,10,56,71,60,73;69,25,75;79,42;36,6,82,45;37,4,32,71;7,59,54,86,0,70,35,64;65,82,35,58,57,59;58,18,25,62,77,33;24,42,45,54;1,78,28,67,19;41,18,14
18,6,38,76,83,59;40,45,43,48,69,11;72,83,43,75,51;42,49;7,55,3;55,18;41,12,11,10,26;29,56,8,18,57;22;76,64,16,72,66,79,45;14,30,53,62,87,18,80
24,52,31;21,47,64,15,65;78,87,41,62,50,48,23;73;86,39,56;20,27;16,5,37,70,59;24,83,28,64,88,17,44,89;50,64,84,39,49,16,6,27
36,50,33,28,48;51,18,65,46,38,82;67;16,77,86,58;4,54,52;35,14,16,86,81;58,9,7,67;80,78,46,64,24,62,8;39,71,53,80,78,28,20,18;82,15,87;58,30,4,20,11,26,28,3;54,47,7,63,18,64,52,45;65,31,10
18,27,72,33,65,2,81;64,89,53;25;49,32,29,40;10,88,33,85;37,57,8
87,32,89,7,57,28,24;83,50,1,26,29;41,36,57,29,71,6,33
87,86,67,5,24,57;26,82,14,16,86,68;60,17,33,35,59;18,16,34,57,39,37,38;62,67,23,20;40,58,77;60,77,13,32,70,24,42,7;43,85,77,49;66,89,58,32,8,48,87;80,69,25,61,38,37;84,39,56,12,44,45,71;14,47,25,45,52,51;80,10,30,18,12,36,16;67,58,54;38,36,83,35,70;53,5,76,24,85
70;84,45,25,59,33,19,55;72,40,52,1,15,55,27;48,40,10,85,62,42,33;46,24,51,76,27;82,31,74,78,69,38,19,39;56,31,5,21,30;83,49,33,81,68;19,49,75,38;2
51,34,2,15;85,38,78,68
12,45,22;9,41,82,85,14
62,35,29,32,25,88,47;83;29,55,12,32,27,88,13;40,4;36,59,8,55,67,84;87,79,62;78;0,31;34,46;27,56,77,60,66;49,31,23,55,89,78,1,75;65,19,79,29,58,8;34,7,30,20;61,65,2;35,47,57,72,16;11
4,2,66,55;12,14,64,17,0,44;7,14,11,24;71,61;20,21,74,25,84,40,22;19,40,83,75,77,65;60,21,63,69;43
13,80,28;5,2,23,37,88,3,40;52;52;27,64,2,83,63;9,61,12,54,3;31,55,11,9,20,19,54,52;0,22,72,10,46,74,42;26,3,4,72,17;42,88,80,27,9,41,0,39;17,80,54,28,84,68,58,71;37,38,76,55,49,85;89,75,70;13,20;58,64,78,47,56,33,35,57;62,9,15,72,64;46,32,1,9;46,50,35;20,54,13,85,51,36
8,79,21,87,70,84,29;29,88,61,52,48,74,56,79;67,57,19,7;89,76,12,47,57,85,0,45;46,76;27,8,71,26,56;8,62,55,46,71;69,82,62;8,14,36,74,43,42,88,24;23,46,87;45,11,53;20,7;39;61,66,80;48;53,2,66,71,27,24,86,35;30;57;29,88,81,79;84
82;75;1,44,86,33,0,76;89,57;3;29,9,66,12;21,54,61,68,63,60,20,81;20;5,40,3,71,22,86,12;14,32,12,33;84,14,7,80,46,33;15,48,17,23,11,49,1;11,26,47,78,30,8;49,74,59,28,54,89,45;71,47,57,4,38;84;88,38,23,13,65,82,26,7;78,33,21
89,33,11;63,88,30,20,78,84,38,2;78,14,15,46,50,38
79,85,86,36,13,31;23,83,70,71,33,30,74,31;72,67,70,44;59;20,42,60,73,25,61;81,44,37,39,46,2;68,40,13,69,79,22;19,69;79;88,48,1;72,5,70;63,26,47,36;35,71;89,46,43,27,18,74,23;47,9,78,67,1,73,51,65;57;55,23,30,31;23;36,30,8,28,24
49,0,33,71,48,60,42,25;59,80,21,20,70,77,17,40;61,15,2,36,17,32,50;88;78,70,83,40,50;47,8,66,70;27,37,26,88
55,48,24,85,36,45,10,34;9,64,42,16;77,0,60,71,24,53;5,18,11;41,71,25,66,11;59,0,70,45;33,17,61,85,27,70;46,78,37,80,4,66,5,28;65,72,3,69,54,14,41;15,80,85,14,48;19;87,20,53;18,87,80,1,29,66,8,17;86,2,79;18,23,28,75,83;9,49;26,20,43,1,2,47,49,83
20,60,17,61,33;89,49,81,58,37
51,57;72,12,8,38,89,3,41;12,65,38,9,53,77,1;89;7,79,38,60,0,40;46;67,30,85;57,34,83,6;34,8,9,40,88,89;43,54,8,42,79;25,10,40,41,84,69,17;73,1
89,56;23;1,65,14,38,39,84,9,64;43;86,16;41,37,31,7,69,54,11;83,10,33,36,7,81;5,89,12;69,53,36,73,75;84,81;14,78,3,9,66,41,39,63;65,23,47,74;88;23,67,1
57,33,19,71,27,42,62;5,89;61,41,78;24,77,82,68,27;83,48,31,18,27,32,17;52,83,51,25,30,68,28,18;76,21,52,87;14;65;29,28,59,7,33,13,86,64;1,67,5,77,18,30,48,28;51,75,11;56,26;2,67,84,51,34;20,37,17;15,51,43;49,57,16,27;0,88,77,23,82,64,55
21,52,63,84,39,34;14,88,67,48,79;66;52,62,72,46,66,47;79,45,36,43,83,17;26,23,4,51,68;39,14,13,5;35,15,48,79,31,39;19;11,76,71,87,51,77;69,46,87,79,77,38,86,12;14;61,4;64,35,86,79
20,60,19;32,60,58,57,7,33,77,53;66,82,62,65,53,77;6,89;6,18,39,51;69
67,72,77,5,16,44,7,23;86,40,53,29,81,67;62,10;17,23,45,10,52,72;37;25,55,89,8,63;22,26,23;50,81,45;45,61,50,37,85;17,14,11,68,20,44,55;8,10,3,45,56,77,65,12;53;31,63,54,78,88,47,20;44,26,12,40,36;81,51,68,84,59,42,32
80,11,41,87,53,43,24,51;22,32,7,37,19,75,67;63,42,53,70,25,52,4,64;63,2;26,83,53,62,22,41,72;40,81,8,56,42,34,87,73;53,56,32,69,33;60,30,14,8;60;16,69,59,76,67,10,66;0,79,51,83,41,59,67,2;69,17,20,31,56;32,14,71;64,75,38,30,14,47,55;60,72,17,2;46,33,2,13,84,39,43,37;31,66,36,25,43,59;44
7;89,83;42,33,35,77,62,39,88,22;70,58,23,66,76,86,33,37;85,89,62;1,31,63,66,52,81;65,43,29,13,46;22,65,42,40,69,57;38,30,40,47,53,73;60,68,85,23,77,69,26;5,84,63,58,51,37,89;77,86,44,70,69,15,84;88,9,35,79,42,29,63;88,49,16,33,53,38,66,46;57,75,30,15,51,52;54,16;87,85,33;86,53,2,42;35,13,74,38,50,40,82;55,85,53,84
36,45,39,64,21,4;36,13,19,38;61,76
18,68,85,60,55,67,57;72,56,13,82,61,52;50,31,34
48,69,23,39,89,3,1
11,10,42,4,17,71,65;7,4,30,81,62;86,11,70,78,54,35;8,62,53,6,56,12,26;21,85,48,55,70;54,59,62,20,71,38,16;1,78,50,65,71,61,40;60,69,36
75,9,78,47,48,51;19,66,80,49;89,6,40;51,24,47,83,81,77,13,44;54,64,5,72,77;6,55,3,88,73;88;30,5,23,15,87,13,70
62;11,25,1,57;68,18,80,72,42;58
36,27,18,66,6;15,49,16,61,4,32;47,85,19,77,26,35;9;47,3,57,20,81,33,7,64;22,65,19;48,17,27,76,68,64,21,10;21;30;79,87,7,86;62,72;35,43,71,37,12,14,39,45;49,55,25,19,74,58;33,28,29,21,69,51
45,70,11,30;14;0,20,57,70,29,73,84
16,67,8,59,35,51,44;65,30,43,72,86;32;22,89,6,17,83;85;42,43;70,59,47,51,77,87
86;74,30,39,7,48;70,89,50,65
25,68,43;21;42,74,80,22;38,19;33,10,65,75;85,68,16,57,14,53;79,74;62;82,10,66,18,72;42,66,38,32;24,77,61,67,79,89,62;4,59,31,43,28,74,40;32,74,60,72;0,9;44,40,23,51,8;53,50,33,11,78;50,87,82,60
83,84,24,28,5;70;39,57,3,87;5,10,19,27,71,25;5,75,54,44,38,28;74,15,78,85,67,71,53,7;5,80,13;75,61,88,54,63;49,27,60,22,69,31,61;50,77;56,1,16,7,85,44;15,88,30;16,80,12,30;76,75,5;34,82,2,69,1;76,51,68,9,78,18
51,6,72,56,50,45;83;56,7,51,69,82,33,70;61,49,15,56;87,34,67,32,49;78,20,65,40,14,88,31,24;38,33,36,81,13,79;56,65;89,18,51,40;68,45,11;12,34,62;83,60,57,53,68,63;50,17,89,84,66;68,61,10,55,87,51
31,62,9,3,10,1,64;9,31,80,71,50,3,87;0,54,8;58,80,13,86,10;83,12,23;32,87,66;73,76,18,5,85,52;81,31,18;30,64,89,22;43,42,56,52,32,19;38,44,42,68,73
33,43;21,12,63,9,70,65,25,50;65,7,62,74,44,57,15,8;65,80,46,40,66,69,50;29,44,64;81,55,66,34,86,43;30,81,76;72,36,47,6;40,49,61,18,5,19,24,54;33;43,45,65;3,14,12,28,22,5,56,8;50,81,43,57,52,55,36,29;74,32;6,58,82,68,17,2;25,53,35,82,18;59,74,30;3,52,50,19,33;57,6,23,21
46;20,87,22,11,14;27,35,39,60,86,49,41,69;10,82;11,1,35,71
51,55,68;68,82;59,57,15,45;5;78,23,60,77,63,69,7,82;46,73,81,24,39;63,12,43,26;18,82,13,43,81,32,49,17;43,83,0;59,48,51,0;64,52,35,40,89,41;67;6,17,79,35,4,14,31,57;81,59;58,29,54,18,5,45;81,6,8,33,50
34,70;82,1;41,19;19,61,60,84,83,85,30,38;26,17,31;60,52,32,16,89,25,19,17;10;3,55,34,61,32,42;34,85,39
5;6,87,66,44,25,81,84;57;71,44,57;48;45,64,8,77,28,50,32,53;72,70,26,4,46;35,5,44,0,73;62,55;74,26,58,73,12;42,80,27,64,60;23,39,27,9,52,13;16,78,10,21,65;71,27,44,61,60,5,73,2
48,13,46;87,65,77,68,50,70,84;70,4,5,8;42,43,62;17,50,22,24,29,45;27,29,54,71,44,69;43,82,25,27,53,8,39,47;89,24,65,80;15,46,87,55,63;85,12,43,86;60,63,51,85,7;88,16,0,30,71,22,33,66;68,33,53,62
42,3,35;88,21,31;43,53,42;78,38;56
55,11,27,64,71;58,84,76,16,68,54,77;39,88;49;16,68,30,52;85,25;68,41,89,86,75;20,26,43,6;3,10;71,60,21,73,43,4,24,6;56,24,69,53,86,45,37,40;84,68,6,14,45,85,38,26;48,1;0;11;21,0,72,5,11;48,75;89;78
