8;9,7;0,13;22,6;0,26,3,28,6,21,29;12;26,21,23;21;29,24,4,11;10,13,27,17;10,7,9,23,19,20;29;13,0,24,19,10,14,28,27;17;1,14,17,13;11,28,0,16,26;10,19,18,3,16,26;11,22;10,12,1;23;0,8,27,22,24,5;5,22,9,28,7,14;20,3,28;17,5,25,1;9,8,21,13,7;29,10,2,8,9,18,7,21;15,22;8,27,1,19;5,29,21,18,15,22;14;5;26,16,9,14,22,29;18,5,7,27,4,23;19,15,3,1;25,23,12,29,20;9;2,13,0,8,29,20;1,23,26,13,12,18
10,0,21,18,28,19,3;4,26;12,9,23,5,25,16,28,24;18,24,2,3;19,25,4,22,12,18,3;3,10,5,29;20;6,3,29,27,4,16,18,20;8,12,4,11,19,26,0;2,14,5;7,29,11,20;26,17,14;22,5,20,17,23,0;13,29,6,7,15,3,10,18
15,1,17,14,16
27;24,27,10,22,9,4,2,25;20
26,29,13,18;2,9,7,22,20,17;11;19,14,22,10,27,8,7,3;11,20,24;22,21,13,20;5,10,4;15,3;6;4,22,0,27,8;11,22,16,13,27,24,0,5;10,14,11,4,27;17,0,25,11,28,9;20,1,18,9,5,3,21;12,26,22,15;23,13,21,6,17;3,5,6,9,10,20,26;27;29,19,18,6,4;10,12;0,27,28;21,9,28,10,12,23,25,6;17;19,2,28,16,7,23;5,22;19,27,29,0;15,22,18;9,1,15,22,23,17,2;28,11,14,8,9,26;26,28;18;10,9,22,21,24,20,8,7;10,24,3,4,22,20,6,27;10,4,23,11,17,20,15;11,28,24,6,0;6,11,0;11;19,0;16,24,21,17,15,28,14,29;10,7,14;16;26,5;26,21,14,13,18;26,23,2,17,19,16,10,5;24,1,20;7,20,22,21,24,16
17,26,16,14,12,5,18,23;8,13,21,23;5,3;18,23;27,9,5,0,26,29,15;26,28,22,11,8;8,2,3;12,1,18,15,5;13,7;17,5,26;9,19,18,23;16,13,3;12,6,22,2,7;11,1,22,25,3,20;4;13,2,17,29,18;24;15,10,18,1,8;2,18,10,5,28,17,14;19,6,25,21;19,17,21,14,13,5;3;23;14,29,26,12,25;2;15,18,14;0,26,17,4,15;22,17,15,6,2;2,27,6;22,4;4,16;5;7,23,8,12,3,27,13;29,17;20,3,5,0;5,18;19;4;19,23,12,18,25,0,20;13,23;22,21,5,19,24,14;14,2,11,16;0,29,13;2,0;23,29,27,0,19,5;2,28,15,17,7,13;23,22,5,7,17,18,15;20;29,21,27,19
13,15,27;25,0,26,3,8,6,22;10,29,0,27;10,0;22;14;5,12,22;15,19,18,17,24,4;15,10,22,13,3,12,23,18
3,1;4,24;11;17,14,9,15,6;12,17,22,24,10,16;9;24,7,14,26,5;0,27,29,20,6,19,23;5,11;8,6,4,17,23,15,20;22,27,8;1,26,8,21,27,11,4,2;0,6,10,2,27,25;10,1,26,23,6,11,24,14;11,21,26,2,10,29,12;23;24,23,28,0,14,29,4;13,1,25,9;21,25,19;1,23;23,2,16,9,10;1,21,14,20;12;28,11,4,0,20,22,18,1;4,15,21,6,11,1;6;20,3,0,8,9,4,12,19;7;17,6,8,10,0;18,13,29,10,23;27,26;20,29,1;2,0,17,9,20;18,28,27,10,19,0,25,5;2,12,14,3,24
3,25,27,13,17;23,0,28,24;22,24,16,4,6,1,15,20;1,5,10;1,8,29,6,15,3,2;13,29;3,7,10;26,3;10,22,24;10,13,22;22,16,0,15,9;5,24;3;2,15
26,3,18,25,22;6,15,11,25;23,5,9,4,1,20;21,22,27;15,4,25,18,9,29;11,19,16,28,25,29;27,14,7,16,21,8,28;15,2;29,27,10,14;28,11,7,29,23,5,14;13,4,29;17,0;7,25,6;15,6;19;28,13,5,12,11,22,24,6;22,20,3,18,10;1,17,24,0,29;4,11,26,17,19,7,2,29;15,27,10,9,16,25;26,14,16,2,10;10,14;1;7,10,2,18,16,13,9,20;20;29,12,18,23,21,2;5,15,10,23,19;12,24,19;20,0,19,10,24,9,22;26,17;2,19,27,14;13,9,14,11,10,15,12;22,0,25,12,4,5,23;0,23,2,9;29,27,21,7,18,11;23,27,25,21;22,17,29,20,10;29;25,0,8,17,23,27,11;22,3,9;8,9,26;29,10;3,4,0,6,22;25,24,1;12;1,4,29;5,25,22,2,14,21,3,8
27,1,12,11;27,5,20,4;2;10,29,3,7,0;4,18,17,19,25,5,29,16
18;3,8,23,7,28;5,25,17,15,27,26;15,1,26;1,4;2,29,19;23,4;26,10,2,23,19,6,24,5
3;14,22,13,25,23,1;4,25;11,8,15,5;27,17,13,9;18,7,9,17,15,5,20;23,27,0,14,22,5;26,25,28,27,5,1,12;3,9,26,8,5,23,11,1;0,4,20;23,19;12,17;21,16,24;8,4,13,26,3,7,21,15;10,25,1,24,3,18,20;21,6,5,0,27,20,14,9;27,24,2,28,12,29,4;9;1,18,10,7,0,4,28,11;24,8,6,28;25,12,3;8
8,6,7,4,20,9,14;5,7,4;12,22,19,29;5,18,7,22,17,14,26;2,5,0,25;4,8,20,6;27,0;19;1,4,23,8,24,7,10;27,18,24,21,12,0,13,23;12,18,26;10,14,5;27,10,0;23,28,15,27,20,14;11,10,1;10,11,14
25,13,23,26;9,2,18,16,26,10,4,24;16;24,27;20,29,16,24,0,15,6
18,24,2,11,5,23,9,29;21,20,27,23,6,15,16;4,10,28,12,16,29,8;10,27,13;4,12,13,17,21;11,14,12,5;25,22;14,26,11,12,8,1;21,3,0,24,28,2;24;7,19,6;15,17,0,6,2,7,4,20;17,7,18,9,10,24;18,12,17,8;6,24,17,15;11,14,8,27,19;29;7,28,21,2,20,12,23,16;2,20;15,12,27,11,4,2,1;14,27,18;11,3,1,17,23,5;9,26,4,27,16;28,20,29,23,6,27,26,8;0,15,28,1,26,5;29,7,21,2;29,12,3,21,2,5,8;10,16,26,5;9,4,20,14;20,1,26,25,17,24,19
16,24;13,6,11,10,15,5,25;6,26;13,22,5;16,25,4;12,24,5,18,9,20,26;18,2;21,5,16,28,8,19;26,12,18,23,29,13,5;5,3,9,27,29;11,4,26,10,29,15,0,12;0,4,13,28,6;20,27,22,28,11;6,25,19,28,26,24,11;16,1,4,28,3,21,11;21;25,19,29,20,11;1,7,20,12,5,3,16;24,9;28,0,3,9,12,4,23,18;25,23;1,13,3,11;25,10,19,6,21,15,28,12;19,26;15,0,6,22,23,18,9;4,9,17,25;19,10,27,26,4,5,3,7;14,1;28,8,25,22,9,19;13,6,12;13,28,18,26,14,27,11,1;19;26,24,22,20,7,21;1,14,11,26;24,4,23,16,5;19;29,21,1,2,10,22,26,19;29,20,24;17;7,12;24;21,1,15;7,16,27,23,4;29,12,0,20,6;22,3,24,4,21,9,12,19;16,23,26,6,1,19,2,3
15,4,2,0;22,4,23,28,2,13,29;26,14,11,0,16,19;24,1,13,25,5;19,8,20,3,22,17,18;13,5,8,15,1,17,28;21;8;22,14,3,23;16,27,17;19;6,15,26,23;8,14
7;14;16,17,12,19,21,5
1,7,10;5,29;29,15,13,7,17,14,25,8;16,29,22;10,23,0,2,4,9,15,24;4,1,22,19,12,5,10,9;19,12,25,8,24,27,11;0,10,28,6,9
24,16,2,5,10,9,11;25,12,20,6;14,2;29,8;5,7,21,9,3;13,26,27,17,4,2;9,15,10,5,0;25,16,17,21,23,9,27;24,10,5,13,20;19,29,27,14,24,0;24,3,21,12,23,22,2,7;21,19,25,9,3,23,16,14;29,19,14,24,20,18,1,22;16,7,21;27,11;14;21,10;4,27;19,24,25,20,18,22;16,12,3,18,13,4,8,20;19,18,24,27,20,26,25,4;28,23,11;26;14,7,21,1,29,25,16,6;12;24,6,14,4,9,19,7,25;16,22,20,1,21;17;3,7,28,12;25,1,13,24,23,26,17;1,24,0,10,26;0,2,17,20;16,11,19,4,24,22,23,13;23,6,3,14,10,19;16,18,3,15,26,29;11,24,19;14,26,15;0,14,12;10,15;11,2,26,8,7,3,1,19;22,13,20;13,29,22,14,20,11,4;24,23;6,15,8,29,27,11;19,29,25;13;19,28,3,18;6,8,9,14;29,4,10,25,15,8,6;14,24,8;24;3,5;1,3,5,25,27,16;4,3;1;6,11,27,0,9,12,17,5;28,13,21,10
29,12;26,24,29,25,6,22;20,13,23,15,4;6;17,27;17,25,15,8,19,23,6;22,7,19,0,28,29,25,2;10,3,11;20,25,18,21,1,17,7;19;21,4,14,5,1;16,14,9,18;11,5,1,23,16,18,7;29;23,9,29,10,27,8,21,6;3,17,20,19,12,15,21;27,20;29,11,17,25,28,5;6,7,11,3,16,24,13;26,6,29,19,1,22,28;28,5,8;15,8,0,20,28,17,11,5;6,1,14,5,22,4,8;25,3,19,10,5,26;22,23;19,27;18,4,0,14,27;15,9,4,14,0,23;14,11,17,25,23,3,18,2;26,13;29,11,7;9,6,18,1;29,28,25,3,6,27;9,11,3;1,26,18,27;22,29,14,21,28,12,5;24,28,3,23,29,5,2,13;16,6;3,9;2;8,26;11,29,20,24,3;5,3,23,28,9,11,10;5,17,4,20,6,29,22;0,21,3,8,7;2,18,23,26,15;4,0,26,23,15;23;2,1,10,19,12,21,24,23;23,14;13,19,12;12,28,10,22;26,2,11,14;24;23,19,4,6,9;13,9,24;18,19,26,20,7,0
15,5,26,19,12,24;16,24,19,21,26,13;14,11,24,2,1,15,20;21,14,24,28;19,18,26,2,10,15;29,13;26,12,11,19,24,14,25;28,10,27,21,19,29,26;7,27,22,28,13,2,11;9,10,5,4,11,18,17,2;5,7,20,17,14;13,0,12;0,13;21,26,19,12,8,17,13;15,29;17,23;7,14,15,2,19,10;26,20,23,6,4;13,8,16,23,17,11;16,18,7,13,9;3,2,7,29;15;15,22,2,7;9,17;7,10;6,16;19;4,6,21,17,20,14,24;13,9,24;13,24,9,29,8,15;0,19;16,1,23,2,28;9;8,1,19,6,18,23,2,21;22,26
14,15,10,17
12,18;7,13,14,11,18;12;26,28;8,2,22,28;3,18,21,22,11,5,2,26;15,12,16,9,26,10;3,18;14,6,8,28,15,23,7,11;27,19,25,10,23,9;20,13,2;22,28;24,4,28,3,11;26,14,12,5;20,4,28,27,23;18;27,4,22,8,25;1,13,23,10;16,19,23,24,29,26,18,2;4,12,20;23,0,9,20,24,12,26,16;11,14,19,7,1,8,18;8,22,23,25,9,0,1;25,2,18,4,3,12;14,0,21,12,13,28,4,1;8,18,13,9;14,17,16,13,22,10,25,19;14,27,24,29,18;13,25,21;3,7,20
23;22,20,21,23,0,27,25;27,3,8,4,26;12,16;4;3,23,10,1,11,12,6,24;28;29,9;2,20,8;17;22,17,8,18,19;22,10,0,7,5,15,13,11;1,24,29,0,21,14,17;26,2,25,6,17,14,23;22,1;19,25,12,24,7,6,18;4,23,21,11;29,23,5,18,25;18,2,15;19,21,24,23,29,28,3;14;14,10,28,13,8,23,0;9,6,8;11,6,26,10;21,20,22,14,8,7,4;3,8,11;17,10,23,29,22,9;15,18,17;7,15,4,25,23,0,1;13;0,1,13,7;23;0,23,6;9,27,24;27,2,19;2,3,16,24;27,11,18,16,25,22,20,26;3,11,16;13,10,28,17;5,13,21,1,28,27,3,24;0,6,3,2,7,13,22,10;13,11,17,12,2;4,27,6,16,9,12;24,9,19,7,12,17;22,7,24;2,20,23
18,20,22,28,23,7,5,9;23,14,26,9,6,3;4,18,29,17,15,27;12,5,23;15,23;26,28,22,17,21,0,11;2,0,3;6,26,14,21,18,20,1;28,14,17,8,29,5,25;1,4,26;12;12,20,27,17,23,9;21,22,24;4,27,16,0,15,26,21;5;29,17;1,28;7,12,27,22,19,28,18;5,15,11;19,24,1;27,5,14,19,29,24,20,11;4,1;2,11,13,15,3,1,12;27,5;9,12,14,16,19,26,1,25;22,12;3,6,12;22,7,23,16,3,1,11
19;7,19,4;17,24;4,19,5,15,14,0,28
13,17,5;25,22,10,14,28;1,4,26,8;16,22,25;21,24,28,6,15,12,16;20,1;29,25,22,28,3,11,13,17;12,29,18
10,25,12,9,21,8,1;6,14
25,2,16,23,29;13,19;17,1,15,6,12;29,20,23,1,19,17;6,20,26,4,12;11,3,23,24,8,21,12,22;28,22,29;23,2,20,27,9,5;17,11,25,26,7,6;20,6,0,26,25,1,19,3;22,12,8,15;5,14,22,12,21,15,27,29;14,15,8,10,5,21;8,13,24,6;19,3;18,14,2,13,25;0,28,10;3,24,9,16;27,11,19,18;7,10,8,26,25,2,19,17;24,29,28,15,16;21,22,3,5,14;21,29,0,28,25,10,1,18;2,9,16,8,22,24;25;25,6,4,5,1,23,17;15,24,19,1,28,22,6;17,9,6,22,11;29,3,21,23;17,10,27,1,4,8,19,13;26;16;8,15,7,13,1;18,9,16,20,29,13,17,10
13,2,5;12,20,8,23,18,5,24,0;12,27,21,14,24;4,22,26,13,12,23,1;24,20;13,29,23,15,19,9,17;7,12,15,20,19,1,14;25,1;11,19;20,19,5,11,9,2;29,3,8,5,16,21,24,22;18;21,22,18;0,1;8,7,21,4,29,5,13,10;19,26,11,20;3,22,16,12;20,24,18,26;19,11,26;0,4,10,28,7,9,2;14,10,1,27,29;5,21,12;18,9,8,25,11,12;12;12,13,18,25,9,28;19,27,3,5;13,5,12,0,24,23;2,24,10,18,22,28
5,29,23,11,24,22,27,12;16,14,26,8,19;27,13;0,1,14;18;2;11,16,23,27;29,28;5,22,11,8,1;20,21,29,15,8,10,28,0;18,3,4,21;0,26,24,8,14,1,27;19,4,10,24;22,26,10,19,21,20;17,29,20;11,12,21,27,2,23,16,29;3,7,2,24,9,13,1,6;27,23;20;0;9,17,6,27,25,10,14;0,20,14,23,6,2,4,12;21,18;11,4,13;18;10,23,25,0,14,6,26;10;29,18,26;0,16,15,9;27,3;1,7,17,10,24;23,0,17,25;3,17,4,12,15;11,25,17,24;16;3,6,13,24,8,18,21,4;9,18,15,16,2,22,5;7,16,10;29,9,23,2,8;14,19,17,13,28
28,22,17,18;3,17,0,8,27;19,13,8,27,3,22;13,8,23,16;23,5,29,14,20,4,17;14,11,8,3,21,12;27;1,23,17,13,19,27,15;11,15,12;27,0,25,12,23;14,4,24,25;27,23,8,3,16,19,18;0,13,10,17;27,4,0;3,9,8,18,7,25,24;12,3,16,4,0,21,7;6,28,1,5,9,14;29,23,18,24,20;21,6,9;1,15,25,2,11,16,5,20;14,16,15,2,9,13,23,4;1,0,23;21,23,6,3;3,11,13,2,28,17;25;9,2,5,17,26,16;25,13,15;9;13,5,19,3,4,27,23,14
20,21;13;3,10,27,1,22;27;8,18,12,1,0,10,7;1,16,9,3;18,19,22;0,11,19;12,27,6;28,3;22,7,2,25,21,28;1,29,15;9,11,13,17,29;0,4,25,2;1,8,25,29,12,5;28,24,22,23,11,17;0,26,9;5,26,14,22,1,25;11,9,23,2,17,19,20;25,1,5,12;22,3,4;27,11,28,0,3,23,14;21;11,23,17,24;17,7,2,12,1,16,25;6,14,0,26,1;18,28,16,1,13,22,26,20;8,18,27,20,3,1;0,25;27,4,28,20;12,17,10,14;23,19,26,28,13,14,6,8;24,26,23,15;18,17,24,7,14,23;16,2,20,19,23,25;5,26,2;20,29,17,24,14;21,5,16,22,8,2;24,20,27,25,14,22,21,11;15,4,27,10,25,7,22,6;17,10;13,5,21,14,29,8;14;10;22,10,23,0,9
22;19,11,13;18,28,26,25;22;2,16,9,29,25;22,4,28,19,20,13,27,0;25,19;29,27,4,21,19,11;29,4,15,17,23,24;19,20,6,28;9,6;22,20;11,22,21,12,20,4,27;25,21,18,12,8,27;14;13,20,21,7,1;24,25,0,9,1;10,22,16,28,7,0,1;11,29,21;1,10,18,12;0,16;16,3,15,18;28,12,2,18,7,11;25,16,1,2;8;25,4
25,6,10,5;26;12;3;17,22,0,15,20,21,25;22,4,9;11,9,4,22,7,10,19;29,10,23,19;25,0,10;28,3,9,27,21;5,11,0,18;19;14,8,26,27,20,16;24,23,18,20,2,12,28;22,21,10;13,7,2,14,20;1;8,29,7,17,10,12,22,27;14,25,5;23;28,26;0;7,11;3,13,11,27,17,25,6,2;3,23,8
24,17,28,15,8,5,1,21;13,5,6,15;22,5,18,7;21;9,0,28,24,22;26,4,18,25;16,23,9,21,6,12,27,10;9,20;14,10,25;26,2,1,13,0,10,24,19;29;16,23,20,12,19,17,15;13,29
15;11;4,7,19,1,25;27,18,1;0,7,13;2,26,21,5,4,8;28,29,2,23,25,5,18,4;4,26;5;20;24;7,3,27;5,22,16,8,28,4,14;18,28,19,15,2,0;22,17,16,9,26;21,17,15,7,10,11;16,23,27,28,2,15;5,22,26,9;6;18,26,1,29,17,9,24;13,10,19,2,11;22,28,5,18;17,21,11;6,16,13;26,4,15,9;0,1,28,12,7,8;11,18,29;7,19;18,9,12,11,22,28,3;24,11,27,18,19,8,22,5;17,23,29,25,15,19;17,10,9,26,4;23;19,2,9,6,21,27;4,21;18,11,16,2,13,23;17,28,1,18;0,1,8,22,27,11,7,23;23,15,6,13,24,28,21,19;13,16,1,14,24;10,21;2,26,28,9;9,27,24,14,22,0;12;10,8,9;27,8,10,23,20,15
2,29,11,24,5,27,20;25,10,24,11,29,2,18;23,10,9,8,16;24;22,0,15,3;20,14,23,4,15,10,5,17;28,21;15,28;1,13,10,15,3,28;10,0,8,28,20;15,18,10,13,29,3,7,16;14,17,2;18,4,17,3,14,28,23;23,24,8,16,9,3,29,20;15,11,22,5,28;27,9,23,20,19,1,28,18;7;26,5;0,7,10,12,2,21;7,19,1,29,17,28;10,29;16,15;4;28;22,19,2,12,6,4;23;25,4;21,28,2,19,12,23,14,18;1,24,2,13,7,27,3;6,7,5,18,1;8,18,7,26;18;12,14,29,16,26;0;10,12;19,0;17,6,25;0,17,28;27;10,2,3;3,9,28,12;21,15,24,14,28,12;28,3,24,9,10,6,12;23,4,22,14,12;8;16,15,21,8,24,10,0,28;8,18,11,13,0,7
2,18,6,15,12;0,6,25,21,8,17,28;24,19,18,5,12;3,13,27,22;14,17,8,21,10,28,9,23;27,17,5,28,0,6,18;10,15;18,14,26,11,13,2;4,19,16,28,0,1,29;13,25,8,18,2;24,13,5,9,12,28,27,8;9,12,13,20,3,27;24,9,21,16,2,6,13;21,8,4,1;10,22,26,19,18,21;5,9;18,1,3,21;22,20,14,4,18,23;28,11,9,4,8;26,28,11,16,17,25;4,5,12,22;4,10,14,27,0,9,15;7;6;8,5,23,22;19,26,13,3,20;16,28,15,27;23,15,0,3,5,28;29,6,18,16;13,9,11,25,5,3,4;16,29,4,17,19;12,11,17,29;7;2,13
7,0,22,17,10,8,23;17,1,18,14,22;6;25,7,1;20,9,7,21,5,12,6;10,20,5,1;21,16,24,0,10,25,19,20;14,8,4,11,23,13,15;0,7,25,12,21,2,27,14;1,12,27,29;21,25,3,7,17,20,28
5,14;3;24,7,21,5,12,2,11;28,29,4;11,29,14,17,5,21;13,11,2,16,6,10,1,28;11,25,3,29,21,19;0,2,11,16,20,7,28,19;22,27,8,16,24,5,3,14;6,0,12,9,26,24;8,7,20,25,27,12;2,1;25,8,21,7,18,19,2;23,1,29,25,4,3,8,11;17,5,11,22,24;3;9,12,4,13,24,18;16,11,18,19,2,25;23,15,16,17;19,15,14,24,20;20,16;17,14,10,27,26,4,28,29;0,19,29;17,22,18,1,27,4,25,2;12,3,7,18,22,8,5;8,0,10;18,8,16,15,9;24,5,10,28,23;26,14,13,11;11,1,10,20,18,14,24,2;22,27;24,13,21,18,9;17;3,15,12,26;11,14,21,5,15;22,11,25,18;1,7,24,19,23,14,29;0;29,28,26,6,14,25;29,4,23;2,25;8,21;5;22,0,24;11,2,23,21;25,4,0,7,11,12,26;14,22,16,20,27;22,23,11,10,9,4,20,3;10,28,11,13,5,22,2;24;20,0,5,24,1,22,4;0,20,13;11;4;10,2,0,7,11;14,19,23,10,28,7,20;19,20,3,13,26,21
18,28,19,5;7,27,14;27,12,21,5,22;2,9,4,5,16,0;9,29,0;18,17,29;10,3,18,9,16,12;26,27,6,7,18,21;10;2;7,23;12,17,29,19,16;19,9,12,17,22;9,20,0,16,11,24,18,8;22,20,2,6,13,17,9,1;22,5;24,20,26,25,21,3,2;24,1;17,24,18,16,6,28,15,11;14,13,9,2,22;16,20,17,10,28,4,9,19;19,7,24,1,6;27,22,18,14;7,21,17,0,1;9,3,27,20,12;9,29,1,16,5;20,16,24,17,23,2,13;29,26,23,8,28,0;0,7,12,16,20,1,29,28;9,21,7,18,22,0,5,28;15,0,6;14,24,8;7,20;6,25,8,1,12,17;9,15,29,7,1,22,18;18,7,25,28,12,0,22;5,26;15,12,3,7,2;13,0,1,14,21,15,9;0,4,29,5,26,18;6,11,0,25,12,2,1;10,6,7,27,5,4,25;9,22,6,16,5,20;8,9,2;16,29;18,9,25,19;0,5,26,11,4,7;9,24,22,4,13,14,28;25;6,14,28,3,15,20,18,19;3,17,1,11,28,19,25,2;4,14,15,23;28,1,22
3,0;4;9;9;7,2,28;15,6;1,7,12;6,15,27;13,0,23,8,15,14;10,0,27,16,5,12,8,21;4,10,7,21;15,27;0;17,3;11,24,12,9,13,25,1,3;12,11,2,0,27,6;20,1,25,18,11,17;0,27,5,12,6;19,17,5,7,24,12,28;14,2,26,17,28,8,18;20;10;24,13,0,23,8,7,3;19,24,29,6,9,22,13,18;12,23,25,17;1,0;14
21,0,9;25,10,11;1,19;10,7,15;27,16,28,23,25,22,4,21;20,16,24;0,14,6;26,17,0,8,14,25,5,15;21,17,15,14;2,22,5,13,6;7,19,13,28,24,14,8;28,0,25,5,7;14,19,21,16,2;28,7,24,4,10,18,19,9;23,4,15,10,18,9,14,26;25,18,28,4,16,27,20;22,7,19,18,17,15,26,5;20,6;5,15,16,23;14,24,13,6,19,28;18,10,24,19,12,22,8;26;25,9,11,10,13,15;20,19;2,28,18,20,13;16,6,9;13,18,11,10,20,9,5,15;24,2,14,8,0,20,10,4;6,1,10,29,27,13,26;3,10,19,24,18,27,21,6;10,12,15,29,17,26
10,18,19,27;24,21,9,1,22;14;29;19;1,26,14,23,29,24,5
2,23,7,28,5,29,18,11;1,26,10;9;5;13,6,24,29,23,26,5;0,23,29,27,5,26,17,18;12,25,18,19,14,21,24,22;25,19;8,27,0,9,12,25,16,19;19;0,13,24,6,12;12;18,5,13;24,21,6;11,23,16,3,19;1,18,14,10;12,7,21,24,26,3,16,25;10,4,27,25,13,6,18;3,19;16,18;4;2,12,20,23,21;0;20,2,22,6,23,13,15;7,24,13,20,9,6,12,1;16,27,21,10,24,6;2,8,29,7,4,24,20;22,9,0,26,5,13,3;27,7,3,25,19;25;28,18,2,11;12,1,8;22,24,16,9;15,23,6,25;12,9,3,6,10,13;9,26,5,15,2,28,8,17;1
19,6,24;26,3;0,14,17,9,22,28,1;4,22,19,16,13,28,21;17;5,10,11,22,24,13,14,20;18,19,20,3,13,11,12,2;24,7,21,10,1;3,22,10,19,21,29;6,16,11,5;4,24,17,18,13,22,25;19,3;3,13,0,14;8,26,12,9;26,18,29;26,21,3,22,8,15,29,24;2,27,5,1,15;11,24;14,5,24;25,18,12,11,24,23,16;13,16,2,27;8,0,2,28,19,6,3,12;13,8,27;27,19,28,11,4;13,18;28,23,2,21,10;27,1,17,14;1,25,24,5,10;10,23,6;18
7;24,17,15,11;0;3,0,11,29,26,8,2,25;26,16,3,29,28,20,19;24,22;26,5,21,6,3,17,13,28;9,29,5,16,3,14,17,12;24,29,0;18;4,22,20,14,11,6,27,18;0;8,6,23;12,16,13,22,9,26,28;1,18;18,7,8,10
