26,10;14,13,23,26;6,21;27,12,23,3;25,18;19,28,11,29,24,22
22,12,23,2,25,15;22,27,4;24,3,21,8
14,22,12,21,5,18;12,21,3,24,26,19;20,8,3,9;27,20;1,8;13;5,2,25,23,7;20,22,8;24;10,28,23;16,0,21,28;15,29,8,5,25;15,4,13;24,10,16,17;6,17,10,12
4,23,21,2,5,1;23,25,20,27;14,28
22,4,24,21,11,6;10,8;25,16,26;5,27,15,23,3;29,13,11,26,6,7;23,25;15,25;22,12,21;18,28;12,3,10,6,16
6,28,15;23,8,1;22,1,0,12,29;1,6;6,4,25,9,0;20,17,6,16,10;16,23,6;4,18,27;17,1,23,8;10;14,7,26,29,16;10,11,23,5,16,25;9,15;5,22,25,2,21,10;4;5
20,29,1,14;18,1,12;17,28;17,22,12,25;3,24,28,8,1;23;27,17,25,21,16,15;16,4,20,27;4,3,14;23,29,4,7;23;16,3,9;26,9,5,23,16,22;9,15,12,16;13;29,17,16,7;3,6;13,15,11
5;15,0,1,11,21,24;13,16,3,28,29,17;4,22
11,17,8;9,1;11,8,9,6,17,26;22,23,9;9,24,11,22,28,7;18,0;26,23,13,11,7,29;5,29,0;3,15,10;17,11;18,4,11,22,15;16,3,5,22,1;12,20;2,19,8,24,12,10;9;25,24;25,4,21;0,2,24,26,1;6,13,29,15
12,0;28,21,10,19,27;23,25,6,17,14;20,10;21,17;24,20,21,7;9,19,11;13;9;7,8,26;16,17,5,28;28,7,21,26;29
26,17,28;3;19,5,23,16,25,21;26,11;28,7,0,6,15,21;28,7,17;19,7,11,3,23,6;13,26,7,9,24;16,7,14,22,6
14,3;9,26,28,17,27,3;1,2,23;6,25,19,5,21,16;7,20,4,8;15,6,0,18,4;7,0
1,12,0;6,27,12,15,22,25;22,16,27;25,5,16,6,24,20
5,1,25,14,2;9,2,19,26,10;10,3,17,25,19;16,26,2;15,21;8,19,4,28,14;20,3,7;11,2,16,17,20;5;18,21,5,13,26;29;11,5,2,16,6,10;17,4,26,22;6;8,24,17,6
20
9,25,5,26,2;7,20,12,9,19,26;24,7,17,12,27,3;12,10,16,17,9,6;28,19,3;11,29,21;3,22,13,14,29,15
9,4,12,13;25,9,0;19;28;14,24,12,28,29,10;7,21,22,14,18;6,20,22,19,28,0;25,9,21,26;17,27,23,21,15;14,5;10,0,14;29,21;12;6,3,26;21;11,9;1,10,8;18,1,29,26;14,3,11,19,13,16
1,0;28;9;3,20
2,19,0,29,1,11;5,2,19;19,5,2,10,3;1,3,9,17;15,2,29,23;7,27
14,17,23,15,8,13;1,14,26,9,8;29,10,25;11,15,23,25,27,3;5;15,2,5,7,22,3;16,17,5,4;21,23,13,1,28;17,28;5;27,28,14
13,15,4,20,21;6;5,20;23,1;29,22,5,16;0,24,1;26,9,13;7,27,15,21,6;29,12,8;15,4,8,5;6;21,5,28,17;13,10,16
10,17,14,28,3;17,22,18,0,21,3;26,3;6,7,16,1;3,0,18,17,26,9;14,29,25,15,24
4,21,14,18,7;22,16,8,21,10,11;13;17,3,10,6,19;24,13,6,26,8,14;1,5,19,16,9;3,8,20,7,13;3,23,6,0;17;0,13,17,11,18;3,2,13,15;8,19;21,1,0,2,26,3
10,19;10,20,23;2,25,1;6,28;10,13,19,5,16,3;0,7,6,15,29;3,12,2,20,9,18;10,26;19,4,28,24,16,25;21,24,18,7,26,22;1,4,10,19,2;5,19,21,4,18,27;3,9,11,29,24,10;0,2,12,14,26;24,17
29,16;27;6,29,21,1,15;20,23,18,21;25,14,28,7;10;28,12,9,16,0,4;25,17,13,2,16,27;4,22,20,25,26,19;22;22,9,3,0,8;6,28,23,9;15,0,9;3,10,16,1;5;1,23;24,22,20
6,3,8,20,23,7;21,29;19,27;5,12,9;25,17;3,19;24,12,25;0,10;7,15,12
19,24,18,22,0;6,18,20;14,27,21,8,22
21;18,5,19,10;16,22,9,15,1;16,6;13;27;15,0,29,11,18,1;10,24,20,13,18,12;27,23,19,11,20;16,13,20
22,6,20,12,19,3;9,19;7,27,20;22;10,13,12,27,6,20;7,19,26;10;25,27,12;21,15,13,1;13,17,24,27,2;29,6,25,22,20;16,27,4,14,8;20,26,11,17;8;24,13,15;13,12;10,6,24;4,6,25,13,21;13
12,23,15,8,11;28,26,20,22,7;1;28;19,18,6,10;13,14;25,13;8,15,0;8,24,15,29,10,20;10,13,15,9;12,14,5,8,25,15;3,6,1,23,24;10,9,8,25
25,21,7,23;25,12,22,4,0;6;25;20,12,0;6,22,14,4;5;16,26;22,17,25,16;23,1;0,20,4;16,19,5;29,20,28,4,1,22;5,27,4,26,28,25
8,17,6,13,29;20,26,1,15,8;6,9,7,15,3,4;5,28;21;15,29,25;12,6,7;16,14,27
14,5;10;0,4,8,6,22;20,28,16,24,9;2;10,18;23,4,2,29,6;25,28;29,22
29,20,17,22,4,1;15,11,21,27;29,18,7,24,20
29,27,0,17,2,7;1,28,26,27,22;3,12,1;21;11,14,22,4;16,28,0,4;13,1,21,23,24;26,4,23,29,28;6,27,9
10,28,8,6,18,0;26,0,18,9,4,2;11,25,0;8;9,8,28,4,6,2;4
26,2,9;0,2,6;8,21,3,29,7;18,9,20;11,29,17,2,14,25;3,17,14,4,25,29;0,24;19;0,15,7,3,4;6,5,16,7
4,3,6;13,8,23,0,10;11,16,26,10,1;28,3,14,21,27,24;1,3;25,14,4;8,13,15,18,7,6;20,21,27,19,8,25;0,20,2,1;25,4,14;25,12;15,10,25,11,24,4;6,19,22,16;26;7,29,0,20;18;10,11,22;25,10,12,1,2;27;19,6,14
27,15,7,21,4,29
29,7,0,1,24,9;11,7,16,3;0,16,9,18,28;27;10,20,14,25,29,16;18,2,9;5;5,26
8,13,15,29;3,13,26,22,29,24;4,25;5,3,1;29,4,3;20,26,11,8,0,3;7;28,16,29,7,0;25,6,28,2,8;26,20,6;20,27;2,20,18,4;14,16,9,27,0,7;0,7;19,17;19,17;2;14,2,7;9,28;29
13,5;2,11
3,18;1,14,15,18;13;4,23,5,26,17;8,28,9,26,18,4;3,4,29;16,6,7,17,0
28,9,19,8,0,22;2,13,14,18,17,1;7,22;13,20,6,28;9,21,5,4,11,7;1,23,22,0,8;19,11;2,19,27;29,8,3;19,21,2,12,26;7,29,17,13,9;24,16,23,7;28,29,5;8
21,6;7,6,26,24,9;11,5,9,23;27,12,16,20,24,18;18,12,23,10,1;27;20;20,17,29,0,5;21,27,10,1,18;20;15,29,8,6,11,20;18,21,2;9,14,25,21,1;4,28,17,10;15,19,26,27,11,18;3,8,26;19,10,6;4,21,6,20
11,9,3,26,18,27;7,23,25,12,22,29;14,25,6,4,11,29;22,21,19,28;11,29,28,20,27;0,11;0,11,20,24;21,11,20;27,12;1,23;9,3;7,9;28,19,7,4,23,15
8,24;16,8,22,29;6,22,19,14
19,26;25;14,19,27,1;7,13,26,14;8,20,13;3,6,26;16,28,1;18,7,28,24,26;10,23,3,20,6,7;9;4;26,16;6,25,8,9;5,9,16,18,22,14;24,15,16,23,13;15;21,5;11,23,5,8;18,10,28,5,24,2
15,0;7,20;3;25,8,16,12,1;5,8,24,1,18,3;22,14,7,29,8
8,2,4,16,20;19,4;22,1,25,8;20,7;2;15,23,18,21,7;5,28,14,26;6,15,13,16,0,5;12;25,18,10,22;22,11,20,23,7,26;3,18,9;20,7,9,1,21,16;10,8
