20,17,26;17,25,0,6;23,10
10;13,9;25,29,0;14,9,18;25,27,17,28;22,9,4,23;15,20,7,9;23,8,12,5;7,21,0,22;10
14,20,26;17,8,25,20;0,12,27,9;6,23,4,5;2,3;10,16,4;8,15,24;11,8,13,19;13,22,8;29,16,26;23,25;19,21,12,28;15
27,26;6,16;10,27;11;4,27;18,12,28,10;10,21,2,26
15,23,11,19;18,23,14,2;12,8;2,17,9,20;16,14,5,11;28,22;14;19,20,4;27,11;6,20;19;23,5,3,16;23,25;1,23,11,17;23,15;10;5;27,18;19,3;12
21;11,9,6;1
7,20;25,8,4,18;18;16,15;10;27,6;16;1,21,27,5;14,3;0;1,11,18;24,2,1;8,18,1,17;13;8,3,22;14,5;16,10,28;24,27;16,8;24,8,1,0
5;20,24,0,7;22,18,24,8;2,10;24;17,29,22;12,27;7;12,14,23;5,3;16,0,11,3;6,14
3,17,24;12;15,5,13,29;20,23;3,24,9;4,3;6,29;28,22;9,25,26,17;7,19;27
17;12;1,5,23,24;5;1;12;13,28,15,9;24
27;24,20,13,16
20;26,28,3,24;4;23;24,26;3,5,14;15,20;12,2,18,19;18,0,25;14,26,2,21;28;8,7
3,20;9,6,1;17,19,2;29,10,4,0;28,21,25;12,11,16;11,16;0;15;24,20;19,6,10;13,25;26,20,22,8;1,7;7;13,26,18
2,6,12;23,5;19,10,0;21;9;15,1;12,7,11
23,27;8,27;17,11;5,14,0,7;10,21,19;17,28,27,6;18,26,6;27
0;25,15;12;22;12;17,13;28,7;9,28,2;28;15,16;20,23,0,24;28
28,8,11;26,3;21;14,29,6;8,27;2,28;4;16,23,29,22;4,19,2;18,10,22;6;17,22;2,11,28;16,6;8,26,18,22;12,27,24,0;23;18,2,19;9,13,7;10,4,14,29
12,6;4;13,11,14,12;9;13,18,23;22;12,24,6,20;20,25,8,17
27,18,11,29;3,1;7,14,3,22;10;20;26,5,4,9;9,8;16
10;24,13,23
12,24,11,14;11,7,18,3;3,0,28,19;16;13,10,14,20;2,28;9,7;15,29,3,10;0,13;2,27,11;16;17,6,7;3;2,24,18,4
29,2,18;1,9;21,0,18;11,18,26,25;14,26,5,9;24,28;5,7,14,1;26,2,15,21;22,11;26,15;22;26,18;0,3,27;24
9,8,0,28
21,1
20,25,12;20;11,15;11,18,7;27,0,24;26,6,22;28;25,17;20,14;29;13,12,15;20;22,4,13
12,20
26,25;21,9;8;3;20;2;23,6,8,2;29,20;18,2,12;9,2;16,24;2,14,17;19,16;20,26;29;16
24,12;22,23,28,29;14;12,7,13;5;23,29,15,27
25,7,5,4;2,20,11;27,8,19;25,27,29,0;28,22;1,24,22,21;24;0;22,29,14,3;4,22;10;23;23;2,27,14;13,9;5,20;28,7
0,17,20,6;6
21,5;27,24,23,7;3,10,4;10;18,11;21,4,14
1,21
12;24,26,10,23;10,24,18;15;11,13;20,5,12,26;16,21,28;3;8,22,27,9;17,7;0,3,12,27;28,11,10;10,11,1;21,9;26;27,13;2,27;6,17
26,24;21;25,21;27,29,4,9
10,1,3;11,4,26;8,29,4;12,17;28,20,12;20,6;6,11,22;5,7;25;4,20,18;5,15;18,4,17;26,20;21,22,25,14;23,28
0,26
26,0,7,24;17,23;27;4,0;27;24;8;13,14,1;19,12,28,11;0,4,2,13;12,6,24,13;28,26;8,0,20;18,6;23;22,7,17,5;18,11,25,2;12,15;8,9;20,16,28,22
15,0;23,12;5,2,0,13;23,14,18;16,8;21,4,29;22,17,24;21;16,29,28,26;26,21;18;17;26,4,27,19;6,1,9,27;14,25,1;12,24,5,6;9,19;26,2,22;14;21
2,8;3,5,14;3
21,27,12;16,5,12;12,10;1,16,4,3;8;27,10,12;4;10;3,12,13;19,7,12;16,1,2,0;18,8,13;20,24,1;4,3;1;14,20;23,7
9,25,14;12,6,3,11;9;1,25,18;21,5,19,14;23,5,21;12,13;28,21,4;23,5,10;1;2,27;2,9
4;14,20,5,8;9;4,15,12,23;28;0;15,28,26,21;24;26,8;1;0,16,3,17;24,23,7,6;14;28,23;18,10,16,4;18,12,13,15;17,1,23
9,11;16,1,9;27;11,15,7;17,1,12;21,19,25,8;10;28;24,28,23,2
10,17,4;28;29,14;18;16,3;5,3,14,24;0;21,16;16,28;20,24,13,16;7,18,16,14;16,24,18,4;6,11,25;6,24,19,1;10,4,12;21,19
4;5,1,0,24;15,22,24,16;2,19;5,24,7;22,14,8,5;24,7,16,6;27;13,23,25;12;28;4,6;8,27;17,15
26,13,24,21;14,19,16;26,7;10,22;22,12,23,1;0,12,10;21,18
22,12;17,7,15,18;21,25;27,6,15;25;20,10,11,3;27,2,15;14;16,12;2;8,4,2;24;22;8,24,1;8,5,3,11;28,19,5;14,10,1;10,28,2,22;26
13,22,20,4;10,7,20;13;1,17,10;8;21,23,7,4;2,26;26;12,20;23,15;28,20,26;22;0,11;19,0;8,6,16,29
3;10,20,28,19
20,0,2,13;22;1,17;15,17,26,9;23,17;4;23,4,7;21,1,8;21,22,23;16;9,1,25,20;1,7,8;0,10,11;10,2,20,13
