6,11,4,23,17,28,8,22;3,21,12,8;6,11,4,10,7,29;19;26
12;6,21,26,25,12;17,20,28,25,23,12,18,8;8,7,6,22,10,27,5,15;14;25,20,23,0,3,19;5,22,0,4,20;19,28,11,6,23,22,14,2;19,20,12,28;22,0,4;18,4,14,7,3;25;4;15;14,0,16;8,14,0,13,21;29,6,13,10,4,24,1,0;21;22,16,9;21,8,26,11,9,12;16,4;25,2,11,14,24,10;25,12,0,8,4,28,11,10;13,28,21,2,11;26;8;1,4,6,13,7,16;24,28,20,23,21;3,29,10,27,2,6,25,0;3,0,16,19;24,9,25;12,25,29,21,17,4,3;4,8,28,3,17,10,21,2;28;25;11,24,23;14,21,29,24;22,7,0,27,6;20,4,26,12,0;13,6,12,15,0,4,10,11;26,20;18;24,4,16,13,10;21,20,17,8;27,12,2,16;20,29,6;24,22,15,21,18,3,14,25;1,19,22
6,9,20,15,23,24;27,3;0,29,28,16,23,4,11,18;12,23,5,25,3,27,13;12,17,9,10,25;0;27,8,6,7,17,14,16,26;7,9,11,6,14,16;9;10,4,27,24;26,7,3,21,11,28,8,5;0,27;9,18,6,29,17;19,26,29,8,11,16,15,23;17,28,10,20,19;2,4,20,19,16,3;8,13,11,9,7,17,27;21;1,25,2,10,27,0,17,15;20,18,29,25,14,12,23;0,24,14,4,18,12,15,2;9,0,22,2,20,19,23;9;5,23,4,3,16,8;3,2;28,6,26,12,18,11;4,0;18,4,17,1,27,21,28,16;23,24,7,11,27;28,11;0,2,10,22;17;8,10,5,25;4,24,25;2;6,14,19,26,3,27,8;2,8,0,18
8,19;9,18,29,0,27;20,26,27,24,18,2,14,16;15;20,9,14;5,12,4,29;1,5,26,29;18,5,2,24,8,27;2,18,0,12;16,28,13,23,7,6;17,8,1;4,10,25,0,21;23,20;10,27,7,28;24,17,10,20,11;21;17,26,9,5,21,22;20,2,21;13,25,0,1,3,19,10,4;1,2,0,16,29,28;2,21,14;19,25;5,18,21,26,16,14,13;20,13,23;15,2,13,21,24;4,2,5,1,9;17,12,26;21,11,3,10;25,11;14,11,27,22,3,4,15;26,14,1,10,16;12,26,28,22,4,14,23;19,8,17,10,18,27;14,6,21;8,12,21,29,25;8,27;19;2,13,14;26,3,25,18;2,4,6,23,10;29,0,28,5,16,9;28;20,5,27,15,6,0;12,29,2,28,9,17,16,1;8,15,21,5;16,20,18,17,2,19,10;21,29,11,20,10,13,22,18;27,6,15,9,3,19,1;2,1,22,23,12;6,23,16;3;21,29,18;21,24,14;11,18,22,3,1,0,13;10,23,29,17,2,9;26,12,8,1,15,5,2;26,9;8,15,6,25;1,8,23,12,26;9,5,14,27,6,24
7,16,4,5,27,8,18,20;11,27;29,15,10,24,16;17,14,26,22,29,20,2;21,12;28,19,3,20;19,24,5,0,12,18,27;18;25,11,17,7,10,14,3,12;20,16;13,22,2,11,29;7,5,9,25,23,14,0,8;27,1,23,14,20,21;8;19,28,14,7,16,15;6,3,1,15,20;7,16,29,3,1,14,20,17
29,15,7;18,13,9,22,1,19,29,3;26,27;6,16,7,28,25,3;7,13,27,8;22;15,7,22;29,20,28,12,10,3;16,23,24,5,7;0,3;10,9,2,13,21,27,1;22,12,24,1,19,25;21,1,2;11,21,27,1,14,5;22,25,12,8,19;8;17,22,21;24,11;16,12,24,8,26,27,2
27,2,7,14,21;20,0,13,2,24,29,11;29;18;19,21,11,18,14,28;0,18,6,12,1;26,8,23;1,26,13;14,7,27,19,10;28,24,16,2,17,14;27,7,17;18,15,12,13,29,10,24;2,6,21,1;15,11,2,16,1;2,27,3,21,7,16;26,0,17,6,28,11,15;29,13,26,9,4,14,22,0;12,19,29,25,27,5;25,13,19,28,27,10;9,3,17,28;1,13,24,23;28,21,4,13,14,6;9;15,0,14,25,17,13;14,8,0,16,23,13,2,4;24,28,12,6;22,26,27;6,17,9,25,0,18,21;0,24,4,14,26,27,2,8;8,27,18,7,23;4;29,16,26,7,28,4,9,18;18,27,4;10,22,17,6,15,12,26;17;20,25,17;17,9,20;5;3,15,12,23,26,28;9,3,14,18,25,5,20,13;29,18
23,17,14,18,24,28;15,2,11,1,5,28;20,19;10,14,28,9,6,27;5,9;15;9;13,19,15,14,4,12;10,13,2,9,20;29,17,20,9,0;7,11,23,5;26,22;11,8,22,14,25,13;24;14,13;9,8,11,24,16,3,29
14,7,9;19,12,21,26,16,17;25,12,22,2;3,19,9,21,1,28,2,14;22,25;19,27,11;27,17,28,5,25;25,20,27,0,22,29,2;9;19,23,0,12,29,9,28;20,11,29;21,28,7,3,17,22,25;22,0;17,8,5,18,28;16,14,22,15,8,9,5,27;1,16,19,22,18,5,20,23;11,26,12,0;25,9;18,10,27,25,11,17;28,29,14,20,4,17;1,9,11,7,29,13,17;18,14,6,3,27,25,19;20;11,28,9,27,1,5;20,27,5,0,21;0,11,17,22,14,1,8,16;1,9,11,7,18,21,16,0;9,11,29,26;6,9,14,12,27,21;26,7,0;1,13,7,11,9,20,18,28;14;6,12,10,2;5,28,10,20;6,18,4,12,26,11,21,13;21,29,13,27,12,24,9;7,18,14;12;11;2,5,24,3;1,5,9,27,28;18,15,4;12,8,13,21,10,22,4;7,2,27,15,25;17,28,24,13,29,22,23,1;23,26,24,19,12,29,2,16;21,9,3,7;14,1,15,19;16,12,25,1,20,22;29,26;14,24;21,22,28;4,13;25,20,10,1,15,7,6;2,3,25,29,10,20,14;29,11,23,9,4,17;20,19,11,15,16;28,5,11,15;19,24,1,3,29,18,25,11;23,11,0,15
9,15,29,27,22
11;14,3,21,11,24;2,16,7,6;2,18,24,9,28,10;19,22,29,3,12,13;2;13,9,25,3,16;9,8,13,18,10,14;14,19,0,26,2,15,17,6;19,1,15,20,3,2,21,12;28,23,7,19,2,13,24;21,9,20,12;0;14,21,26,2,12,22;25,22,6,12,1,14,9;20;23,0,19,24,27,28,6,22;14,9,6,19,15;6,9,2,8;7,2,25,29,22,6,21,15;24;9;25,23,9,6,5;9,27,24;3,13;22,9,27;3;12,2,9,24,0,14,26;24,23,28,20,29,4,9
12,28;15,9,29,13,21,0,28,27;27,29,24;25,11,12,0;8,19,27,25,23,11;19,18,22,25,0,9,28;27
22,20;23,3;10,3,7,16,13,29,0;23,29,5;1,7;23,11,25,21,7,10,20;7,9,29,24;29,26,28,2,6,20,16;10,14,25,24,26,17;21,24,9,4,0;8,26,25,17;14;24,4,12,5,18,25,11,10;1,10,26;15,25,2,27;0,18,10,14,5,27,22;6,13;18;3,6,2,14,16,8;0,28,21;10;15,8,25,17,14,27
21;27,14,26,24;14;12,3,9,28;12,13,6,1,26;12,7,15;8,27,22,1,18,26,12,10;2,4,8,21,9,6,7;19,12,25;29,9,25,5,4,24,23,10;28,18,9,19,15,24,23,26;12,24,21,7,25,14,28;5,1,27,2,13,15,21,14;27,2,18,6,1,23,17,19;25,22,10,29,3;29,2,12,3,7,1,24,19;7,1;21,27,20,12,26,0,28;1,4,29,20,17,15,28,14;18,27,17,26,14;21,28;14;7;13,22;8,22;17,3,9,4
17;26,12,28;15,22,2,26,12,11,3,4;13,6,1,8,4,25;26,6,0,17,15,1,25;10,29,20;7,3,29,18,6,10,19;19,2,3,21,22,7;12,6,26,16;2,20;21,19,29,2,28,14;10,22,1,3;8,16,25,19;5,8,10,26,21,9,27,23;7,8;5,23,8,1,3,18,22;28,25,22,11,9,3;23,25,28,3,12;27,6;15,18,22,1,4;8;2,15,24,12,21,14,18;3,4,21,29,8;17,25;18,22,26,21,19;12,29,4,2,27,16,6,5;21,10,14,24,28;6,14,12,1,0,24;11,22,27
28,9,13,17,26,18;5,16,7,19,18,25;18,19,3;12,18,25,11,20,10;3,23,17,11,15,2,1,7;14,8,2,25,26,5;0,10,9,24,17,8,13,12;21,19,24,9,25;28,5,10,7,24;29,19,21,17,26,14;16,11,1,29,10;27,7,9,16,2,20,12;13;23,13,16;0,20,28,22,21;1,2,15;7,21,19,16,22,27,29;22,14;18,24,16,7,12,22,1,13
9,14,4,25,11,5;11,1,5,13,27,0,15,22;29,1;8;18,25,15,10,28,8,14;27,1,14;25;24,12,28,6,9,18,20,8;7,8,26,6,28,13,29;14,5,29;27,25,0,10,5;2,21,3;5,21,11,28;6,13,4,24,23,19,11;7,24,19,13,1,8;27,28,9,5,11,8,23;25,6;24,12,1,25,27;19,8,2,1,14,21;18,11;1,25,18,5,9,24;11,29,21,1;6,18,28,19;28,20,8,0;17,3;24,11,7,23,20,6;7,22,16,5,24,15,26;23,29;11,29;5,6,26,8,3,4,20,25;9,7,5,19,4;3,24;11,22,25,27;1,12,28,24,29,25,6;18,4,17,29;26,16,1,14,12,5;20,8,21,2,6,19,4;27,29,9,5,28,8,11,13;18,9,28,24,4;22,7,4;21,6,3,18,27,19,9;21,26,15,29,11,4;12,25,1,27;6,15,5,1;23,14,11,20;29,14;5;3,7,1,16,24,21;28,25;17,24;18,9,22,19,7,3;28,24,3,8,5,21,0;14;1,24,29,23,6,12,18,10;28,9
17,1;26,7,5,15,10,17,13,20;18,6;2,27;25,29,11,2,24,4,13;5,17,20;10,12,23,28,26,22,21,0;29;13,11,19,16;7,1,11;28,2;11,13,17,7,24,28;20,10,2,3,19;6,10,25,28;19;4,0,25,5,16,22,26;21,4;8,7,6;20,11,14,25,3,6,12;14;22,17;1,9;27,0;27,7;17,6,23,24;1,19,4,18,29;11,22,16,27,10
10,28,25,7,11;16,15,23,17,19,7;9,12,5,4,10,6,14;7,25,27,24,16,23,10;7,5,23,25,19;26,9,1;20;27;9,16,25;6;22,23,10,28;13,26,0,4,16;14,15,7,3,10,8,0,24;14,21,11,29,24;27,22,5,0,25,15,12,6;29,2,23,20,18,22,11,26;29,16,23,24,21,11;1;10,3,7,13,27,6;11,10,6,2,1,18,17,14;8,24,28,4,10;9,23,19,20,12,14,8,2;3,29,1,28,22,23,7;23,25,5,22,1;6;19,17,5
25;27,11;27,11;7,16,28,20,15,6;3,23,22;18,23,22,1,29,28,0,10;7,20,8;8,2,20;12,24,21,19,20,4;12,3;13,3,27,4,5,16;25,11,16,2,1,20,6,26;27,19,1,5;3,5,28,15,4;21,5,29;7,24,2;23,6,17,9,21,22;18,10,4,17,25,2,6;25,2,7,8
13,1,9;1,22;22,1,23,9,6,11;0,11,27,4,16,15,21;25,18,9,22,1,29,12,27;0,9,17,24,3;14,29,17;10,25,3,28,22,11,14,5;6;25,12,27,16,14;13,27,15,0,3,20,24,17;21;8,24,3;10,29,0,26,18,9,21;21;4,13,5,10,15,29,2;22,11,8,5,28,26;14
25,1,6,13;14;15,24,29,8;0;14;21,10;13,9,25,7,22;5;3,29,27,22;14,0;19,4,13;23,13,12;4,17,3,6,29;27,5,24;11,23,15,7,25,3;22,17,25,9,8,26,24;7,15,4,18,25,27,20,21;0,19,24,22,13,28,15;8,19,23,18,20,5,26;28,21,5,18;13,10,27;3;22,29,1,13,16,21,14;3,0,26,11,17,6;10,26,19,2;24,3,26,18,0,23,14;19,20,17,15,6,11;18,2,20,17,4,23,12;16,14,28,11;27,26;15,8,10,16,17,18,24;6,23,10
25,7,20,11,26,6;16,8,23,21,27,3,4;7;2,24,8,17,7;6,25,12,13;4;8,16,3,29;9,11,29,17,20,6,18;12,7,11;28;13,20,1,8,22,21;21,17,0,26,11,1,28,3;16,3,5,19,20,13;0,9,27,20,18,10;12,25,0,26;20;19,4;5,4,17,26,0,18,20;28,18,14,17,25,1;4,23,2,26,8,20,1,12;8,20;0;1,21,12,0,20,27,5;14;19,21;15,26,22,25,14,10,4,5;2,18,21;6,7,25;6,0,4,10,3,9,29,23;28,2,25,21,27,5;19,20,15;18;22,6,9;26,20,14,13;14,7,17;21;14,28,24,22,1,8,16,18;11,18,0,16,15;23,26,16,12,5,29,9;22,19,14,4,0,13,27;20;12,9,1,2,28,3,0,10;26,1,16,23,17,9,24;2;9,24,27,17,20;2,27,28,9;17,1,3,15,22,26;9,10;18,6,14,12;12
8,23,24;16,13,26,12,4,25,23;8,15,7,16,6,29,0;15,18,19,8;20,6,11,1,18,25,12,2;14;29,17;4;28;6,0,16,1,27;26,23,19;13;13,5,0,19,24,21,10,29;10,20,8;19,2,8,22,4,28;2,20,3,12,13,4,26,11;5,4,8,17,13,29;20,24,17,12;7,2,27,13,19,15,1,5;10,26,0,21,15,22;16;16,3,0,12,4;3,15;29,18,20,13,6,2,22;22,4,0,27,18,14;22,18,28,0,13,3,11;6,5,0,1,28,13,18;8;6;5,12,17;5,12;1,19,5,20,29,15,17;22,18,5,7,24,14,8,3;7,25,3;24,5,11,21;5,19;11,0,19,29,21;1,19,22,14,7,4,15;21,12;13,19,14,28,5,6,0,11;27;22,28,6;12,27,13,9,20,18,16;5,28,0,3,9,15,4;11,21,17,14,10,24;14,9,18;3,27,19,0,14;5,13,6,2,10;18,7,28,12,4,3,11
11,3,14;2,1,7,24,23;20,24,5,25,17;11,2,9;7,0,20;13,2,11,12,17,26,8;24;26,24;1,18;7,16,18,13,22;9,4,11,7,29
15,29,28,12,26,23,1,2;6,3,12,17,5,25,22;28,1,22,24,4;15,26,22,6,24;26,24,12;26,9,27,15;21,13;6,25,10,13,1,22;15,19,21,9,4,2,28;10,25,12,0;13,1,25,11,19,0;10,25,29,8,23,5,22;13,4,2;15,7,22,18,21,26,29;27,7,18,24,19;14;26,18,1,10,27,8;14,0,7,3,24;10,5,0,14,7,23,12;11,8,27,2,29,18,24,4;4,19,27,29;0,28,21,11;5,3,14,22,11,7,20,6;20,1,13,16,7,12;22,5,10,26,9,20;8,26;22,19,27,13;18,9;6;19,17,27,1,23,29;17,23,24,20;20;25,13,11,18,16,20,8,26;24,29,4,15,20,3,18,28;2,21;9;19,4,14,9,23,16,26,13;4;17,0,20,3;29,9,22,11,10,2;8;23,22,0,10;9,12,26,7,4,19,21,17;15,22,27,19,11,0,4;9,15,20,6;25;25,26,6,18,10,12,3,9;4,26,12,15,23;21,3,17,7,16,6;11,5,27,13;11,17,27,8,25;29,26,12,20,2,4,7,24;8,11,25;6,14,24,15,20;22,13,19,21,29;3,16,0,14,15;18,7,4,22,15,29,24,2;11,26,7,14,27,20,2;5,29
24,27,26,23,12,8,7;2,29,23;16,24,19;5,24,11,8;15,26,6,2;10,27;25,4,0,29,18,12,26;19,20,16,18,1,2,10,21;27,9,28;23,6,19,11,12;5,27,20,18,11;10,13,5;0,19,3;21,22,19;4,9,6;20,13,11,25;13,15,23,27,19,6,11;21,22,25,19,15,24,2,6;6,27,28,5,8;24,19,28,10,7,3,13,27;2,28,27,4,9,8,3;12;9,25;23,27,0;15,16,0;10,26;6,4,8,15;5;23,16,20,25,22;17,24;20,28,3;10,25,16,6,5;28,9,27,26,17,21,10;26,1,15,0,2,3;15;7,20;28,21,7,22,25,10,6;8,2,6,15,17;29,10,27;16
29,23,13,18,27,2,0,9;2,13;14;7,21,0,9,5,12;0,12,24;12,24,25;6,14,26,25,15,19;19,5,4,15,28,7,8;27,14;15,13,8,29,20,0,22,17;5,6,16;7,2,12,6,16,9,23;0;13,14,3,18,6
4,14;3,29,10,8,6,20,1,15;26,1,6;10,24,18,0;9,26,11,6,14,0;22,23;23,18,17;29;9;15,4,1,16,25,3,17,26;5;29,22,26,23,19,15,13,5;2,9,16;18,7,9,2
23,9,29;20,8,11,19,22;1,27,23,9,17,14,22,29
24,3,29,23,5;7,26,6,3,13,4,14,21;13,9,27,17;27,11,15,5,23;29,2,1;3,29,12,10,22;6,21,29,16;11,23;21,19;6,17,4;19,28,26,25,11,2,29,21;2,8,22,5;2;5,14;23,22,10,8,6,19,18;26,25,24,22;27,2,9;27,13,3,9,11,26;29,15,28,18,22,11;15,2
0,18,13,20;24,25,8,18,2,19,28;15,25;24;27,6,24,19,29,9;10,3,24,17,22,14;27;18,6,14,16,1,3,17;19,29,2,15,12,8
22,13,20,0,4;9,4,7,21,20,12,0;14,15;18,9,11;11,25;27,11,26,23,21;12;9,19;11,18,23,17,20,1;18,13,26,4;21,7,27,0,13,19;12,21,26,11,4,0,28,2;28,13,23,26,3,2;21,8,12,20;9,7,5,27,26,29,28;20,28,7,19,22,18,8;17,26,12,29,6,19,27;18,20,21,9,2,12;5,20,23,6,14,15,16,11;29;5,17,29,13,25,1,28,23;19,6,16,17,27,4,26;20,14,18;3,26,0,4,25;22,1,24,12,15,21;15,27,4,14;6,18,27,17;23,13,25,22,16,8,29,1;23,21,12,8,16,14;18,17,23,14,27;7,19,10,18,9;4,3,7,24;1,2,21,20,15;17,20,29,24,5,12;29,16,11,26,4,8,23;8,23,1;25,15,19,16;12,8,24,11,26,28,23;6,17;17,16,13;8,9,27,26,22,7,18;14,22,29,15,13,7,3;2,7,11,24,25,29;5,27,26,29,28,13,19;0,13,7,11,26,21;4,15,12,21;1,16,28;27,3,28,2;7,1,26,16,8,21,27,5;14,15,25,11,2,3,4;3,22,5,4,14,18,20;16,10,1,4
12,29,0,17,25,10,14,27
6;14,0,3,23,29;26,24,13,10,27,16,7,8;16,3,8,24;11,22,27,16,14,0,2,6;28,8,5;11,24,2,19,26,9,1;8,20,5,0,4;15,3,14,26,21,17,8,10;17,15,10;8,25,15,13,18;23;9,17,22,0;0,4,5,25,28;12,8,29,10,23,6,2,19;15,26,14,24;29,13,11,25,28,3,14,9;8,19,14;0,7,20;7,21,29;11,22;0,22,11,27,4,5,29;28,9,13,21,16,14,3,4;24,17,29,22,9,21,12,0;18,28,4,20;3,24,0,28,15,8,4,29;21;26;29;26,0,14,13;22,27;19,10,16,21,0,28,25,1;13,24,10,23,27,19;7,19;4,14
20,6,8;10;26,9,11,20;18,1,20,13,4,25,6,12;5,17,21;17,20,10,29,27,14,5;18,1,8,14,6,12;7,18,12,21;29,18,25,15,7,17,26,14;8,17,20,21,4,27;4;5,12,17,11,23,19,3;2,8;10;21,15,17,12,9,23,11,20;18,16,10,14,11;9,16,26,0,3,17,19,7;13,17,6,28,18;9,26,18,1,17,7,4,20;3,15,22,29,20,10,9,26;8,29,28,26;27,4,20,25;16,14,20,9,23,24,8;3,8,14,9,11;23,20,1,17,12,5;1,4,25,0,2;5,26,25,20;0,16,28,9,3,26,19,5;16,28,2,7,13;2,28,19,17,18,4;3,20,16,15;10,5,0,12,19;12,26,4,25;10,21,17,14,1;23,9,25,8,12;10;26,19,18,2;24,2,18,9,5,29;9,22,21,29,23;25,14,23,2;10,21;9,0,14,29,27,16,1;10,19,8,23,15,28;19,24,22,7,28,27,2,15;14,8;7,12,15;15,18,12;24,23;8,12
17,14,10,29,9;29,18;23,3,26,19,18,14,1,21;19,18,6,7,24,22;5,0,29,6,22,15,25,26;1,19,18;17,22,18,16,24;4,1,22,15;5,29,18,15,6,25,28;28;2,9,27,14,20,16,21;25,13,28,26,7;6,19,26;11,20;9,19,23,25,21,8,6;12,24,0,27,19;19,23,22,3,14,7,21;5,17,14,21,13,29,6;26,10,17,8,3,27;2,8,19,25,11,26
22,2,16,9,12,23,28,11;23,1,0,20;17,16,23,14,15;8,6,4;15,16,4,20,14,23,3;14,22;0,20,4,29;19;12;1;27;14,21,7,17,11,19;11,15,16;27,12;18,29,16,23,21,12,10;11,10,16,4,3;9,16,8,26,7;16,12;20,22,5;10,27,18,15;10,5;7,21,19,16;25,21,12,16;23,19,28,2,9;4,15,17,10,24,0,26,9;19,22,14;14,27;23,9,17,16
11;14,24;29,5,17,10;12,22;27,20,12,19;29,1,25,23,6,7;13,12,24,7,19,2,4,20;22,21;19,12,2,1,0,27,4,18;17,0,16,10;1,7,3,26,25,14,19,16;6,1,28,3;23,5,2,21;28;19,17,8;20,24,4,25;8,2,28,22,24,5,25,11;10,12,16,13,25;15,9,16;26,29,9
19,24,26,16,6,10,3,1;6,25;20,28,24,9,11,21,0,27;29,15,5,2,8,20;13;21,10,26,16,8;22,25,17,27,4,1;15,27,23,0,14;15,26,27,23,3,13,19,12;3,10,25,20,13,27,12;15;13,27,23,5,26,2;27,10;11,9,20,10;11,22,6;8,22,13;16,12,26,21,20;12;28,14,10;13,8,5,21,1,24,17,15;24,20,18,3,9,19;14;28,9,18,8,22;12,5,29,26;5,28,26,9,11,15,23;12;12,25,18;7;2,8,4,19,7,0,16
27,28,14,4,22,20;19,5,28;3,6,25,22,12,0;10,21,20,26,16,24,4,29;26,15,23,14,1,29,20;4,12,24,7,28;6,15,20,25;20,10,5;11,7,28,13,2,17,14,24;8,22,24,25,11,13,19;25,1,16,24,23,22,18,7;3,28,27,4,11,5;25;6,29;26,21,3,14;23,16,21,12,8,15;15,8,14,0,23,26,20;27,20,0,13,11,16;6,28,24,18,0,3,29;11,21,9,13,29,15,4;18,8,10,20,17,12,22,24
25,10,20,9,5;25,20,9,18,2,14,22;29,6,11,0,23,24,5;22,10,2,24,9,25,21,29;1,15,6,13,24,26;15,17,6,5,7,8,23;0,23,25,5,13;4,18,25,20;20,26,11;5,24,23,14,11,6,2;24
26;19,8,24,21,11,10,16,6;1,21,16,2,19,17,27;17,8,14,0,12,11,28;24;22;2,9,22,17,4;5,10,25;27,16,3;8,4,19,26;0,22,21,13,2,20,27,1;5,10,28;19,3,27,29,9,21,1;0,24,1,7,20,3;11,4,25,16,6,27,10;19,2,22,8,17,12,21,27;25,26,21,8,16;2;27,11,26,5,0,10,1;17,26,27,18,16,0,5;27,0,19,2;29,1,26,5,18,4;26,29,11,0,19;9,25;9;19,9,13,22,12;18;25,21,28;20,12,9,15;24,4,14,28,20,11,17;13,23,6;6,24,16,14,28;16,5
16;15,8,11,3,22,13,10;24,23,16,4;8,14,17,1,23,9,13,22;10,1,19,4;14;11;12,21,15,1;26,18,16,2,21,24;10,17,0,7,4,18,3,29;3,27,26,24,12,11;18,27,24,7,5,15,25,28;10,28,5,1,29,19,14;17,5,20,2,16,29;13,1;20,7,12,16,2,15,10,9;16;5,6;17,3,15,2;17,19,23,5,15,0,27,25;15;6,27,14,25,24,2;18,28,5;14,2;22,27,9,29,3,6;18;11,8,29,9,3,5,16,23;1;26,10,4,8,22,9;21;7,0,15,3,1,4;13,24,18,15,4,29,14;15;10,22;0;29,6,14,28,24,4;6,2,18;1,13,19,4,0,11,20;0,7,3,21,10,12,15;22,14,15,25,4,24,28;2;24,9,12,15;22,24,19;16,5,12,22,13,11,14,27;12,25,26;3,5,12,17;13,18,6,10,15,9;2;11;1,2,17,29,13,16;24;14;28,13,6,2,18,5,24
11,13,18,26,25;1,4,29,17,23,16;25,28,5,14,24,12;22,0;13,8;18,15,5,4,29,17;3,2;17,23,19,14,5,1;22,24,14,18,2,25,3;15,19,2,10,0;15,1;13;2,26,13,1,0,17;29,24;9;17,10;2,14,19,13,25,6,5,15;4,22,7;27,25,0,28,16,29,19,21;20,28;17,20,1,28,10,3,4;15,20;23,8,2,25,1;16,23,13,2;0,4,5,1,26,28,17,20;29,10;7,19,18,10,29,22,20,16;5,17,13,16,27,4,23;23;22,16,20,14,6,5;19,28,26;16,18,9,1;0,14;10,1,29,12,28,7,17;7,25,27,17,5,10;12,27;1,13,3,8,7,27,16,22;18,0,17,3,5,2,11,10;24,9,23,19;14;3,27,5,2,22,8;4,15,5,16,0
17,13,29,5,2,23;17;20,16,1,25,5,0,8,11;24,28,18,4,29,22;7,22,21,23,6;26,19,4;21,15;9,6,12,21,7,29;1,15,9,29,18,20;4,20,12,18,28,9;22,11,21,29;2,20,5;11,23,27;5,23,13,4,18,0,24;26;20,8,4,18,10,28,2;20,12,13,8,9,27,21,16;7,0,20,19,28,24,1;28,24,0,19,26,27,6;20;14,2,7;18,25,19,6,7,21,22,14;14,9,7,12;8,0,4,21,19,23,1;29,13,9,0,24,3;25,5,27,28,1,21,18,24;17;25,14,26,18;10,12,7,17;12,21,4,6,23,18,0
6,2,11,21,27,5,12;3,19,10,27,16,6,14,24;5,13,28,19;13,6,1,25,17,0,10,7;16,7;15,9,19,3,13,17,23;25,16;16,10,28,9;11,13,2,16,18,6,21;4,15,9,29,10,0,24,28;0,5,21,22,2,11,14;24,0,22,26,8;11,29,6,5,18,26,25,3;10,9,16,24,20;1,0,15,3,6,10,16;14,17,27,2,21,1;14,19;15,26,7,20;6,26,14,24,23;18,25,4,19,24,3,14,26;8;1;23,2,20,24,8,19,1,18;29,8,28,4,26;2,10;13,25,9,5,16
20,1,17,25,12,22,3,11;12,1,4;14,13,25,10,8,22,27;14,18,8
6,7,8;23,9,29,12;21,8,7,11,4,28;29,21,3,22,25,6,2,1;5,6,13;17;14,23,16,20,15,6,5,7;4,10,17,18,3,11,7;16,4,26;6,29,22;2,1,23,10,27,9,24,28;25,13,12,0,2,23,22,18;14,4;21,29,7,25,24;0,11,19;1,19;28,24,29,21,25,23,12;7,17,15,12,18;17,9,22,4,14,6;6,24,10,22,12;26;24,27,19,4,13,21,28,12;16;29,2,18,10;25,2,4,10,27;20,29,8,23;28,13,27,16,11,0;7,4,27,17,9,1,8,25;2;24,25,8,12;22;12,28,11,19,9,2,26,3;19,11;18,10,5,25,3,11,16;12;4,0,17,27;10,17,28,20;17,11;21,11,6,20,1,27;0,11,4,9,14,8,10;26,2,25,27,3,19;28,19,27,25,24;14,6,12,5,15,3,4,2;18,20,28,1,7,26,6;12,14,28,5,1,13,15;16,2,13;7,29;3,26;17,24,18,11,8,25;16,12,2,17,6,9,24;3,10;18;21,7,1,3,29,14,23,25;18,21,0;0,4,19,18,17,24,10,6;26,25,21,11,13;27,1,24;9,25,5,21;18,22,7,14,5,10;19,1,9,29,27,23,13
10,20,6,1,25,2,0;11,16,28;1,6,0,26,24,28,16,4;1,4,29,16,18,24,3,6;13,11,15,1,19,2,16;17;22,15,4,28,7;25,17,26,16,15,19;4,29,21,28,17;11,16;29,7,21,3;26,3,13,28;18,7,16,6,29,14,20,11;17,8,12,14,29,28,16,18;26;22;24,18,29,13,28,3,19;10,13,3,6,0,8,22;2;2,1,16,11,5;26,24,4,23,11,0;3,10,24,25,17;9,14,1,3,11,2,15;28,27,12,8;16;25,13,10,17;27,11,20,0,13;15,1,12,9,11,21;23;1,16,6,14,19,23,22;29,13,10,27,20;21,29,4,17;7,5,1,22,4,3,20;20;23,24;29,15,25,28,21,3;4,11,2,17;21,23;6,22,19,21,14,27;13;2,9,18;21,16,6,19,17,24,10,27;6,5
