17,21,27,22,7,6,3,2;21;18;5,14;23,7,19,4,8,0;4,26,7
1,9;15,20,17,4,11,2;12,27;21,11,6,19,10,15,5,24;5,10,25,29;22,13,12,3,28,19,29;16;9,8,23,1
14,28,27,20,7;28,2,0,27,14,16;16,11,29,13,15,0,7,20;22,18,7,29,25,23,27
26,11,19;20,14,1,16;16,24,23,15;19,14,3;9,20,14,13,29,17;9,16,26,12;6,28;1,28,19,12,24,25,7;8;2,28,5;2,6,3,10,27,4;12,13,1,6,11,21,5,27;28,18,21,9,15,17,19;3,6,12;10,28,17,5,21,14,23,11;3,10,20,6,15,14,21;20,25,13,19;20,0,28,18,12,26;29,6,14,15,16,28
6,5;24,28,12,21;14,2,7,20,4,22,29;23,22;19,24;22,29,11,7,28,18,17;0,28,11,21,16,3
11,26,1,23,20;7,21,28,12,18,20,10;11,9,5,18,10,8,4;3,7,4
11,10,17;12,5,2;5,21,26;7,5,18,4,16;2,13,27,25,7,4,14,3;28,2,0;6,4,27,24,15;25,21,22,11,27,4,14;20,4,26,25,3,2,17,28;13,28,0,5,11,14,27
14,17,1,25,22,20,9;20,27,15;1,5;19,14,28,17,7,2;12,1,20,27,29,25,10;9,14,10,6,11,8;28,2,26,29;8,15,10;7,27;21,3,10,11;18,15,6,0,2,27,19;24,3,28,12,13,4;11,20,24,12,23,6;25;25,2,7;20,23,21;23,1;28,2,25,1
22,29,12,7;13,3,29,14,21,18,12;28,16,13,18,26,27
23,25,22;28,13;26,15,2,5,1,3,6,28;4,29,1;20,18,0;14,15;4;17,3,9,18,25,0;21,25,23,2,7;24
27,23;0,12,6;13;10,28;16,29,27,28;22,4,13,14;27,15,19,11;20,27,0,26,8,3,10,13;29;27,23,20,1,24;0,21,19,17,15,11,20;27,21,2,12,17,0,8,22
18;21,20,18,26;7,5,15,20;5,8,18,1;22,9,23,16;4,2,9,28;3,0,19,12,14,4;17
12,21,29,2,16,14,18,11;7,6,2,9;2,12,19,15,6,0;12,9;10,20,24,4,22,15,21;12,19,7,20,0,3
14,5,12,27;14,27;15,7,11,6,5,24;9,28,1,12,6,19,20;23,20,12,26,16;3;12,1,26,22,2,7,29;20;4,5,19,23,15,10;29,19,25,7,1,5
18,12,14,10,9,24,5,15
4,6,18;13;12;12,8,4;18,9,27,13;21,23,13,10;4,12,11,9,24;24,13,28,0,7,19,9,6;27,9,20,7;7
10;3,21,24,16,23,14,19;11,3,15;6,22,8,2,19;13,12,29;22,26;25
21,6,8,0,18,7,11;25,3,17;8,2,25,17,6,9;27,8,7;15,21,18,4;5,11,6,16,1,14,8,9;22,19;29,16;0,23;17;14;11,10,13,25,7,22;6;20,0,3,14,18,27,22;18,2,19,23;17,13,9;18,20,19,0,21,12,29,9;9,4,28,16,1,26
14;22,28,24,4;14,23;14,27,10,16,25,24,13;22,0;25;29,28,27,9,4,17
4,11,12,7,1,29,26;6,17,11,10,3,24;8,16,21,13,24,23,12;5,9,4,26,11,13;3,6,28,21,13,4;20,29,2,4;15,6,25;22
2,3,1;2,23,14,3,15,21;13,2,29,11,10,20,7,14;26,12,28,6,8;29,10;6,18,10,7,26,27,17,5;21,23,11,22,17;9,17,7,27,8;5,2,9;8,5,2,7,26,22,17;8,18,29,20,17,7;1,12,26,19;12
18,5,12;23,9,28,22,14;0,17,19,6,13,8,14;6,20,5,9,13,14,12;5,15,9,25,20,6,14;19,3,22;1,14,13,23,10,16,26;13,1;5,29,24,23,13,27,21,11;13,7,14;27,11,29,1,24,21,9;8,24,10,26,7,16;21,3,24,25,26,28,7;6,11,4,12,28;16,21,23,6;24,7;13,3,17,19,11;13,23,4,19,5,18,26;23,14,10,19,20,22,1,17;19,22,5,14,11
17,19,13;9;7,17,28,29;10,24;27,15,12;15,28,24,0;10,1,23,0,17,21
19,22,23,10;1,3,14,5,13;27,13,7,19,21;19,27,21;26,14;4,0,2,23,8,14;19,3,18,24,2,10,25;4,21;4,17,8,13,10,29,20;16,12,7,1,2,0,26,9;26,14;4,14
5,23;6,23,27,11,28,13;16,17,11,19,9,27;27,15,11,2,24,16,17,14;7,5,0,17,20,18
27;0,23,26,28,17,29,21;12;3,13,27,17,14,2,25,15;28,23,17,0;23,9,27,18;23;25,13,29;11,29,22,4,5,7,15,14;29,24,7,11,27,2;23,16;24,25,5,19;20,5,22,8,11;5,12,9,7,14,20,28;18,23,10,6,24,17;1;21,1,20,15;18,19,13,6,21,5;16,8,14,4,27,17,21
12,29,24,17,3;18,0,3,9;27,14,24,1,18;19,23,13,27,11,20;17,16,28;24,2,22,29;19,10;7,11,20,23,24,12,10;28;27,18,10,17,24,25;9,10,13,7,3;20,18,0;1,23,27,7,21;1,5
16,4,8,0,10,22,9;19,16,3;13,14,27;27,18,21,24,16,23,9;23,13;13,25,18,9,3,23,19;21,13,7,1,20;16;10,25,11,19,0,26;10,2,11,19,13;20,3,18,25,23
22,16,4,5,9,10,19,1;16,19,23,4,11,10,22;3,0,2;19,11,0,2,16,21;6,23,2,18,9,1,29;17,18,23,21;8,18,20;4,19,12,15;1,28,2;14;25,24,6,15,4,23,29;4,25,3,11,17,0,2;6,28,11,13,22,0,7;5,20,2,12,3,17,6,13;29,22,21,28,9,23,7,27;18,25,10,0;5,4,20;11,7,12
23;3,12,14,4,21,20;8,15,22;17,28,15,11,6,24;28,26,10,7,12,20;27,18;25,13,18,10,5,0,14,28;29,1,15,16,10,4,23,20;5,14,0,12;8,26,16,19,18,20,13,4;2,24,1,18,22,23;0,16,11;0,18,5,12,13,20,2,1;15,5,28,10,18,25,7,22;22,17,18,28,13,24,8,10
1,29,22;28;1,9,23,3,29;29,0,1,11;6,16,3,14;11,8,17,14,27,6;8,7,20,27,13,12
29
15,13;6;28,9,0,25,2;25,24,5;16,11,21;5,8,20,12,18,2,19;3,1,16,15,13;16,21,9;28,15,24,25,13;14,19,8,27,5,1,0,28;10,6,1,4,2,27,3;2,27,11,1,10,17,3,0;19;24,4,29;13,9,17,22,4;18,27,8,2,14,28,5;21,11;2;20,29,16,21;5,21,14,25
1,25,23,26;28;4,22,11,6,20;20,27;27,2,1,8,6,14,0;24,22,1;20,17,9,14,7,0,13,19;9,18,15,13,26,7;15,11;19;17,29,8,18,12,3;26,20,14;22;22,26;0,10,2;27,10,3,25,2,15;10,24,28;24,14,15,25,9,27,2
3,11,29,12,10,15;22,27,8,11,4,21,10,9;16,10,23;8,7
10,15,7;26,20,6,17,7,23;7,13,29,14,28,22,2;4,25,11,6,3;8;29,23,8;0,29,13,26,24;20,7,22,10,1;2,23,28,3;8,7;4,24,12;16,23,7,4;29,3,5,21,1,22;23,22,13;7,26,11,21,5,0;13,4,7,28,1;20,27,28,1,19,9,26,15;8,5,26,16,20,12,27
9,22,26,24,13,6,19;20,9;15,29,13,28;23,15,20,8,29,19,22,10;1,17,29,12,22,23,9;5,19,3,13,2,11,10;6,10,18,23,7,15,14;11,2,27,18,4,1,20,0;0;20,18,4,21,5,2;4,25,10;4,27,24,19,16,6,0;15,16,0,19,10,21;13,1,3,23,18,17;24,18,15,20,29,12,19,3;28,26;22,4;9,12,13,0,26
23,7,22,1,21,24,11;2,25,20,15,0,8;3
4;16,5,9,10,15,4,3,12;16,25,11,23;5,9,18;5,19,2,28,6;5,6,24,9,29,22,16;0,6,18,5;12,22,17;0;27,29,6,3,22,5,8;13,21,25,4,1,2,15
3,16,14,11,6,4,10,13
22,25,21,17;26,3,22,13;18,7;17,3,4,11,10,29;21,6,1;20,7,21,14,25,5;20;13,9,14,3,10,20;4,10,3,13,24,29;4,15,18;24,14,9,21,12
7,5,17,13,26,4,28;9,5;12,21,9,4,15;18,16,13,3,2;4,22,5,7,2,1,12,8;12;6,24,2,20,1,28,29;22,26,3,15,25,0,19;23,13,2,20,9,26,15,12;24,23,7,1
16,1,10;15;25,15,1,12,17;29,18,1,28,16,5,27;3;27,3,8;24,0,25,29,12,21,16
29,25,28,16,1,19;10,9,26,20,28,13,2;15,27,19
2,29,19,17,21,6,13,16;20,1,25;11,7,10,27,18,28,26;5,11,19,18;23,2,4,1
0,10,17;23,10,25,14,15,5;6,25
3,10,25,22;15,26,28,29
25;26,21,19
23,1;11;4,16,6,15,5,21;0,3,4,15,10,27,9;24,3,10;23;10,1,14,19,17,12,0;11;12,22,16,25,5,10;10,19,9,22;17,0,15,11,3;22,7;29,9,11,6;22,17,13,14,6;14,29,26,19,12,3,1,17;25,23;20,16,25,3,15,22;29,24;28,14,4,6,1,23,12,21
9,5,21;1,10,18,20,2,24,19;7,11,14;2,18,22,28,27,10;15,10,12,28,20,27,6;24,4,9,8,21,3,13;23,11,7,10;19,28,18,21,12,16,14;3,25,8;6,26,27;14,0
15,18,28,5,14;2,25,10,21,12;24,11,3,6;11,26,5,27,6,17,13
8,6,5,21,15,18,27,16;29,26,25;13,16,2,6,25,19,24;23;3,1,4;6,3,1,18;29,15,17,27
18,1,15;7;10;12;19,14,20;8,26,7,16
16,22,27,1,25,26,0,18;1,27,4,17,13;10,14,28,29,26,4,22;15,9,28,11,8;6;20,22,9,16,15,26,11;20,22;28,19,3,12;4,3;21,28,29,25,17;21,7,23,5;22,4;20,18,11,24,10,13,5,27;2,19,16,1;23,28,5;3;1,0,25,27
22,26,11,29,3;5,2,3;12,26,8,6,22,11,4,7;19,15,20;3,2,21,0,5,7,12,18;4,10,26;6,7,29;29,20,15,26;17;22,1,17,3;2,10,3,19,9;4;2,15,6,21,0,10,18;5,29,26,16,23,14;22,21,3,15,4,13,28,8
10,27,7,2,18;23,2,6,7,16;5,4,2,21;23,9,26,25;27,15,19,4,13,26,3,9;28;0;22,2,1,16,7,25,5,17;17,7,15,24,18,28,5,0;22,20,12,9,25,24,3
18,0,27,26;17;0,9,16,11,8;25;19,6,0,17,15,12,2;22,23;1,9;18,1,3,4,10,25,19;19,27,12,20,28,24,14,9;17
9,12,23,26;25,15,19;29,1,16,25,2,17,13;9,11,22,3,0,24;19,13,17,9,23,20,7,18;12
10;17,10,27,29,7,25
16;12,21,24,28,18,17,14;24,22,27,15,28;26;14,17,1,26;6,17,11,21;8,18,6,10,27;1,5,28,0,10;23,18,22;25,14,2,11,28,1,15,12;29,1,4,18,21;25,27,20,12,9,10,1;26,20,29,5,0;26,20,18,19;3
19,27;19,8,5;24,21,28,18,26;29,19,8;17,24,11,28;2,6,17,26,4;14,18;21,19,17,18,0,14,10,27;24,28,4;14,12;12,0,1,6,15;25,18,26,5,22;26;17,15,27,24;15,13,28,11,1,5;19,13,15,24,4,26,28;11,20,0,24,2,6,3,27;21,14,8,23,7,25;8,23,10,21,22
3,26,9,2,16,15,23,8;9;24,19,5,21,7;2,10;28,6,25,12,18,23,24,19;22,18,1,0,20;10,14,12,21,2,6,11;4,15,25,3,20,13,6;1,11;20,25,5,23,0,7,8,10;19,9,22,10,18,8,29,6;3,26,10,25,23,20,27
23,21,6,14,3;19,29,0,12,6,11,17;7,26,6,8,2,22;25,8;0,6,21,29;8,7,4,29;19,23,12,17,15;1,0,3,23,12;22,15,12,11,16,21,23,10;9;1,29,10,6,15,26;14,22;0;19,3,9,14,4,1;4,13,26,25,27,17,21;20,25,15,11;2,12;27,4,23;14,13,7,20,3,4,17,22;13,18,23,17,25,9
10,22,11;2,3,21,7,19,18,14,10;22,19,9,10,23;29,14,20,0;12,13;24,27,16,20,25,14,12,6
29;5,20,1,25,3,8,14,10
27,18,11,7,2,21,12,29;24,18,27,22,2;15,11,10;28,13;11,28,16,15,5;27,12,16,29,1,28,18;14,3,8,24,21;6,10,16;3;20,19,23,4;3;29,27,13;15,12,9,21,22,2,0
6,26,20,7;21,23,28,9,18,0,8;21,25;17;28,20,17,26;0,28,11,6,5,2,19;19,27,20,17,26,29,25;18,12,14,27,5,21;20
19,23,11,4,9,10;21,17,22,11,26,23;26;10;1,28,19,21,5,3,20,11;5,1,21,26,25,18,16,11;1,21,18;23,13,21,3,17,11;24,11,21,5,8,26,9,0;26,4,5,10,2,25,28,8;9,27,19,23,6,1;8;11,18,3,13,24;10,23,12,16,20;18,3,19,7,16,0,14,17;10,3,6,19;6,16,9;21,3
28,14,26,29,25,5,3;15,20,14,6,24,13,26;25,28,22;10,7,24;17;10,26,13,27,8,5;0,10,9,26,2,19,12,28;17,15,11,21,18;0,5,8,28,29,9,19;20,17;18,6,28,24,3,9,5;9,0,3,29,7,15,22,20;19,13,17,14,6,3,18,2;12,0,10,15;13,15,22;14,3,13,6,29;18,22,17,15,3,26;7;2,24,8,18,6,21
3,2,0,4,25,20;3,7
10,21,26,13,11;13;10,11,28,8,4,13,3,7;20;6;13,8,23,7;11,6,12,19,18,14;3,15;29,5,23,17,0,13;20,11,13,1,18,19,26;4;19,26,10,14;6,4,24,13,0;0,5,22,26,4,19,16,10;11,16;21,6;27,9,5,15,8
3,13,26,8;12,14,6;17,8;12,23,25,15,1,29,9;4;14,16,9;27;0;17,13,21,11;2,25,19,0,29;18,21,17,0,23;23,26,22,16,11,2,15;26,7,5,8,25,15,27,4;15,18,0,21,19;22,1,7,6,14,23;20,6,5,18,2,29,22,26;6,7,23,26,18,27;5,0,24
10,7,21,14;17,24,18,23,15,7,14;0,15
24,3,20,15,6,19,12;19,25,15,20,21;18,7,9,14;15,16;9,24,8,17,5,0,15,4;2,12;1,7,8,22,12,15;18;4,8,22,0,16,17,15;20,23,4;0,27,21,6,14,29,28,19;15,18,29,10,24,17,14;3,2,28,25,6,16,18,22;10,1,8,5,29,9;15,29,24,23,18,12,26;5,11,0,24,20,13,27,8;28,22,26,0,23,9,11;29,5,27;26,15,21,29,1;22
16,13,2;22,14,19,8,26,16;16,23,21;17,14,21,3,10,13,15,4;27,25,2,6,16,19,13;0,29,26,18,1,24,23;14,10,7,5;23,19,5,13,20;20,23,4,1,16;3,17,27,26,0,8,29,18;18,24,16;24,22,23,15;25,1,5,9,12,11,6,24;21;27,4,15,28,19;3,22,14,20,23;29,17,18,21,19,9,28,27;22,23,16,28,20;2,16,24,7,4,29;15,26
24,6,4,26;25,24;3;28,9;16,4,2,5,28,23;29,14
8,1,11,28,20,21,24;28,29;19,10,13,4;24,29,11,25;11,8;21,25,26,6;18,21,4,3;17,15,13;4,10,21;9,3,28,22,13,21
4,29,14,21,1,10,28;22,0,26;10,28,19,2;22,29,24,1,9,20
19;2,21,27,8,7;19,24,4,20,3,10,22;10,20,11,25,3,5,2;11,25,6;20,23,21,25,11,19,26;11,10,20,9,4,14;15,18,26,20,27,13,28;24,21;7,11,9,16,19,25;22,4,27,24,6,2,11
22,19,9,21,27,14;20,25;8,22;9,5,11,7,28,27;12,24,11,0,18,25;20,0,4,15,21,1,10;26,7,6,23,20,17,14,16;20,21;2,22,3,28,23,7,1;25;24,11,7;18,6,2,29;3,23,15,27,8,25,11;21,24,19;1,24,13,6,2,17,28,3;26,2,8,18,15;26,4,27,29,11;23,15;26
12;29,5,2,21,13;13,18,7,3,6;16,26,23,17,5,22;29,3,22;21,9;24,6,27,25,26,5,18,22;11,5,27,19,2,28;9,2,24,25,15,23,18;14,21,6,15,17,12,11;15,26,21,5,8,22;27,21,18,8,4;14,8,23
9,7;20,16,15;11,19,23,14,8,27,10;2,21;22,17,23;20;26,4,7,2,24;10,14,16,6,27,26;0,18,28;28,21,24,1,22,11,3;17,27,4,15,19;9,24,8,4,0,2,27;2,4,17,24,16,27,28;24,14,9;5,29,15,28;19;14;19;26,19,23;13,4
14,17,24,29,6,15,27;5,12,6
21,23;5,29,28,7,10,19,21
15,20,23,22;28,24;12;18,0,22,6,25,10,28,15;4,17,16,15,7,6;6,12,4,21,26;26,18,9,13,23,24;24,27,9,18,23,11
17,11,8,23,22;1,7,29,15,2,28;26,3,4,14,2,25,9,7;23,16,0,14,22,1,11;26,18,19,25,15,8;28,2,18,27,24,12,0;20,8,24;5,28,24,10,16,12,18;2;3,26,12,1,22,18;2,0;13,4,5,19;25,2,9,26,16,14,0;0;22,6;20,0,1,16,4,18,25,27;3,13,22,27,20,7,9;24,22,27,2,18,14,17,23;9,2,20,13;8,4,7,26,12,9
17,19,29;5,24,17,14,3,13,0;27,15,19,7,25,11;7,19,6,11,1;18,7,25,21,16,13;26;3,10,25,15,4,13;10,5,6,4,21,0;12,28;23,11,22,21,25;15;5,18;28,25,19,2,10,5,3;24,3,22,10,16,5;28,13,22,12,14,4
16,8,18;28,22,24,18,26,17,27;17,15,12,21,0,13
16,2;22,6,23,25,12,18;22,13,27;9,19,5,21,15,0,13;3,18,17;19,1,0;23,28,14,0,27;15;12,24,5,2,10,15;21,16,8,12;29;17;26,9,19,8,5,18,12;6,24,12,23,11;8,16,11,2,7,9,5,0
16,11,15;8,25,23,13;11;8,20,18,29,12,24;4,3,8;28,12;17;0,12,11,9,1,25
15,9,11,20;23,25,24;24,5,1;18,14,9,10,16,11;2,25,18,28,12,15;9,12,25;6,16;10,16,22,7,8,12,17;22;19,6,7,22,20,24;1,29,27,25,3,13;19;3,12,11,15,14,5,20,26;16,29
13,18,9,2;3,23,8,20,2,26
29,8,16,27,9;11,29,13,15,28,9;21,5,13,0,9,2,15,11;16,2;3,18;25,22,21;28,20;2,25,19;8;0,2;17,4,22,18,28;0,3,1,27,8,11,2,19;23,8,26,0,24,22;13,26,5,19;18
5,24,8,0;3,26,7,15,10;28;3,0,10,25,19,21,17,8;21;12,7;27,21,18,8,19,25,6
12,5,16,10,9,25;6,12,19;8,16,17,23,5,13,15,21;21,9,24,23,18,15,5;28,29,19,21,22,11,15;28;26,25,19,27,4;5,29,27,22,28;29,18,16,28,6,8,9,25;9,15,13,25,6,27,23,11;8,15,29;12;18,24;2
11,16,0,5,23,3;25,1,18,14,12,10;19;23,11;11,7,14,12;27,7,20,17,26,3;11,29,20,6,23,15,12;11;19
23,24,21,14,0,3,29,1;1;1,3,19,17;11,25,17,19,8,13;11,22,8,15,19,10;23,29;3;9,4,24;10;3,20,11,16,14,22,2;26,2,0,19,25;4,1;9,1,14;11,5,24,6,0,2,28;23,5,12,16,13;2,23,24,19;25,7;11,6,25;20,26
24;10,9,15,12;16;17,0;1,26,4,24;7,28,17,18;20,24;24,23,29,5,19,21;2,16,18,6,28
12;18,2;16,9,3,22,25;3,11;5;28,5,4,12,17,20,14,29;18;23,15,8,0,26,6;2,13,20,8,15,21;19,11,21,26,12,5;10;26,27,24,17;13,18,23,26,15,9,14,24;23,14,10;10,16,8;11,15;8,2,26;8,28,21,14,26,10;20,26,27,24,17,9,23,29
9,5,10,19,21;28,8,14,26,24,20,18,15;22,3,29,27;6,28,1,24,25,14;6,22;4,26,20,8,5,13,22;10,15,27,8,23;23,9;4,21,9,27,2;24,28;7,17;23,1,25,28,16,22;7,0,14,5,2,27,21;20,16,2;27,19,12,9,0,10;24,15,23,5,0
