5,8,7;29,25,28,23,14;12,28,1,20;12;4,1,26;2,14;28,27;24,21,13;11
24,12;12,10,24;28,7,10;16,23,25,6;29,1,27,19,16,4,10;3,17,19,22,2,7,29;0,23,27,1,10,3,7,21;3,19,18,12;17,21,10,12,7,0,8,16;13,20,8;29,3,28;11,3,4;14,18,0,11,2,27,6;10,5,11,27,24,7,3;28,26,8,0,21;3,2,10;13,6,18;2,24,17
1,11,23;5,2,1,13,20,14,4;8,18;0,18,8;4,6,2,9,0,21,19;13,10,25,24,4;9,27,12,25,10,8;6,13,12,29,7,20,22;5,24,15,11,2,14,17;25,5,8,16,7,27,26,11;4,10
4,28,29,24;18,20,16,6,9,12,22;20,16,17,21,18,29,7,28;16,19,21,25,27,10,29;1,16,9;16;23,7,13,16,3,25;22;6,29,11,23;13,24;16,9;14,10,20,29,17,27,11,25;0,26,19,29,24,15,5;23,11,12,1
21,18;10,7,20,14,19;29;2,8;19,8;21,8,1;0,26;10,12,6,0,26,9,23
13,18,1,4;22,17;13,2,24,15,7,21,26,22;5,18,23,11,12;8,14;27,22;7,9,18,3,12,10,24;7,21,2,25
13,21,18,23,14,26
17,26,0,13,10;7,11,2,13,14,5,29;11,22,3,17;7,23,18,2,21;18;8,17,3,11,16,22;29,27,11,20;6;14;12;3,21,11,9,20,4;24,28,7,9;16,11,17;28,16,18,0,29,15,26,24;5,9;14,27,6,0,1;0,10,1,21
23,6,13,20,27;5;1,28;27,9,12;13,15,12;4,24,7,27;16,21,12,11,23,27,14,13
3,4,17;17,9,16,1,23;16,13,20
24,11,16,3,13,27,9,20;4,23,15,1;20,24,16,28
4,9,17;18,28,15,16,20;8,21,1,2,16,9;6,15,19,8;14,25,22;10,4,8,22,9;23,9,26,3,29,7,25,6;1;28,0,3,7,18;29,10,4,15,18,28,21,22;8,5,6,4,13;19,20,25,9,3,8,14;29,7,3,20;7,13,12;19,26,0;9,6
13,4,29,14,6,16,11;15,29,21,25,4,19,28,10;10,17,6,8,29;21,4,17,9,15,20,29,13;1,19,6,18,26,29,3,2;10;3,16,26,24,20,7,25;20,1;13,2;16,10,19;8,21,22,18,13;0;8,28,17,27;24,10,0,18,2,19,6;18,20,13,3;22,14,6;26,6,20;15;14,9,5,24,15;16,0,18,13,22
6,2,0;21,13;11,3;5,17,13,3,16,26;0,23,8,21,4;19,29,27,18;13,20;8,11,17,20,13
2,3,29,1;27,13,20,26,29,24,28,4;1,6,21,15;20;4;24;10;12,11,2,18;14,20,25;3,24;9,20,17,10,2,23;15,19,21,5,1,7;18,29,10,28,11,14,2;23,21,18
22,24,0;27,0,1,20,25;26,16;25,7,5,8,11,29;26,24,2,12;25,27,0,5,7,13,10;21,3;26,11,16,28,0,17,21,3;19,29,16,2,26,12,23;13,1,4,10,27,23,5,17;7,28;25,14,6,9,27,1;2,0,18,24;28,25,21,3,13
9
25,12,6,0,17,11,15
11,15,25,3,18,2;20,11;14,6,26,4,25;0;13,6,8,24,20,11,0,19;6,14,24,29,16,10,20,15;14,25,17,6;5,12,27,26,16,9,13;22;15,20,18,29,14;13,21,15,10,11,18;0,24,2,7,22,5;29,26,17,0,4,23,7;18,9,13,28;20,28,13,1,6;28,8,1,10,19;25;18,20,10,27;29;6,15,28,0,17
21,23,14,22;0,14,13;1;10,12,8,18,11,7,27,17;7,20,5;23,13,24;19,29,5;17,7,10,20,8,18,12,22;23,24,22,13,21;12,26,22,25,14,5;7,15,6,1,29,19;3,20,5,26;16,23,13,0,6;14,10,21;13,19,11,10,6,12,8;14,19,25,20,18,27,15,8;3,6,18,14,2,28,19;15,10,13,16
8,18,10,29,6,20,22,0;4,6,25,28;20,12,21,3,14,8;15,24,23,20,5,7,3,18;28,3,2,9;12,0,7;5,7,12,26,20,18,17,14;1,9;5,9,7,29,16,27,14
13,20,4,29,16,11;12,20,19,2,29,9,17;23,3,0,14;24,11,4,29,12,10,7,26;18,28,10,24,11,25,29,22;10,28,16,8,15,6;17,18,4,21,12,14;9,14,29;18,3,10,4,5,0,25;25,7;24,20,7;23,2,7,16,6,5;16,8,1,25,6,15,4,28
25,29,14;1,24,14;3,29,19;27,25,7;18,1;19,21,12,2,14,15,10,6;27;21,25,2,11,1,22,4;2,24,12;15,9,24,4;6,25,20,9,3,26,1;29;11,6;21,17;18,24,17,14,13,29,27;27,22;26,25,29,24,5,18,19,12;10,21;24,22,7,11,0,5,20
18;8,18,4,26,19,28;5;3,6;11,21,20,5,8
14,5,16,26,29,13,15,20;28,3,11,29;29,21,26,27;5,28,10,20,16,24,6;22,23,28,11,8,13,21;24,29,21,22,2,10,12;13,26,0,8;22,8,17,4,15;26,5,12,24;9;18,6,22,8,27,10;16,15;5,11,10,20;24,0,22,25,28;8,29,27,28;17,6,21,1,25,27;20,12,16,15,1,9,13,6;25,21,19,26,8,6;15,5,22,20,23,11,29
25,9,22;15,5;16,12,17,11;27,20,2,13,19,17;9,20,21,27,18,29,15,14;27;29,12,5,10,19;8,10;2,12,23;6;18,16,8,11,13;18,9,6,20,7,27,4
2,22,23,9;3,16,5,1,4,12,2;21,20,7,25,1,10,4,3;8,25,21,3,13,2,10;20,7,16;6,17;0,29;26,15,9,27,18;7,6;14,21,22,18;11,18,29,5,23,3,7,14;15,20,28;25,20,18;19;20,25,16,11
23,21;12,27,14,11;18;19,23;21,2,3,29,4,17,22,19;15,26,4,22,5,11;11;26,27,20,8,19,3,1,7;23,27,18,1;4,23,10,28,5,2,16,19;0,1;3,26,0,17;26,29;15,24,14,10,16,13;29,2,13,27,3,15,23;11,12;22;1,17,13,8;3,13,28,17,25,0;24,14,2,29,7,3,22,9
14,21,25,11,23,26,27;15,2,17,23;27,20,11,0,12,14,29,18
25,4,0,11,24,27,9,28;21,2,26,22,19,3,24,14;12,2,29,23,28,16,9;15,13,29,7,5,22,23;11,3,20,8,7,29,0
