8,21,23;6,2,11,25,13
9,2,20,29;6;6,1,28;0,22,9,17,26,23,27,25;26,7;3;8,23,13,21,11;23,11,21,0,4
25,18,26;26,8,13;27,9,8,21,7,15,1;8,10,3,24,23,20;18,29,15,22,19,24,27,0;20,5,13,22,11,15,1
10,22,5,4,0,18,7;4,8,23;2,24,8,21,9;0,15,12,4,29;0,25,29,10,28,16;28;20,28,27,10;6,4,7,23,28,2,5;16,7,20,4,13,12;12,8,18,14,29,17,2,4;11;13,20,27,2,4,11,19;26,11,12,21,13,3
2,5;12,26,11,22;7,19;0,1,27;14,12,17,28,15,7,11;6,8,29;14,10,28;15,17,3,18;24,22;6,19,25;27,29,7,14;15,13,7,20,29,22,23
2;2,9,5,3,10,1,23,4;16;11,20;29,24,0,11,3;28,20;10,2,26,17,13;0,1;11,4,12,18,23,26;5,11,17,10,25;9,3,14,7;23,19,1,13;15,25,5;1,16;27;10,6,18,17,12,4
7,24
19,17;13,26,21;24,0,19,15,8,29,28
6,27,29,18,28,20;2,24,25,10,9,18,20;13,3,16;13,16,15,18,1,0;19,18,20,24,11,0
21;25,24;15,27,13,17,20,8,26,1;29,24,12,1,26;12,21,14;5,21,17,16,18;9,8,14,23,29;6,12,20,26,21,8,22;12,5,20,29,28;26,6,11,10,0;20,15,9,16;25,27,3;7;9,6,25,27,11,5,4;6,14,25;24;12;0,11,22,1,7,8,29,14;28,4,9,3,20,12;28,18,12,22,16,15
7,6,19;11,4;3,21,25,15;12;27,17,19,22,29,3,5;0,5,28;24,0,9;3,10,6,7,13,16;13;26,22,25,14,2,18;12,27,1,0,14;8,6,26,14,15;4,21,15,28,19;28,0,29,7,9,12,10;10;23;28
21;20,8;25,28,14,5,2;4;21,7,16,29,27,20;28,7,17,20,16,8
8;20,13;29;2,5,15,21,9,4;18,0,27,4,9,10,2;19,23,1,26,22,17;24,2,0,13
19,13,26,15,20,21;28,25,22,9,6,14,2;26,3,17,20,14,13
10,23,14,6,8,11,13;9,12,20;24,0,28,5,7,21,2
12,25,4,3,29;17;18,21,23,6,25;15,16,25,18,22,29,27;5,25,29,9,0,12,17,21;16,23,0,26,3,11,28,21;9,11,0,16,20,27;4,13,3,14,12;22,23,18,21,10,20,15;28,7
21,9;29,28;7,26,25,12;18,14;19,14,10,27,2,26;25,15,18,23,8,3,5;12,4,27,7,15,6,18
13;18,0,10,28,17,22;14,5,19,9,25;2,18,25,22,12,15,14,20;21,25;21,8;18,17,21,15,7,25,12;24;7,12;19,12,1;29,20,25;17;23,22,20,11,7,17;11;18,13,10,1;19;28,18,7,27,11;18,25,26,2,3,4;0,29,17,28
21,25,19,5,17,15,18,27;17,11;5,12,26,20,22;16,17,14;16,2,7,9;22,17,28,23,27,15;13,28;13,25,6
3,27,6,25,18,0,13,2;7,11,21;11,8,5,15,28,29,18;15,4,29;9,0,8,2,7,1;28,29,12,1,10;15;17,26,12,11,8,16,28;29,26,5,18;2,18,1,25;29;20,17,10,9,1;16;4,11,25,29,17,13,28,2;3,19;26,19,9;16;19,24,6;9,13,25,6,5,18,0,17;9,26,21,13,5,1
17,24,20;23;7;1,2,3,12,11,14;25;1;23;22;11,0,13;9,0,21;14,24,20,21,25,23,6,19;16,18,22,8,26,6,0
24,6,28,26,9,16,25;28,19,7,24,13;20,3,7,1,21,29,18;27,10,0,21,11,28,4,2;25,15,8,27,29;29,20,22,4,10;22,13,11,26,6,9,4;21,12;2,10;1,23
6,11,21,25,4,17,10,23;29,12,18,20,28,27,2;18,13;2,20,4,15,9,6,16,17;16,27,11;3,10,16,13,12,20,18,21;13,10;28,25,7,19,6,21;8,22,21,27,26;22,12,29,8;8,16,15,2
16,26,25;23,11,5,28;14,25,0,23;22,18,4,13,15,14,27,12;7,5;5,17,2;27;5;28,20,4;8;20;9,21,18,14,16,1,10,24
22,29,11,9,21,10,24,6;26,12;6,3,10,21,22;20,24;20,13,18,21,5,6,24,11
27;1,21,6,28,29,26,18;0,20,26;15,6,20,26,7,17,27,22;19,9,17,22;1,21,6,2;15,6,24,10;0,8;15,29,11,26,22,17,27,25;25,16,14,5;20,22,23,1;5,7,8,25;11,14,27,16,5;11,9;21,15;3;25,6;8,10,14,2,13,17,3;12,10,27,19,11;21,2
25,7,23;28,27;1,28,12;0,18;5
9,23,16,1,18;7,28,13,15,17;24;8,20,2,10,4,6;0,24,15,27,22,14,5;15,17,10,22,28,27;15,11,23,9,26,24;28,23,13,9,5;10;14;8,14,23;19,6,18,2,20,8,22,14;5,28,20,22,21,11,26;7,27,25,16,19,17;28;16,14,13,15,23;1,13,21,19,7,14;29,0,19,3,14,4;21,1,18,27,5
18,12,1,22;19,18,16;20,16,5,4,1,21,2,3;23,2,7,22
28;26,28,27,6;22,5,1,18,21,11,8,2;17,12,15;25,8,5;17,8,4,15,12
26,17,18,22;22,1;11;18,16,28;23;5,24,7,19,8,10,26,18;10,11,27,3;2;21;29;19,27,13,15,5,23;1,22;9;28,12;21;24,7,13,12,19,22,0;9,12,23;1,12
28;14,0,23,11,28,27,12;23,0,27,1,21,18,13,10;3;28,2,7,8,21,17,20,9;25,8,14,7,4,17,26;14;13,14;29,0,1,12,3;25,9,10,5,4,13;14,15,26;6,14,7,16,29,17,15;10;12,4,24,19;19,26,7;3
11,12;26,9,23,7,11,2,29,14;6,11;1,22,13,6,24,3;21,3,15,6,12,17,25,29;2,9,23,20;5,19,29;1,4;19,1,2,21,8,15,3,27;12,27,10,0,7,8,3
15,29,12,10,14,26,2,16;29,18,6,25,27,1,8;17,25,21,12,29,8,18,4;20;2;6,5,26,25,7;27,22,16,4,7;2,24,22,4,21;0,10,24;25,29;2,9,24,23,8;5,10,3,8,13,22;3,24,2,10,23;20,28,21;26,15,29,12,22,1;7,6,10;27,14,22,12,24,18,9;16
22,7,14,25;26,0,14;11,16,0;18,15,1,12,22,17,26;1,28,17,12,19;17,28,5,7,25,13,23;20;5,17,15,2,1,12,9,16
8,28,15,6;26,8,6,10,21,13,17;0,25,23,9;24,5;9,8,1,21,16,14,13,0;29,18,1,12;19,21,13,23,9,20,1;9,23,5,15,17,22,16,8;19,5;23,7,15,19,5
16,13,0,21,17,26,3;11,9;5,24,19,6,25,7,10,29;24,17,9,1;5,0,7,10;8,11,27,18,1,25,24;23,17,3,27,19,20,6,4;11,16,5,0;17,8,18,9,29;10,24,29;26,28;21,1,0,10;17,9,4,23,24;26,16,2,4,24,12,22,18;2,14,4,19,9,13,7,15
26,5,25,17,3,2,0,12;25,11;7;26,19,8;14,10,23;4;27;23;28,23,14;14,27,20,11,29,5,25;7,20,22,13,2,18,26;28,11,14;20,14,19,12,17,13,11;5,24,8;28,3,27,15,17,16;20,23;21,27,15,6,0;19
7,10,14,22,25,2,21,28;17,18,9;6,23,5,7,13,0
14,19,13,7,2,3;26,20,19,10,15,4,22,11;22,16,27,11,3,25,24;21,23,25,19;7,11,5,27,4,3,10;26,4,19,12;28,16,2,5,6,14,1;17,9,28,13;11;11;5,17,8,3,24,9,25,18
23,16,12,17;29,18,15,5,12,16,6;24,23,8,17,7,11;23,11,0,9;3,11,0;2,16,7,15,17,20,27,8;13,7,11,21,9,24;21;28,11,29;28,3,7;18,2,22,9;13,9,24,12,4
3,7,12,23,1,26;28,10;8,3;20,13,21,9,29,2,28;20,29;26,8,23,12;24,7,21;10;3,9;28,0;18,22,5,15;26,25,10,22,8,7;29,25,9,6,16,10,1;8,5,26,9,18,10,25,24;6;13,28,23,25;22,4;28,18,13,2,14;5,10,3,16,24,17,11;10
9;25,7,16,19,21,8;10,8,2,20,0,21;29,28;28,27;5,25,27;0,28,22,2,9;22,2,10,17,19;2,22,20,16,4;0,25,29;1,18,8;9,26,14,23,17,1;21,19;1,4,16,29;8
3,5,2,17,7;26,25,11,1,28,21,29;24,29,19,25,4,20,8;3,24,16,21,23,18;24,16,1,23,9,27,17;21
24,18,26;13,4,29,5,27;13,4,0,10,21,17,29,14;6,19,28,26,15,20;23;21;5,13,24,23;28,1,23,0,8,27,18;2
9,12,17,6,25,19,10;8;6,23,14,15,19,18,9,5;0,29,6,10;19,24,10,9,7,29;2;23,18,17,24,6;5,24,25,28,7;13;13,29;26,7,10,6,18;3,15,19,28,21,7;24,13,27,2,1,15,12
28,20,9,14,4,13,8,5;18,13,28,27,25,21,6;17,20,0;22;11,19,23,26,16,3,1
0,2;19,8,16,5,14,9,11,12
20,21,24,12,22;6,21,11,29,9,27,12,16;6,28,3,18,17,11,14;21,13,19;7,13,8,11,4,24;19,16,22,28;21,5,27,16,14;26,2,24,0,9,16;4,24,9,7,23,0;5,0,19;4,1,21,19;13,22;10,24,15;29,15,0,21,9,10,2,17;27,10,19,13,5,3,1,25;0,21,23,14,10,24,3,1;20,1,9,13;3,14,12,7;20,0,18,12;2,19,11,27,16,18,7
14;22,3;3,26,7,21,5,2;12,14,23,21;5,20,0,28,2,8,3;23,28,9
9;9,28,2,6,13;19,13;1;2,10;20;17,13,7,27;23;7,5,17,23,4
29,12,24,27,14,8;29,26,6;27,15,17,5,4,25,2,8;0,5,25,23,3,9,6,28;6,1,29,7;13,23,18,8,25,20,27;27,21,11,20;11,6,27,12;21,3,6,23,8,13,5,22;20,15,22,4,5,23,0;11,10,3,22,2;13,20,23,14,17;27,21,18;25,18,27,12,9;25,19,11,1,29
28,1,23,26,25,16,13;14,7,18,9,20,3;18,14,17,20,29,13,11;29;27,0,20,3;22,21,2,4,6
28,9,21,11,23,1,20,26;15,29,24;11;8,28,15;29,2,7,26,16,22;3,4;29,2,0;12,3,27;9;3,4,16,21,13,23,26,10;10,24,23,12,5;0;8,28;10,27,13,4,22,8,15,11;11,5,29,12;27,14,18,29,6,11,12,2;23,14,17,11;12,25,24,21,0
20,18,21,24,11,16,14;24,1,17,29,28,25,23,0;27,9,10,26,23,19,14;15,13,28,20,0,23,21;14,2;20,23,4;21,27,14,18;3,21,24,11;22,20,17,8;28,17,7,21,23,29;0,27,26,8;23,27,0;19;5,1,29,7,16,28;13,7,11,2;12,21,14,16,18,29;2,22,24;4,13,3,7;3;25,9,8,27,11,5,17
14,1,15,7,20,4,9;24,11,1,20,16,26,12;3,22,18,9;19,7;12,9,16,0,8;9,4,24,28,7,11,25;2;27,22,6;24;12;8,20
4,7,18,21,20;21,1;1,10;3,17,25;20,15,26,0,9,13;22;12,0;0,20,9,12,25,24,2;4,5
8,25,6;12;20,26;24,15,11,12;13,14,29,0,23,9,7;12,15,1,9;25,11;23,18,8,14,9,11,22,13;8,14,2,0,26,12,4,5;13,25;15
24,21,11,10,29,1;25,27,13,22,29,16;24,15,6;8,25,16,27,14,0,18,21
3,28,12;27;15,20;25,10,17;0,26,10,6,14;17,12,21,24,28,27,15,29;21,11,16,5,20;21,26,2,24,12,16,17;11,1,25,23,20;13;5,1,11,20,26,23,25,10;24,19,11,26,12,1,18;13,12;13,11,14,26,15,19,1,23;10,12,4,29,17,7,20;7,17,28,26,9
17,20;28,11,19,25,6,3;25,22,1,9;19,20,24,28,12,22,21;10,23,26,9,17,6,19;15,29,9,12,3,5,10;6,13,19;10,18;4,26;17,19,25,7;6;29,13,18;5,27,3,22,11,25,26
18,27,29,4,12;12,15,25,4;12,8,6,0;24,18,9,5,17,21;20,24,12,8,4,3;3,18;16,17;3,25,26,1,13;1,29,23,28;13,7,10,29;20,23,9;27,26,24;14,28,11,27,10,26;29,3,10,12,17,26,11;1,25,2,18;13,23,12,18,21,2;21,4;15,3,9,22,23;1,17,10,22,9,4,18
8,19,7,27,11,26,3;6,14,24,23,7,27,2;7;16,2,10;29,13,2,16,21,5,26;16,24,11,25;11,23,14,22;26,13,12,8,1;20,25,23,26,6,11,21,2;26,21,28,19,29;19,9,10,22,0,27
3,20,21,15,7,23,17;3;4,24;6;13,5,28;5,2,9,25,7;0,23,16,5,11,29,6;0,15,26,2,29;5,16,4;11,29,10,17;3,0,28,29,4,21,15,13
4,20,9,18,26,27,1;22,13,28;4,2;23;10;12,25;15,16,24,13,12,18,6,19;17,26,28,21,25,15,0,10;21,14,12,1,26;2,5;10,5,15,27,1,18,28,16;16,0,10;26;7,27,16,19;16,5,12;1,11,14,20;8,19,0
21,25,9,3,15,22,28,5;23,6,12,29;20,1,7,18,26,28
20,21;12,13,8,25,17;15,22,0,21,20,27,19,1;28,0,29,18,26;6;23,3
17;23,4,22,28;27,0,1,8,12,5,22,7;21,29;3,7,21,8;16,23,25;22,0,13;0,16,21,20,8,17,4,15;24,8,1,11,22,18;25,22,9,16,1,6,7,3;6,2,24,11,17,26,25,28;7
3,18
27,21,20,16;20;19,11,5,27,4,21,28,3
9,3;13,2,3,0,14;12;26,6;9,5,0;25,5,16,14;24;11,19,16,26
26,10,21,13,0,3;20,5;5;28,25,4,2,15,26,18;18,13,24,27;4,0,24,9,27,28,13;11,3,14,9,16,17,8;0,29,5,10,13;20,19,10;10,4,21,26;1,7,25,19,20,15;2,5,8,17,4,26,25,24;9,1;3,5,23,14,21;20,11,15,21,29,25,1;3,2;21,6,13,22,20;18,26,8,6;5,25,1,4;10,13
17,1,10,29,20;23,7,19,0,22,26,4;23,27,24,17;2,15,4,16;23,9,20,25,0,29,22,10;2,7,26;22,28,17;21;28,5,11,27,9,24,29,26;21,20,18;28,1,10,12;24,14;4,13,18,2,6,14,21,17;13,11,7,14;8,19,7,13,29,21,24;25;8,23,1,29,4,6;1,11,0;8,0,4,2;11,5
16,13,9,6;16,15,25,7,10,8,24,9;1,4;29,26,17;26
25;20,9,27,18,1,7,23;10,12,6,22;13,21,14;18,3,1,27,20;9,3,27,17,24,13;23,27,21,18;28,4,18,14,5,7,23;17,3,26,22,19,1,4,5;19,6,1,15,22,21,5,4;9,15,14,29,26;21,2,16,9,27,6;18,15,19,0
25,24,10,19,6,2,21;23,5,7,18,13;6,22,17,20;0,20,3,29,25,14,9;2,16,24,26;11,8,16,22,15,12,5,19;6,15,3,10,9;1;21,17,5,11,8,22;13,28,29,12;29,8,22;20;25,24,10,12,26;10,25,18,5;1,2,5;16,10,0,3,24,22,8,15;0,23,8,15,24;17,8,26,23,28,6,1,19;16;4,14,9,26,13,28,8,2
12,6,7,16,2;17,14,19,25,23,22;9;15,24;7,10,22,12,1,0;21,8;24;13,20,26;18,19,25,26;13,28,10;12,15,16;28,19,18,20,6;0,17,5,16,19,7
9,18,10,6,28,25;19,5,25,7,21,26;0;17,10,5,16,4,22,12;0,3,16;14,29,26,22,7,24,15,11;19,29,16,3,7;21,4,14,11,28,9,17;14,8,15,21,23;16,21,22;12,29,11,22,27,28,14,16;10,12,18,1,13,28,7
16,8,4,15,1,2,26,9;16,25,29,21,7,23,12,0;13,29,15,17,28,2,5,8;4,1,23,18,17,12;21,0;10,0,14,27,19,13,18;19;11,12;20,0,21,28,17,12,7,4;27,14,10,29,19;18,9,14,15,21,17,26;10,14,12,24,13;7,15,16,0;5,22,12,25;2,26,20,18,17;12,25,7,26,21,3;27,24,22,16,29,4;1;24;14,8,16,29,4,20
2,25,3,1,15,29,14;17,16,22,29,5;25,8,15,12,1,21,11;4,12,24,8,6;15,2,22,21,20;27,6,17,12,14,5;16,7,2,26,18,1,11;5,22,21,3;29,16,11,4,14;26,23;11,3,4,14;15,19,1;22,9,25;21,10,1;12,5,6,4,21,17,25;9;2;29,7,19,8
