9;10,20,1,3,28,7;11;26,27,15;23,24;15,26;4,28,24,6,3,20;12,1;22;11,27,2,16
0;11,13,8,7,27,25;29,17,15
13,28,12,19,5;16;27,20,11,25;4,16,18,17,28,1;27,28,22,25,12;26,28,25;13,22,12,24,0,15;7,21,2;28,29,5;17,8;22,9,1;1,22;10,5,14,21,15;25,20;23,14;25,18,27,11,15,19;27,22,4,10
15,27,9;11,21,6,19,12;22,24,10,19,3,0;3;4,20;15,11,18;14,9,6,17,26,7;12,5,13,26;12,26,0,10;26,3;8,1,17,12;5,29,20,25,11;20,7,23,17;27,1,18,12,10;22,8;28,13,4,16;20,19,24,1,14;24,21,13,5,20;3,12,5,6;21,3,2,8
12;4,23,14,11,7;29,12,15;2,18,8,16,11,13;14,26;0,1,2,17,24;11;18,22,14,20;26,10,13,1,19,15;12,16;19,1,22,24
26;16,8,10,4;3,5,21,7;28;11,18;16,8,15,28;21,27,1,16,3;14;20,14;8;29;4;12,6;18;11,27;26;16,19,15,20
15,0,6,9,29;4,25,23;22,12,14,5;3,0,26;19,23,26,13,8,28;3,27,4;17,2,6,10,18;25,12,4,0;12,28,1,3,10,9;25,6,7,14;11,2,8,9,25;5,16;20,13,1;18,5,6,4,23;21,3,19,2;24;13;10,29;4,13,19
6;17,4,13,26;24,15,9;0,1,9,14,21;28,13,27,1,10;28,2,5,22;21,4,18,6,8,22;21,2,24;26,21,23;26,28,3,23,24,27;3,19,27;24,14,26,1,16;8,15,18;12,20,26,23,2,10;19,6;24,17,16;2,9,22,18,14,13;5,15;26;6,12
4,23;5,9,11,6,22,12;18,25,23,2,15;19,2,9,10,28;12,14,13;9,18,26;19,25,3,2,29,4;16;0,7,3,2
9;7;12,29,27,11,2;29,9;5;0,20,13,16,23,22;25,14,1,26,29,0;3;23,22,9,14,20,11;5,25,13;19;22,28;10,20,15,2
10,26;24,7,25;1;29
9,13,15,5;0,29,5;21,22,20,5;22,9,19,24,15,8;23,22,8,1,13,27;13,12,8,15,28,9;23,21,25,28,8,15;10,4,25;19,5,13;10,21,7,1;12,25,20,16;23,10,21,27;8,22;26,4,8;21,0,10,18,4;15,14,1,7,19;14,1
14,11,0,2,25,9;20;8,14,5,29,28,24
2;11,13,1;5,25,8,10;23,24;1,16,14,7;14,19,5,8,7;11,15,24,3,29,12;17;2,24,10;20,10,11,6;23,6;9,2,23,7;28,26,3,6
10,5,27;3,13;0,10,1,11,20;14,16,24;18;4,3,8,9,27;23;17,11,14,15,24;29,27,22,12,1,3;27,28,17;19,18,2;15,14,9;22,14,0,10,13;15,29,3,24;29,17,18,9;17,24,19,14,3;2;23,4,20
9,25;24,23,22,7,14,18;22,9,29,6,3,1;10,19,16;5,14,25,21,29;6,1,29,7;18,16,11,25,2;25,14,21,5,9,17;12,6,20,16,24
23,14;7,9,17,18,1,22;28,4,24,15;25,28,6,16,21,4;4,23,13;28,21,16,20,11;17,13,22,11;3,21,5,4,29;9,27,28;1,27,24,10,20,4;20,6,11,7,26,25;28,25,23;16,29,19,26,4;21,11,25,26,14;8,24;25,4;4,21,12
4,23;15,2,10,0,28;7,9,25,19,13;2;22,9,0,6,4,26;1,10,18,27,21;6,4,20,28,23,25;25,11;2,26,10;21,26,12;17,3,21,10,23;26,12,18;8,22,13,25,23;14,19
0,14;13;7,18,19,24,3,8;29,23;10,8
29,8,12,18,10,0;2;3;29,15,1,10,23
