24,12;8,0,7,36;22,23,34,16;2,23,39;25,8,17,19,36,9,22;8,5,17,0;21,18,15,17,16,29,7;11,20,12,38,14,10;23,33;32,7,5,38,0,31,26,4;2,31,30;16,37,17,5,13,18,7;38,0,16,13,2,9;21,8;8,18,6
32,2,21,6;25,12,14,19,20;24,12;7,39,31;23,5,13,4,1,38;39,4,2,27,5,30,13,8;3,21,24,28,7;22,1,6,16,25,20,9,38;8;4,22,23,26,38,36;8,35,7,24;14,16,18,0,20,17,22
32,36,19,2,38,22,1,5;33,24,37;4,12,24,15,6,37,21;0,9,16;25,6;19;21,5,39,38,7,1,19;31,37,14,6,24,35,1,19;3,17,23;0,13,20,2,36,14,19;13,36,8,17,15,38,26,11;20,38;15;31,0,23,27,22,24,2,12;24;11,25,16,12,34,22;27;13,28,33,38,25,4,7,0
32,34,7,35,8;37,12,34,39,6,5;30,15,17,11,7,32,25;8,13,6,12,22,16,5;8,38,23,4;6,28,0,24;9,6,2,0,34,33,14;0;27;33,15,24,7;37,23,33,8,36,3,6;8,17,13,23;37,11,6,12,0,36
28,25,31,9,19,24,10,22;0,16,38,2,29,13,22
32,11;39,29,21,20,25,9,26;19,10,0,1,6,12,26,35;4,9,21,30,0,12;11,33,27,10,39,14,15,6;1,29,23,25,14,5,15;17;25,29,37,23,35,13,32;10,19,8,22,32,18,27,7;10
5,22,8,18,13;35,8,0,1,2,19;13,7,11,1,39,33,38;11,2,20;30,16,31,39,5,37,0,6;3;23,3,1,7;22,16,29;19,26,38,30;3,32,25,5,23,38;0,7,24,5,8,25;28,26,5,38;38;11,24,36,13;1,23,33;12,6,31,2,28,36;3,9,29,20;19,36;32
31;38,22,26,12,2,6,18,9;17;5;18,12,25,7,23,29;35,38,17,19,31,12;0,34,1,7,12,35,9,15;22,38,21,0,6
0;39;33;10,36;36,17,2,38;12,2
39,10,27;32;1,6,36,37,35;37,18,19,32,20;39,4,37,13,25;23,2,26,0,39,16,34;0,6,37,30,21,17;13,20,9,0,3,27,29;34,18;24,25,20,22,26,30;33,14;35;32,26,34
31,29,9,17,7,12,16,1;9,13,1,32,39,34,7,5;19;9;28,31,37,14,8
24,5,21,19,20,6,17;8,38,1,30,14,7,28,33;38,17;26,38,21,0,2,12,30,3;2,8,24,23,13;22,10;21,1,37,31;34,22,7;24,37,29;37,32,19;17,8,10,27,38,28,0,3;31,13,27;29,22,7,8;0,2,12,38,26;26,1,0,29,37,8,33,24;10,8,18,23,14,15,3,34
3,39,19,34;21,39,34,36;20,29;38,25,29,17,20,0,39;10;23,10,3,11,35;25,4,8,12,10,34;39,30,13,35,4,15;21,0,30,2,12,8,11,7;22,1,7,11,15;25,5,14,9,29,18,33,39;27,39;24,26,34;37,13,32;7,12,4,32,25;13;6,39
14,1,39,2,12;35,2,0,8,1,19,15,39;36,33;20,14,3,38,35,22;26,11,13,0,19,17;9;26,35,24;10,13;19,21,4;20,11,13,34,31,30,25,1;17;7,23,29,39;0,39,32,37,20,27,10;32;29,2,33,19,18,25,26;34;27,10,24,19,13,6;10,4,35,3,27,12,7,24
31,23,24,27,32,14,21,15;30,4,19,20,14,31,33;16,21,22,1,39;28,38,8,37;10,1;15;12,19;28,5,8
13,36,37,21,24,34;1,38,10,8,25,33,31,16;9,12,7,3,30,31
32,19,28,39,30,7;7,9,29,35,10,39,19,24;29,17,4,13,22,25,2,39;16;12,35;29,11,15;7,36,30,31,33,17;23;21,35,25,16,22,9,23;14,33,36;31,11;11,16,15,25,6,1,24,2;39
20,37;37,7,23,0,38,12,34;0,20,5,36;35,13,14,34,11,12,31;13,38,24,17,2,0,30,19;10,34,28;18,5,21;6,9,33,34,11;26,38;18;24,10,35,20,29,39,3
23,11,31,35,1;31,10,1,20,38,15;23,17;18,0,16,5,8,7;23;24;25,28,7,34,1,38,19;21,29,0,20,17;35,4;16;0,21,8,20;11
26,3,39,16,9;15,31,39;22,18;16,18;25,13,10,6,3;4,37,14,27,13,10;20,5,34,10,2,17,39,14;9,5,8,21,14,37,34,25;7,38;7,39,0,12,18,14,10,19;8,4,21,15,3,19;2,16,29,27,28,8;22,23,33,5,10,25,37;4,37,28,24,31;8,30,39;5,16;18,10,0;8,20,15
12,7,8,22,20,38,23;9,15,12;35;33,10,38;21,14;4,17,20,38,5,8;23;31;27;22,9,13;5,28,19,23,14,32,34,33;37,5,34,25,24,38,31,26;39,19,30,2,7,24,3,0;28,21,13,3,7,34
12;8,0;18,25;26,11,19,35,8;16,11,3,18;34,8,37,26,31
30,25,1,9,5,11,10
38,6,26,0;21,35,2,39,19,6,18,15;37,31,2,18;31;26,35,13,4,5;37,15,35,27,21,13,34;8,10,15;17,12,39,32,37,3;26,8,6,21;25,16
28,23,25,3,19;34,1,36,16,28,24;26,7,9,38,30,16,12;19;35,17,1,20,19,31;20,32,15,37,38,5,19,17;8,0,7,26,38;14,19,18,7,38;33;24,38,3,20,2;18,10,26,17,11;14,5;28;8,17,27,25,0,24,32,26;2,3,39,24,27
33,19,34,5;24;32,20,5;6,4;2;37,21,8;37,28,7,1,34;34,14,23,35,3,26,8,17;39,12,23,4;1,9,21,8,5;33,31,23,17;5,20,23,15,26,9,31;5;32,34,9,20;17,9;26,17,8,36,30
10,24,16,2,3,6;4;6,25,37,38,30;17;32,8;9,25,21,0;36,21;8,4,5,31,27,28
26,34,2,17;21,10;25,39,36;10,29;3;1;30,22,35,23;37,6,32,36,5,23;10,38,8,2,4,13,32;19;20;16,30,38,27,24
22,35,16,21;38;7,29,22,24,11,23,21;14,15,19,12;35,7,15,24,30;13,10,38,30,29,26,4,22;33,6,26,11,27,4,28;39,19,36,1;20;35,29,19;7,16,8,10,12,36,35;6,22;9,30,21,26;33,0,5,10,23,6,7,26;34,25,17,12,13,18;31,2,11,17,4;30,8,20;8,30,27,17,10,5,32,29
39,7,22,21,23,0,35,26;34;9,36,18,33,4,1;34,17,33,22,7,23,6;0,18,38,36,15,20;31,35,10;38,18,6;37,14,32,24,8;30
13,28,27,32,19,10,0;10,16,7,23,6,33,22;16,29,4,14,24,32,15,9;5,19,2,0,3,34,13;29,5,36,0,9;37;22,4;19,10,31,34,17;2,37,22,0,26,6,38,1;15,7,23,30,21,39;1;32,28,6,5;6,15,29,23,1,28;6,36;36,7,14,39;8,7,18
20,10,13;28;25,36,3,4,1,38,20;6,31,10,38,7,23,29,9;39,33;21,24,32,30;11,22;34,22,12,6,25
38;18,4,25,26,17;33,25,22;29,7,16,23,12,17,18,8;34,20,36,3,29;18,27,8,9,13,2;30,22,35,39;17,0,39,37,21;9,26,23,8;32,1,31;7,20;24;1,13,35,29,19;32,37,15,39,7;33;0;13,23,8;4,20,19,7,15,2;24,10,18,13,27,28;18,24,17,23,22,1,6
29,15,5;27,22;38,0,9,14,19,21,13,4;0,5,8,27,15,4,34;6,36,25,39,23,3,7,13;24,30,28,19,6;11,5,28,29,4,21;36,23;13,7,2,17,26,16;29,1,9;33;4;1,13,5,19;20,10,32,7,23,30;33,18,8,4,0,35
36,6,22,12,31;0,31;16;29,30,5,24;24,3,33;29,32,10,16,27;4,39,34,12;12,16;31,6,0,5,37,32,28,29;35,31;39;19,39,37,30,22,13,20;23,14,34,16,31,38,2;38,35,0,39,17,2,27;1,32,37,35;38,23,30,36,3,18,8;33,2,35,38;0,35;6;15,27,23,31
2,0;31,3,4,38,9;18,6,16;32,33;15,2,19,28,37,38,8;7,36;13,20;23,7,10,38;6,15,2,38,26,36,18;9,5,11;9,28,8,1,27,15,24,21;11,8,36,17;7;5,9,18;21;36,11,6,0,14,13,30;25,38,10,23,28,21,29,4;1,7,38,17,29,14,30;30;17
32,15
19,3,25;28,25,14,24,26,1,30,17;33;4,30,22,33,9,28,10;27,38,28,0;34,12,38,35,19,24,28,14;23,36,9,12,13,11,15;3;16,2,23,14,33,13,17;13,27,7,8,37,14,39,11;31,24,11;15,6,19,18,8,14,9;9,35,26,25,3;6,8
13,25,21,7,6,20,1,26;27,1,39,20,12;32,24,9,21,17,33,10;1,29,30;23,21,24,8,15,31;3,4,25,10,26;8;24,32,27,26;23,8;15,3,8;20;25;5,18,29,39,9,23,15
16,36,37,15,14,9,27;15,33,3,5,7,21,34,12;0,8,16,21,14,17,27;27,12,26;16,23,1,12,22,29,28,30;25,17,20,32,21,15;6,10,23,28;21,26,13,12,11,24;14,23,16,8,3,1,5;13,11,30,0;35,17,23,27,33;21,38,36,29,9,19,13;1,2,23,0,24,13;38,14,31,22,0;27,0;37;19,25,10,15,26;23
20,31,27,23,21,6,39,25;32,25;7,33;28,16,14,1,2,36,22,27;36,7,17;33,39,2,8,11;24,2,14,5,29,31,1,25
8,2,22,12,17,27;35,16,24,26;10,2,3,9,18,0;6,18,19,20,13,23
15,37,21,29,24;0;36,22,24,9,5,33,8;35,6,13,33,18,32,11;18,23,26,31,29,24,2;38;7,14,18,38,17,4;38,24,37,36,5,35,32;10,8,17,26;16,35,11,36,9,34,21;0,35,2,10,13,1,23,18;9,0,23,28;7,26,31,35
36,32,34,33;13,2;34,37,21,1,13;38,29,34,26,12,33,11,25;17,36,34,7;17,37;15,24,36,16,21,27,32;29,22,20,0;10,9,6,19,7,3;10,31,15,0,14,21,33;1,5,28,16,20,8;18,35,15
21;25,11,2,22,8,23,6,20;29,25,1,31,11,23,14,34;1,29,27,14,16;12,19;14;7,26,3,6,11,17,14;30,25,0,29,38,9,33;32,9;27,9,35,13,4;0;13,10,17,38,15;10;2,21,10,33,0,23
21;11;13,35,6,5,3,38,29;29,24,12,13,7,20;33,22,10,25,39,8,9,1;9,19,29;31,14,38,37;4,11,12,22;34,13,16,29,10,18,11;19,22,17,13,8,1,0,29
10,14,39,2,23;39,16,10,5,12,24;15,6,13,7,18,36,14,28;2,31,3,20,28,34;12,37,19;5,14,21,13,27,29,28,38;14,0,21,36,4,5,19,2;29,18,10,0,7,11,34,25;16,10,33,23;13,37,9;7;30,12,14;31,6,29,28,32,30;1,17,31,2,9,38,10,4;32,38,7,23;20,33;34,31,33,16,15,26
28,36,3,24,29,1,30
11,34,15;8;18;4,13,10,30,3;7,27,8,37,36;35,11,28,8,10,27,39,20;19,18,12,9;24,31,10,3,8,39;10,26;8,30,31,7,21,4,15;11,27,31;3,7,15,11,31;14,16,11,9,33,31;23,4,10,27,18,19;6,23,33,24,25,7;22,4,16;12;30,24,21,32;30,23;4,21
13,19,31,14,23,32,3;15;21,15,5,6,1,38,7;29,1,19;20,15,25
