9,7,6,13,4,0,12,3,8,21
27,22,28,4,23;16,13,29,15,21;8,26,4,29,17,18,1,22,27,20;21,14,16,1,26;24,8,2,26,3,5,0,13,9,15,27,14,4,19;6,20,26,16,3,17,24,18,27,21,0,1,12,10;11
24,9,29,14,25,18,22,11,20,16;28,20,22,13,17,18,3,23,8,24,9,21,4,27;11,27,18,9,26,10;1,22,15,28,26,2,18,14,27,25,8;14,11,6,0,16,8,2,9,19,27,20,21;29,12,2;6,1,8,28;17,16,5;21,29,24,3,17,12,5,14,0,13;25;15,23,14;15,14,1,16,23,29;5,3,22,6,15,23,25,26,20,0,4,24,8,10
6,21,15,19,29,8,1,14,24,4,2,12,9;13,9,17,21,27,4;22,15,3,6,4,19,18,17;20,16,4,13,28,5,17,6,27,24,19,8;15,5,16,0,10,12,21,1,25,11,7,17;1,25,23,18,17,5,26,12,4,8,29,2,6;3,14,13,24,12,0,17,7,27,15,16,9;18,16
27,13,10,0,15,2,11,1,22;0,18,11,14,27,9,21,15,6,19,10,12,7;3,12,11,7,0,15,16,6,13,26,20,29,22,9;26,3,20,17,14,9,28,13,8;19
28,3,0,16,21,12,18,13,26,9,25,7,17;11,19,10,29,24,12,3
17,25,14,19,22,9,24,3,11,1,15,10;9;8,22,24,29,10;26,6,10,22,0,3,19,24,29,16,12,13,5,1;4,3,28,11,17,9,21;7,5;14,7;15,20,8,1,9,25,17,14,29,10,2;23,8,1
21,12,17,5,3,7,18,27;0,14,15,28,4,3,1,6;0,24,19,10,17,29,16,20,1
24;9,25,16,15,20,26,22,11;5,19,28,16,3,17,24,4;27,18,21,10,0,16,9,23,8,13,22,2,1;18,2,9,8,22;27,28,16,2,21,9,4,0,20,14
6,25,0,11,28,17,24,20,3,2,26,16,12
24,26,12,10,25,1,14,6;24,1,15,19,28,2,26,21,5,16,18,3,6,27;10,0,18,20,26,14,19,24,8,1;4,20,26;5,20,1,22,26,21,9,16,10;7,10,5,17,6,14,22,11;3,11,7,0,20,17,13,15,22;17,21,1,2,15,14;3,26,21,8,25,18,20,22,29,19,23,16,12,11;18,28;6,21;13,8,3,27,7,15,29,14,0,25,10,20;16,6,12,15,8,19,26,11;3,22,8,1,4,20,25,9,2,17,16,23,12;27,12,28,21,1
13,3,12,23,19,18;9,28,3,11;14,8,20,17,24,12,29,28,18;3;19,17,18,29,14,12,4;9,17,27,14,24,20,7;16,17,24;5,4,7,11,19,24,9,22,25,28,15,2,21,3;12,4,23,29,13,7,5,20,15,18;12,29,28,21,7,14,20,17;12,7,17,20;3,25,29,23,24,13;0,5,26,2,10,24,23,27,18,13,12;9,25,28,21,3,23,13,20,29,12
28,12,29,13,10,21,14,25,3,15,27;18,13,2,5,28,26,14,17,11;9,0,28,23,21,10,7,22,24,14;17,15,16,1,20;23,12,28,29,3,19,22,8,13,27;18,24,8,26,25,6,3,19,2,10,1,17
6,22,13,12,2,3,23,4,16,14,0,27;24;24,3,21,10,1,19,4,11,25;12;11,17,24,16;14,10;20,5,29,27,2,13,24,26,3,4,25,16,28,19;18,7,24,23,20,14,4,17,26,25;27,23;18,25,1,3,22,7,13,8,23,19;26,14,0,6,29,12,27;3,19,21,8,10,5,14;16,7,14;22,27,13,21,23,15,25,24,20,6,0,17;14,2;18,8,5,19,3,22;13,15,25;10,13
7,29,4,0,17,28,6,18,12,24,21,27,15;16,21,28,10,20,25,19,15,3,27;23,29,18,12,0,16
16,7,10,27,18,29,4,3,22;22,20,16,14,1,12,10,28,27,5,26,15;4,16,20,28,10,25,12,0;29,15,12,18,5;29,19,16,2,5;16
13,24;29,0;26,7,15,0,5;28,15,2,10,24,23,22,29,9,5;22,14,26,18,27,13,15,23,17;6,21,26,13,5,3,29,2,22,17;11,25,23,3,16,7,9,1,26,6,4,2;13,9,7,22,8,29,28;7,16,29,20,11,2;17,12,5,29,4;4,19,1,23,24;8,26,28,27,25,12,7,11,19,21,15,14,22;19,22,23,1,29,28,25,26,12,6,18;17,16,28,0,24,29,15,19,12,5;4,11,24,17,21,14;29,0,20,11,14,19,25,5,27,18,4,22,16,13;25,6,7,18,15,16,17,13,0,28,29,3,2;14,17,11,10,25,6,19,0,16,15,7,26,3,1;8,2,23,18,20,4,22,5;22,16,10,5,12,26,4,25,21,29
21;11,7,28,6,2,22,4,16,3,10;6,14;29,0,7,23,19,22,6,26,2,1;4,29;3,6,15,9,19;8,0,9,21;6,14,29;25,26,4,29;28,18,9,20,10,0,23,27,26,25,24;3,0,24,20,5,11,10,15,14,12,7;29,7,23,28,8,3,26,10,15,14,27;19,25,3,15,2,28,4,21,22,11,16;15,9,7,1,25,12,6,20,10,28
14,25,5,9,23,3,1,2;4,7,3,29,5,27,25,18,8,10,24,16,19;13,6,2,22,24,10,27,21,20;12,2,28,16,17,19,15,27,22;5,19;2,1,29,7,15,0,6,26;12,6,25,7,22,15,18,14;19,23,7,3,11,22,28,4,26,1,6,20;7
26,8,21,5,16,2,24,10,25,27,4;26,25,7,16,1,5,12,18,3,9,8,14,2,21;25,15,12,5,6,29,10,11,2,16,22,13;5,28,15;10,9,27,22;19,2,6,13,11,21,28,18,27,9,20,5;29,26,3;5,3,16,14,7,18,21;4,23,19,11,2,9,8,16,0,18,24,14,6,15
12,25;19,23,16,4,10;29,21,9,16,27,19,28,24;5,10,14,15;25,10,4,16,5,27,20,2,8,12,18,22,9;5,7,16,8,11;16,19,21,14,22,0;11,10,24,16,15,23,8,27
22,1,3,18,15,7;1,9,17,8,26,12;23,4;22,6,4,26
17,4,9,24,7,21,19,25,29,1,0,2;25,12,0,8,10,4,27,17,28,9,19,6;13,20;23,6,13,29,16,24,4,0,19;4,25,11,18,26,5,6,10;16,4,18,0,25,29,24,21,27;14,10,23,4,12,3,28,15,19,7,1,27,9,20;7,21,29,9,8,3,0;1,8,14,20,28,9;9,13,8,12,19,27,2,7,4;22,13,17,18,19,21,28
8;0;24,4,17;21;2,5,26,15,11,13,20;20,23,2,28,12,16,27,9,29;17,16,7,9,12;1,29,0,11,6,14,5,4,7,2,22,19,27,26;4,27,2,29,5;17,7;29,0,1,3,9,24,11,6,17,23,10,13,8,12;9,26,22,14,19,18,28,10,3;24,2,16,27,29,8,7,25,12;26,3,22,19,5,18,27,8,13,29,10,23,2
6,29,11,21,24,13,10,4,7,15;8,16;7,18,15,1,25,12,9;26;8,2,10,19,25,20,18,6;29,6,4;21,23,24,29,27,6,26,10,20;7,4,27,11,12;7,17;9,21,7,1,15,3;26,12,5,28,29,11,18,4,9,19,14,15;28,0,18,10,12,3,20;8,4,3,23,18;27,9,19,15,25;8,9,15,13,26,16,24,22,20,29,23;8,23,4,28,17,18,6,29,1,3,5,16,7;20,9,19,12,28,13,17,0,7,11,10,29,16,3;25,7,29,20,0,2,22,12;17,18,24,27,4,1,16
9,26,22,23,27,0,3,5,28,10
4,26,10,11,7,9,23,28,2,13,22,3,19;3,6,7,19,25,12,11,9,29,17;7,1;18,8;20,14,10,16,7,12,0,2,4;8,14,17,21,24,22,0,4,7,1,16;4,14,5,1,10,27,19,8;12;0,20;23,5,3,4,29,28,20,18,9,12,17,14,8,16;18,1,3,19,15,28;29;12,24,5,1;25,27,21,18,15;26,28,10,27,2,17,21,1,22,5,9,7,3;7;6,22,27,19,8,11,21,10,29,14,23,17,16,12;12,13,2,14,21,18,8,5,27,20,6,25,15,9;9,24
8,0,5,29,28,11,19;12,13,8,17,11;4,2,8,18;28,15,5,13,16;7,6,2,13,20,11,1,19,28,3;22,19,24,0,9;8,23,20,1,9,18;19,22,7;4,16,3,6,10,24,13,12,22,2,23,15;23,19,0,12,10,22,7,25,3,21
25,5,4,8,20,7,28,2,3,21,11,18,14,15;5,24,2,7,8,26;10,12,19,18,28,15,23,6,22,1,20,2,5,7;5,14,10,24;19,29,4,17,9,6,18,3,22,8;21,11,23,18,1,28,13,14,16,7;11,18,25,13,2,1,28,6,22,29,5,21,8;2,15,4,13,22,19,10,7,23,8,21,20,3,14;7,0,14;20,29,28,21,11,23,14,8,6,26,9;24,14;2,26,8,16,28,20;17,25,23,16,21;7,26,2,25,23,16,3,20,29;19,28,22,13,2,9,14,8,23,24,5,18,6;21,27,7,10,15,12,24,22,26;13,28,9,14,21,2,5,1,8,0,29,19,17;10,29,28,2,19,24,6,8,9,0,7,4
2,22,4,25,13,24,26,9,1,21,23,10;8,2,25,10,5,4,24,6,28;10,19,18,5,11,6,12,21,16,8,4,1;14,4,11,10,24,13,22,0,2,9,19,3,8,25;27,5,22,28,2,25,8,13,18;18,16,12,3,26,7,27;3,15,11,19,8;29,22;24,17,6,20,28,21,22,16,18;16,10,5,2,29,3,20
18,4,6,22,17,27,28,7;5,21,3,14,8,28,26,2,19,13,20,4,10;27,19,16,5,8,9;10,1,23,27,4,14,16,3;12,7,9,10,3;21,5,12;23,9,11,4,3,7,15,24,27,17,19,5,14
2,1,17,3;27,29,17,7,3,26,24,16,4,11,9,12;10,25,24,18,28,2,11,20,3,5;10,25,16,12,7,24,20,3;0,7,11,26,29,23,2,15,4,16,25;27,18,10,23,22,24,0;27,14,0,23,24;14,25,27,0,22,23,7,12;16,15,26,0,12,18,8,3,17,22,25,13;18;3,17,18,29;6,28;4,27,17,15,0,18,28,22,2,3,16,26,14
12,11,15,13;22,6,0,17,1,19,24,27,2
4,23,11,16,0,15,13,29,14;18,0,22,29,26,24
11,28,17,27,24;20,29,18,9,17,24,3,27,26,12,11,0,7;29,2,3,23,26,0,12;20,8,24;3,0;26,25,7,2,9,8,1,18;11,16,17,9,24,23,1,28,21,15,29,4;12,18,15,25,28,3,14,0,22,29;23,12,13,4,20,15,21,19,9,25,14,7;28,27,8,9,21,6,16;0,18;17,20,28,10;20,3,25,21,19,7;27,15,20,26,10;21,12;10,9,17,25,1,6,28,5;12;5,12,10,9,15,17,23,16,6,11,3,26
8,11,24,2,10,22,18,21,0;28,12,10,0,23,15,7,27,26,13,4,11,20;11,0,20,2,21,25,14,13,24,26,6,12,19,16;22,2,13,21,27,26,29,17;8,23,20,3;9,4,20,6,17,11,14,16,19,13,23,10,24,5;29,21,28,17,20,9,13,4,6,22;28,7,16,1;23,8,15,19,21
29,22,16,28,17,24,1;1,11,10,2,6,14,3,25,21,18,17,29,27,26;27,14,0,13,26,18,12,2,20,22,19,29,28;25,1,5;18,3,12,23,9,11,10,1,13,24,14;20,1,17,12,25,13,23,9,5,28,3;1,7,15,24,18,13,25,28,23,2,16,29,20;25,11,1,21,15,26,28,17,3,24,14,13,18;9,16,6,20,24,14,12,8,1,19,7;26,6,4,23,24,19,15,7,18,28,22;20,9,17,3,25,11,2,23,7,0,8,16,22;1,5,13,27,21,12,28,8,7,19,22,10,4;11,14,8,0,16,17,20,1,6,27,7,18,19;9,15,16,17,28,29,4,0;13,3,11,4,28,24,12,7,5,19,0,18,16;14,13,22,8,2,17,15,23,4,9,29;14,17,16
20,29,1,13,14,19;27,19,14,24,18,0,8,23;27;13,8,0,19,18,14,3,17;29,9,26,4,2,11,0,28,17;25,0,16,7,6,28,21;26,25,27,4;8;12,25,26,17,0,13,27,21,8,9,5,24,18;28,17,2,19,5,29,9;22,24,20,8,11,9,19,13,14,6,3;7,29,4,13,0,8,6,10,25,11,19,26,15;18,5,27,6,23,25,3,13,21,29,14,7,28;4,1,15,28,8,18,24,13,25,27,12;26;9,20,25,26,17,16,3,6;0,2,19,12,23;13,23,25,18,12;29,28,16,14
13,1,23,24,10,5;19,13,11,8,12,4,27,0,18,10,23,17;19,10,13,9,17,29,8,5,23,7,25,2,16,22;29,28,25;5;12,24,21,7,16,3,25,15;29,17,12,2,21,7,4,5,6,25;10,15,20,9,23,19,8,13,27;19,12,8,24,6,1,25,10,2,28,20,27;24,25,12,5,1,16,6,18;24,14,1,27,22,12,29,20,3,4,25,21,18
8,16,20,15,10,26,28,24,18;0,14,18,6,28,1,20,24;16,25,0,26,23,11,7,17,24,12,8,10,15;21,16;2,19,17,27,3;29,13,18,0,25,28,9,22,15,1;25,18,22,1,29,28,6,5,23,19,27,14,0,24;0;19,11,21;6,0,12,13,25,10
21,29,20,11,12,10,5,0,13;14,16,28,15,19,22,1;13,3,22,7,27,1,10;11,1,12,6,24,16,17,4,27,2;15,24,19,3,10,16,9;27,3,13;27,15,23,17,14,21,25,12,28
2,1,17,21,26,5,6,4,18,29,0,27,15;25,1,19,20,3,12;1,29,17,12,9,20,0,18;13,19,24,15,11,10,12,5;29,11,6;19,15,21,0,18,16,10,26,17,24,28,6;5,15,10,28,6,4,17,16,8;12,9,13,22,0,7,28,26,8,6,15,16;14,19,28,23,5,22,27,29,24,6;12,11,15,5,28,19,24,18,8,17,29,0,23,27;14,26,25,22,24;22,21,7,29;13,16,5,12,4,28;20,24,17,19,6,9
18,23,25,24,3,21,4,17,22,14;19,8,20,9,23,6,24,5;28,29,11,10,9,4,2,13,19,20,22,15;7,18,8,22,24,26,12,29,17,14;14,2,4,25,29,13,0,27,6,10,9,12;25,21,1,3,19,6,7,18,13,16,11,14;8,18;29,3,25,26,11;10,9,12;10,25,14,27,21,13,15,20,5,16,17,8,23,28;27;9;21;16,24,13,11,2,5,22,29,7,12,8,18;18,0,8,28,21;4,15,18,6,2,9,20,7;10,0,17,13,12,29,6,28,26;2,23,21,12,25,20,27,28,17,29,16,24
10,27,13,7,21,5,26,24,4,9,23,8,1,2;5,21,19,7,6,9,1,16;12,2;23,27,5,20,22,26,8,11,14,4;16,8,28,11,20,7,25,10,13,2,14,5,26,1
4,25,0,10,16;20,7,25,19,8,9,24,11,16;6,16,7,5,24,4,14,9,13,8,15,0,11,10;0,17,3,15,26,24,22,7;7,24,13,15,26,28,2,4;8,3,15,28,16,9,0,20,19,24,21,4,10;14,24,3,5,0,27,6,29,9,7,22,4,10;6,1,17;7,9,16,24,6,23,20,26,8,11,15,12,25;4,9,1,0,24,12,15,13,10,22;8,9;2,26,23,20,13,16,8,0,12,6,28,3,15;22,4,9,8,16,10,25;23,6,8,16,11,7,13,4,0,12;13,15,7,10,27,4,22,14;1,28,21,0,5,8;5,18,8,3,25,13,21,15,14
19,18,5,3,13,12,1,22,8,16,4,24,2;5,29,26,27,7,18,0,13,25,10,3,28,2,14;14,19,29,25,8,21,7,11;14,22,5,6,10,15,18,19,16,24
26,28,3,12,15,10,5,21,2,14,13;2,29,26,23,14;16,26;2,4,27,7,23,12,24;2,25,27,3,4,12,22,23,16,0;24,11,28,3,12,6;9,4,16;26,15,3,8;8,12
0,20,11,7,22,8,17,4,1,9,27,23,2;10,7,25,15,16,11,9,8,18,13,27,21,4,28;11,3,6,20,8,0,15;5,8,13,18,17
5,0,28,21,12;20,17,13,8,15,5,19,12;25,26,7,28,6,11,22,3,8,23,4,29,18,10;16,7;26,7,2,16,6,18,1,0,25;9,20,7,26,17,12,19;1,15,26,9,5,0;2,10,26,1,6,15,4,24,18,11;28,7,24,16,18,0,19,2,1,10,25,3;29,4,23,5,26,15,11,8,24,28,2,27,25;10,12,17,27,6,18,16;26,23,7,13,2,22,29,12,17,24,16,27,10,4;26
9,0,16,13,5
