19,3,25,21,15,8,22,7,1,18,10,0;9,21,7,8,1,4,26,16;4,12,16,18;7,10;17,21,9,29,6,28,26,13,27,2,23,7;4,16,26,14,27,5,9,7,8,23
17,3,28;27,20,22,17;16,9,24,19,6,15;28,13,2,22,24,11,10,8,5,23
5,23,24,21;22,8,26,15;10,28;3,28,18,26,17,21,24,9,22,4,6,16;17,3,6,21,5,10,7,19,26,8;11,10,2,0,14,26,27,7;26,17,16,21,9;10,6,20,22,12,21,15,2,27,23,28,4;22,14,5,26,0;23,28,7,29;11,5,4,21,13;14,23;8,29,19,21,7;17,11,29,24,22,10,3,16
23,15,14,8,24,10,17,6,4,28,5;0,19,12,9,5,22,16,18;14,28,8,20,25,24,13
20,11,5;27,14,28;29,19,7,27,18,23,10,2,6,26,12,25;16,18,0,25,2,14,23,11,26;23,6;18,16,23,29,24,13,10;23,0,19,27;1,9,24,19,3;24,3,29,21,15,20,12,1;25,4,23,7,1,26,18
14,5,29;24,11,14,1,2,3,25,22,16,20,8;13,14,27,3;20,15,19,8,7,2,13,26,5,21,28;5,16;5,29,26,22,17,19,18,21,16
2,26,16,6,23,25,14,5,17,15,19;5,3,0,22,21,29,15,28,13;3,11,27,19,18,12,6;28,7,9,18,22,20,17,25,13,2,6,4;19,14,28,0,17,2,27,23;15;1,22,19,28,27,20,29,2,9;11,12,27,26,15,4,25,8;20,16,11,25,10,19;8,15,0,19,25,3,7,9;22,29,25,24;12,20,17
13,9,18,29;23,14,4,10,29,28,6,3,19,17,9;17;8,20,11,3,24,2;28,6;10,11;21,0,7;11,14,15,22,3,24,18,0;14,19,4,24,25,8,26;10,17;28,9;26,23,7,2,29,27,17,9,28,14;21,26,18,16,13,11,19;14;3,1,27,14,2,0
22,29,7,24,4,19,14,26,21,15,16,8
17,29,1,4,7,14,21,0,27;5,2,6,18,8,1,26,27,16;18,1;17,28,0,7,29,24,1,16,25,19,26;15;5,12,6,22,20,9,29;8,7;24,7;10,24,17,3,8;23,12,27,19;0,1,29,8,12,26,28,19,3;9,28,24,22,8,11,18,2,19,16;8,5,26,1,17,21,25,9,0;29,3,7;20,7,4,3,18,27,9,26,11,15,28,23;1,24,27,15,10,26,19,6,29,23,9,28;22,21;6,20,24,28,5;17,9,5,8,29,21,27,11,22
29,18,2;25
7,1,23,19,24,9,13,16,4;3,2,1,0,26,8,19;7,5,13,28,6,9,11,10,8,3,15,4;27,2,25,13,19,12,10,28;16,23,29,4,1,22,12,2,14,8;6,8,22,25,7,17,15,5,20,18,28;28,27,8,17,9,11,13,29,16,6,26,21;5,16,9,12,28,4,2,3,14;4,21,18,9,2,13
20;22,8,24,25,17,7,5,23,15,27,29,28;8,21,4,28,17,23,1,26,7,5,9,19;1,21,16,18;26,19,13,20,22;20,9,0,6,18,17,25,7,19;13;2,12,26;6,16,10,29,15,14;26,17
2,8,27,23,17,12,6,18,1;14,22
12,19,20,6,25,14,1,8,16,17;12,28,25,2;19,5,24,8,29,0;25,21,26,13,11;27,6,26,15,12,20,0,29;3,15,24,10,29;0,10,18,2,21;23;16,5,15,23,0,25,13,21,10,3,28;5,21,0,27,3,18,22,19,8,15,26;2,9,22,23,26,24,13,19,18,5
16,14,7,17;19,26,23,20,7,25,14,5,13,9,8,17;2,19,11,9;4,12,1,13,7,5,8,19,18;27,5;7,13,14,3,19,15,16,29,20,18,24,2
6,26,15,17,18,19;12,16,5,4;8,17,5,16;1,21,27,25,26,16;13,10,28,11,25,6,27,16,5,2,21;0,8,26,15,10,1,14,2;7,26,10,19,13,23,14,16;19,13,20,7,8,1;8,3;29,19;5,26,10,29,19;12;4,0;7,1,26,25,15;28,17,18,8,7,25,20,6,3,24,14,23
27,1;16,6,18,21,11,5;3,8,13,18,24,4,0,2;5;4,5,29,14,23,0,15,20,6,9;20,23,16,11,6,18,1,4,9;21,29,25,7,27,6,24,5
18,11,2,4,19,0,3,17;21,10,12;17,11,9,6,23,12;12,13,28,10,1,18,0;1,12,23,22,14,13;3,17,8,19,6,1,14,22,5,13,27,10;1,14,15,17,19,23,5,28,13;27,15,3,10,7,26;21,27,6,23,3;6,24,20,12;20,13,5;6,20,10,19,17;20,19,22,24;25,11,2;19,8,12,3,23,7,0,25;27,13,15,12,11,7,14,28,4,22,20;25,2,28,26;22,13;21,28,17,26,13,23,7
0,6,27,16,3,10,19,9,29,13;10,17,6,25,14,18,20,2,26,9,12,27;12;25,2,10,23;22,6,15,9,18,25;21,9,14,16,18,25,4,27,26,0,17;11,2,6,4,28,29,17;8,17,28;0,20,15,9,17,5,4;21,19,18,5,9,29,22;17,22,9,25,19,28;23,14,22,7,15,28,29,26,8
7,13,12,21,16;22,17,25,11;8,2,4;29,7,21,14,5,9,8;8,5;22,2;0,11,21,28,15,14,22,2,23,8,9,5;1,6,23,19,11,13,21,17,24,14;11,7,1,29,0,17,2,25,23,10;26;23,28,14,21,12,9,20,5,29,7;10,0;4,25,12,7,27,17,23,21,28,19,1;10,24,8,25,21,13
22
3,26,4,2,19,10,11,27,14;9,18,0,12,6;9,17,10,19,14,5;10,11,14,7;5,1,23,17,0,13;2,9,5,29,25,26,28,16,21;21,9,14,2,8,27,0,16,1,28,5;14,6,19,4;0,3,17,23,11,24,5,29,6,20,4;21,6;20,12,25,28,19,17,26,14;14,25,7,2,21,5;14,1,26;26
1,18,16,29;18,25,13,14;9,3,8,26,7,11,1,19,24,4,6;6,2,23,20,16,19,5,27,29,25,3;15,20,29,8,9,2,16,5,28,27;3,12,10,26,23,17,25,14,1,8,4,22;10,28,8,17,15,7,14,27,26,25,21;10,1,11,18,17,25,4,13,6,7;10,11,14,2,20,19,3,6,23;14,9,7,24;22,29,24,0,4,23,16,25,11;19,22,29,6,16,9,14;8,29,3,20,6,27,14,4,17,2;3,5,11,6,8,26,9;18;3,17;3,28,25;17,1,20,13,4,3,21,18;26,20;24,9
11,6,8,26,7,14,21,15,16,3,28;4;17,8,24,18,20,13;0,5,23,8,27,19,17,25,28,11,13;6,22,1,20,17;19,24,0,16;9,15,27,19,26,8,6,5,3,28,17,20;25,5,16;5,2,20,1,27,24,4;22,1,28,21,17,20,13,2;16,18,10,19,9
7,21,12,15;20,9,0,21,3,24,25,2;28,29,7,22,27,9,21,4,13,25,15,3;16,6;19,1;26,4,20,13,15,8,6,28,16,5,9,27;28;14,15;15,23,18,25;1,21,18,11,26,16,13,17,10,23,20;10,23;28,19,11,27,25;3,21,1,7,25,28,27,22,6,11;15,22,11,4,29,9,2,19,18,13,12,28;11;13,6,19,14,27,10;28,24,16,5,29,15,7,1,17,27
16;25,2,11,1;15,13,11;8,1,22,26,27,24;15,24,4;3;27,3,20,26,16,11;26,4,9,6,15,13,27,23,17,3,5,18;12,6,18,11,0,1,15,28;15,3,12,21,23,7,2,5,13,18,24,9;26
22,29,9;7,23,14,29,24,1,4,10,3,0,13,6;9,27,23,10,2,17,6,19;8,25,28,3,6,5,14;0,2,26,29,18,12;2,21,3,23,0,4,22,15,11;7,10,13,22,23,18,1,11,3,15,29,16;4,13,14,25,23;9,19,15,1,2,4,14;1,16,25,5,15,29,26,2;29,26
25,19,17,15;21,9;1,2,7,18,19,29,28,13,3,22;27,3,21,24,26,0,16,8,11,10;16;5,3,25,15,19;24,15,13,19,2;4,27,21,2,1,16,9,24,8,11;27,23;19,12,4,27,21;2,0;21,29,14;24,27,21,15,7,22,9,2;11,12,27,1,16,24;9,27,19,21,2,22,25,14;28,18,19;10,15,4,28,12,18
10;5,11,6,24;8,5,12,17,23,28,10,21;7,8,17,2,24,0,23;5,7,0,28,26,23;12,3,11,10,15,7,14;4,22,20,9;24,17,8,15,12;20;26,8,3,12;6,3,16,29;16,2;21,29,6,17,1,14;14,22,25,5,28,15,13,11,26,2;3,10,21,16,8,13,12,11,17,29,25;28,4,12,13,19,29,25,17,2,27;19,0,24,5,7,13,23
28,29,18,1,17,16,9,11,4,15,8;13,16,23,1,27;26,9,21,20,11,7;13,29,16,24,9,12,17,8;0,20,22,27;28,12,29,14,25,3,1,13,4;6,29,21,14,23,17,9,25;18,29,7,9,20,4,26,10,12,13,24,25;29,25,19,17,8,6,7
3,10,24,29,5,20;24,15,20,21,27,28;27,16,1,10,0,13;11,28;13,0,22,11,14,7,24,6,28,1,17,18;15,10,16,25,26
23,28,12,22,10,21,20;29,16,11,8,23,26,2;12,13,23,16,7,25,27,8,5,17,21;26,5,25,13,15,4,16;22,12,20,10,6,21;9,15,29,23,0,21,20,1,12;15,23,10,26;12,25;29,19,17,21,24,18,11,4,15,25,14
8,4;9,16,8,18,12,2,7;15;26,8;19,12,0,16,18;5;10,1,26,11,4,27,20,25,3,8;0;8,22,13,18,19,28,6,3,27,1;8,9,0,18,22,29,11,13,26,10,21;8,15,21,12,25
28,25,4,2,0,14,9,3,8;0,14,22,8,17,15,9,21,25;8,17,28,16,11,19,21,24;6;21,6,18,16;8,26,29,3,5,23;11,25,19,16,18;17,19,22,6,10;25,16,15,23,11,3,9,29,8,14;26,8,19,16,9,7,12,6,21,22,5,4;28,15,10,23,22,1,11,18;15,25,21,28,3,7,20,16,22;17,11,29,26,25;17,24,14,0,1;0,9,15,3,29,17,5,6,10,19,11;7,6,4,24;14,19,23,3,4,27;16,14,11,6,21,3,25,20,17
25,4,15,7,9,17,26,18,23;15,7,28,14,11;10,16;8,26,24,9,21,1,14,3,2;3,20,2,29,26,24,23;12,17,13,7,1;15,13,8,27,1,4,9,29,20,11;16;6,14,24,9,16,11,29;7,8,20;2,17,4,11,3;16,8,29,20,25,11,12,15,23,19,18,22;15,9,26,28,8,6;24,28,15,25,22,21,11,2,4,27;1,28,2,3,4,22,0,20,18,23;26,24,1,25,14,10,7,5;2,24,21,20,19,11,14,0,7
28,11,13,26,6,3,2;16,1,19,11,21,18,5,26,24,10,22
8;23,24,14,16,4;7,14,8,20,18,19,10,12,21;26,0,20,13,2,4,23,10,19;25,22,8,24;26,16,10;2,22,10,5,23
17,8,28,10;20,12;12,4,28,19,11,15,2,8,26;11,24,23,28;1,24
1,15,24,28,26,7,19,4;16,29,28,7,5,24,18,20,21,26;13;18;21;16,29,18,20,27,4,14,10,12,6,22;5,28,7,4,8,26,29,23,21,20;7,20,3,24,9,10,19,0,15,8,4;7,8,2,16,4,13,24,0,18,17;13,22,14,6;11,20,19,6,0,12,26,8;0,24,29,10,8,1,4,25;14,5,20,2,26,7,4,24,16;15,13,23,8,27
10,27;14,20,29,8,1,25;5,22,16,10,7;6,7,23,10;0,13,6,27,29,3;29,25,15,17,24,23,19;7,14,12,23,27,10,11,6,29,20,17;13,6,23,7,18,11,4;12,17,18,14;2;10,3,9,26,8,19,16,13,0;2,12,28,29,19,15,6;24,23,19,2,6;11;1,5,11,29,23;7,10,2,20,17,21,16
1,23,8,18,29,20,17,15,12,5,4;21,28,13,16,19,23,12,2,9,14,20;8,11,23,15,29,4,26,21;28,5,3,19,29,12,0;5,27,10,29,22,7;8,18,2,4,15,17,24,7,22,20;28,27,10,7,20,14,29;27,24,16
27,26;27,18,25,3,28,13,17;7,15,25,16,6,3,20,28,1;11;20,5,2,26,17,29,21;1,12,6,14;4,11,1,14,12,21,28,24,0,22,5;15,23,7,4;21,22,28,4,6,16,15,14,27;0;18,17,27,11,7,12,6,13,9,4,24,26;17,25,28,22;4,25,19,8,27,7,5,14,26,0,21,12;17,24,22,3,16,14,10,21,27,4,13,18;25,27,21,13,1,19,3,18;21,19;17,11,15
6,29,0,4,2,5;3,18,27,0;8,22,6;6,8,13,28;2,6,27,21,16,23,1,7,3,29;9,27,18,23;23,12;24,6,9,8;13,23,27,17,16,6,1,0,20;29,26,21,16,19,8,15,23,0,20,13;27,1,19,18,23,20,26,5,15;7,14,0,3;19
13,17,11,1,9,7,27;27,10,12,14,11,0,4;24,0,7,16,12,17,18,23;5;18,3,15,25,19,26;12,18,17,14,25;14,12;12,25;0;11,27,5,6,14,24,29;15,28,22,18;3,15,11,18,10,9,19,17;5,0,1,12,14
7,25,6,29,1,15;13,29,4,18,12,14;17,13,0,20,16,18,12,9,22,7;13,14,21,4,25,22,8,10,15,1,2;5,9,4;18,24,10,28,4,2,15,11,25,13,14;19,0,25,15,11;6,26,4,23,3,15,5;24,18;22,20,25,1,7,24,0,12,3,28;16;18,26,28,0,2,23,3,27;27
19,17,25,11,10,24,5,1,14;13,2,16,3,9,28,29,14;19,16,28,26,18,9,12;5,26,23,13,7,14,0,11,1,8,9,2;15,19;9,7,21,18,28,15,11,1,6,2;10,5,21,7,28,13,8,24,4,16,0;21,27,2,15;25,5,19,11,17;18,2,29,27,17;10,13,14,26,23,2,3;24,9,13,3;20,9,24,23,0,29,17,16,22,4,28;23,18;27,28,2,1,4,29,11,9,5,8,26,19
13,10;3,5,21,24,11,8;29,4,5,23,7,6,27,1,16;21
6,7,25;17,24,15,12,25,27,14,0,2;19,27,0,10,4,20;7,17,21,3,8,18,15;26,21,4,2,3,25,7,13,18,19,1;20,19,11,18,27,15,8,28,21;5,26,23;13,28,15,22,19,6,9,8;12,23,11,29;18,24,22,5,12,26;22,6,17,16,25,19,23,3,29;18,16,24,21;8,11,6,2,22,9,10,4,16;13,20;14,17,15,24,3,2
8;8,29,12,21,23;24,7,1,25,4
