79,68;61,26,55,42,36,19,17;75,57,6,60,7,58,74,8;27,11,2,32,56,22,55,73;31,20,14,9,64,53,73;16;74,41,38,5,47;71,42,37,22,38,35;78,43,50,69,31,57,70,40
41,16,25,13,3,65,70,29;27,68,46,52,29,71,48,23;55,12,39,22;57,5,70,24,67;79;63,60,53,64,12,16,59,79;30,6,75;54,10,57,75,60,46,32;69,29;20;75,14,11,20,8,9,35,44;54,70,61,40,23,17,20
62,56,6;61,17,62,38,58;2,9;42,74,11
29;61,60;16,2,21,29,24;46,78;11,7,26,58,23,17,41,56;51,8,25,23,52,39,77,22;20,29,36,10,34,30,45
51,65,9;37,31,51,6;55,59,39,79,18,36,42,60;53;65,61,69,33,8,45,13,15;44,63,43,34,25,71
46,27,56,13,9,7,41,54;72,64,44,28,3,14;28,39;68,19,73;66;4;8;19,22,14,11,66;58,55;11,2,45,37;74,69,77,37,72,10,43;31,18,33,8;75,74,31
15,22,2,58,11,14,70;18,14,51,58,67,21,26;45,6,12,22,77,38;57,55,11,30,28,46,17,74;52,36,44,74,43,50,56,70;71,37,9;11,41;29,51,76,16,58;53;70,51,58,53,71,46,73
46,17,76;73,66,35,55,15,79;26,49,50,25,70,14,42;47,28,29,36,61;13,72;54;79;71,58,56,53,66,54;41,7,10;74,16;49,71,77,48,44,22;12,46,66,76,48,24,54,6
29,77,52,75,20,16,13,35;25,60,13,23,8,51,44;20,42,77,47;20,17,38,67,35;10,56,31;32,79,28,67;30,5,79,74;34,65,15,43,37,13,8
44;23,21,19,13,1,39,54,76;33,43,2,73,45,74,30;70,79,69,46,49,33,26;56,47,78,33;43,47,49;12,5;29;63,3,51,24,53,48,0,44;35,9,34,27,16,19,68,78;42;22,4,53,19,29;28,57,72,3,39;58,7,0,34,59;57,32,26;52,76,34,72,79,41,60;62,52,23,58,79;33,20,17,13,8,71;67,78,6
72,24,25,16;68,74,14,50,45,57;64,24,6,8,39,71,66,5;2,35,13;6,44,33,40,14,13,29,45;11;12,3,66,30,52,61,8;53;70
31,3,39,7,46,1;37;4,39,45,62;29,70,12,28,46,5,2,31;26,28,20,48;32,45,25,7,48,77,53,47;53,71,0,70,39,14,28;29,52,31;4,14,31,56,17,29,58;58,7,49,18,0;19,31,25;13
48,65,29,74,8;69,31,24,2,35,14;64,9;15,64,72,38,65,5,11;24,20,13,3,62,2,48,59;69,44;24,23,28,63;69,8,59,42;33,39,62,31,55,35;73,35,4,32,19;76,1,30,23;43,47;44,32,29,38,74;21,34;31
71,57,56,35,54,23;45,14,11,66;67,31,37,69,36;20;13,27,14,38,47;3,30,15,29,58;66,68;78;68,7;64,47,51,71,2,0;64,27,50,4,60,69
14,21,38,6;61;48,10,50,53;55,71,23,11,27,7,16;75,7,22;60;25,24,8,50,44,56,52,69;15,24;9,61,57,51,77,54,59,36;23,76,1,39,52,6
12,17,77,43,6,59;15,27;47,0,62,36,59,18,71;48,27,58,25,76;76,48,24,52,61,43;62,38,26,55,68,8,15,35;38,21,6,77,37,0;3,49,39,50,33,76;38,67,65;14,8,67,65,25,19,29,5;69,36,22,26,42,41,52;7,34,42,2,11;29,78,67,58;72,42,13,63;14;76,38,63,79;27,42,51,33,45
29,75,79,3,44,19,41;30;74,42,28,54,75,53,4;57,59,76,79;77,70,71;71,32;70,7
63,49,64;62,3,61,20;32,39,45,24;10;60,43,33,29,4,7,15,77;28,16,73,52,29,49;76,35,4,16,49,73,11,47;58,46;71,70,55,34,25,51,30;41,10;72,62;34,36,1;57,27;67,3,17,79,46;18,52,39,65;51,62,68,18,17;33,66,2;71,3,65;9,61,35;62,53
3,47,32,64,25,34,77,68;66,2,13,58,1,17;54,21,1,65;29,46;33,21,32,46,4;53,19,29;70,74,19,6,61,27,16,11;74;0,60,54,58,42,55;68,59,41,78,48,28,69,3;0,76,67,27,9;66,60,46,36;37,68,66
40;36,41,61,10,68;50,15;44,32;38;15,43,52,44;27,29,58;60,22,33,67,34,71,73
24,49,12,75,14,15;76;41,70,72,6,4,65,71;58,10,25,48,34,38,71,66;4,43,69,33,14,66;52,68
33;36,0,18,67;50,6,15,18,4,26,61;47,78,16,13,14;36,40,70,48;77,12,25,37,57,67,24;54,67;0,64,7,6,11,50,48,10;50,29,26;5,74,44,17,60;79;21
57,23,77,8;20,47,70,66,34;37,50,21;54,52,43;25;49,41,2,78;60;54;50,58,61;29,37,70,47,65,43;70,12,47,52,79;37,70,72;58,29,19,37,73,45,70;77,29,36,49,34,28,46;47;23,76,6,61,36,0;66;68,71,50,69,39,6
65,8,12,17,24,77,60,32;61,50,44,21;62,21,1
20,6,79,36,24,75,70;5,59,61,10;33,24,30,61;31,47,44,75;64,61
32,73,35,59,15;23,28,65,69,24,72,50;30,32,24,0,11;40,4;60,57,31,78,54,28;8,73,56,9,49,34,17,69;31,9,75,64,48,52,55,18;75,27,78,38,68,5,79,51;67,58,34,30;18,32,54,20,23,72,44,74;16,25,13,77,31,4,5;42,74;18,23,53;34;72;59
71,46,5,8;33,28;4,6,40,24;69,34,33,44,32,63,1;25,78
48,28,51,66,73;0,40,42,26,14;46,49,51,21,74,67,59,78;32,65;3,66,59,65,62,47,54
77,12,13,41;26,42,50,48,65,51;18,25;4,62,15,24;55,66,51,28;79,77,68,27,66,30;26,14,47;50;49,79,58,26,35,53,20;66,72,21;51,4;23;54,60;57,63;31,22,19;7,47,46;42;2,43,10,77,29,69;72,60
73;28,43,6;52;23,44,9,50,64,24,70;40,69,59,34,38
5,64,39,59,1,75,69;36,23,1;28,11,25,0,21,60,17,26;40,15,8,38,46,63,31,49;10,31,8;67,63,29,43;70,78,69,15,62;58,57,75,52,61,35,32;9,2,7,42,52,14,22,5;22,64,17,59,53,25,68;46,54,77,28,15,2,67;64,26,43,57,61,22;60,77,17;47;52,71,78;55,61,10,14,48,73,34,35;9,3,73,45,42,60,5,20;78,26,38,44;10,73,66,68,52,36
34,21;19,61,9,58,28;46,60,0,4,74,19,49,66;48,75,14;47,45,57;19,50,53,38;28,69,44,73,79,33,6,56;49,45,35,62,16,14;29,6;52;40,48,12,26,23,50,74,61;70,36,14;78,39,38,27,55,46,60;28,2,43,19,25,3,77;3,57,47;43;14,66,23,12,3
60,61,21,47,74,12,79,43;39,71,31,76,0,75,58,59
1,48,72,47,15;23,10,64,4,78;43,40;74,23,76,78,8,56,33,34;79,37,34,61,40,59;5,68;5,39,40,73,54,46,42,0;40,34,11
17;57,1,41,19,28;45,20,36,67,12,7;66,73,69,74,46;45,68,72,23,77,36;68;78,39,50,49;52,65,43,59,58,63
33,50,66,15;56,74;69,71,67,77;33,78,4,67,15,2,79,47;77,5,7,57,43;61,47,15,65,77,7,46,53;27,61,47,77,19;74,10,17,15,6,60,13,61;9,25,76,72,8,26,10;36,22,17,64,39,50,3;3,76,34,52,37,79;44,72,10,47,46;53,55,63,12,9,36;21,35,17,47,16,9,63,30;76,47,28,32;25,22,50,13,14,39,3,12;14,74;21,29,13,33;68,48,58,18,15
32,79;41,27,20,75;46,29,74,20,45,25
8,62;44,77,35,71
76,17,46,16,45,75,36,1;72,9,2;13;44;0;3,2,34,54,1,8;37,79,38,78;59,66,38,79,74,46;16,55,53,72
73,61,41,45,63,54;52,6,73;59,10,16,70,22,20;60,66;55,54,39,28;27,51,46,13,31;53,58,55,20,64,40,63;37,15,25,1,22,68;64,48,21,15,77,42
24,44,40;42,39,22,68,73,77;64,30;52,66,26,61,2;22;35,56,44,21;75,42,33;12,77,14,42,36,11;59;71,73,78,12,8,55,60,45
58,37,31,24,32,3,5;34,62,6,1;20,74,76,23;65,67,9,71;31,22,12;77,7,50,47,54,2,61,20;40,35,18,72,7;24;0,5,15,62,11,76,65,2;4,17,28,51;71,59,41;51,12,65,40,75,3,43,32;18,28,41,39,38,70;25,40,33,70;63;24,46,8,62,21,28,59,33;76,22,20,3,51,27,47,16
75,24,3,76,59,21,46;41,47,8,68,70;27;4,52,43,22;9,46,29,50,43,8,66,39;67,54,7,47,33
71,39;58,53,57,37,31,32;42,52,16;53,72,31,26,14,24;19,58,74,31,11,6,56,30;72,57,2;43,62,45,76,7,68,4,79;48,68,54,73;59,43,50,44,39;33,2,13,40,51,74,46,31;13,15,0,63;34,76,72,63;35;22,38,70,77,26,56;56,23,51;15;48,15,6,30,50;2,66,59
37,28,39,70,42;26,5,22;6,64,26,12,66,27;6,27,45,69,12,41,68;35,32,15;73,3,51,0,71,57,16;7,18,24,1,32,77,54,66;63,26,43,31,48,29,64,21;48,57,16,60,77,46,26;16,58,20;20,45;30;6,51,24,9,0,64,30,26;21;36,15,77;63,50,47
14,60,16;19,72,69,8,16,63,60;68,52,57,71,15,79,16,2;16,8,64,23,31,3;15,8,11,49,14,0,52,73;42,9
12,35,42,29,65,38,1,16;6,49;53,79,5;7;65,21,43,10,74,47,76,50;23,73,13;21,74;48,71,59,29,47,37,10,55;29,65;25,58,33,37,67
39,12,40,6,31,4,72,58;64,2,31,22;6,63,69;71,52,61,38,48,47,58;43,31,49,78;53,45,50;13,56,45,63,66,36,76,54;25,40,51,47;37,54,16,55,68
55;62;31
4,3,46,28,30,48,16,7;64,73,67;66,69,12,29,56;17,55,63,76,62;21;27,12,28,56,35,52;64,17,46,34,61,6,12,49;16,24,29,6,35,71;17,39,64,11;30
