5,25,27;21,17;8,4;24,16,7,8,19;15,27,9,13,29,19;12,9,24;24,10,21,11,23,4,22;25,4,19,27,21,9,12;9,14,28;4,26,21,17,19,14,28,10;17,6,16,5;17,19,6,5,14,18,8,7;28
18,27,4,9,19,12;8,17,12,11,27
10,15,5,0,8;23,14;5,1,14,13,10,22,24;13,22,7;15,11,24,12,14,17,6,23;14,4,3;1,15;23,16,12,21,4,29,15,24;21,19,27,25,1,7,9,6;3,24,28,22,10,19,5;27;9,29,26;28,20,22,15;23,0,7,29,15,2,8,19;29,25,1,12,20,9,19;8,15,26,22,19
12,1;25,27,12,28,21,14;21,22,6,7,5,9,23,25;25,29,11,7,0;6,26,18;13,6,1,2,14;0;17,3,20,19,12,16;11,18,24,15,6,8,10,21;15,7,10,11;19,22,25;16;22,29,20,12,18,17,25,27;22,12,27,15,23;7,12,3;10,22,15,27,8,21;3,14,6,20,19,24,7;0,7,10,25,16,13,21,23;9,25,2,14,29,27
8,10,28,17,6,1;7,23,10,11,9,0,2,17;11,9,24;28,12,7,8,1;26,3,5,27;13,3,4,27;21,15;19,12;23
11,12;1,26;21,10;20,19,1,23,21,15;26,16,19;25,18,9;14,10,19;8,23;1;13,16;12,1,22,6,23,27;5,28,22,1,29,18;29,10,7,6,3;13,17,2,9,6,20,12;2,8;28,22,13,12,17;29,2,21,25,12,13
16,14,21,18,23,25,6,17;15,27,26,10,0,25;12,25,9,18;24,11,3,27,28;9,5,17,11,3,21,13,10;14,13,17,22,15;18,20,27,0,14,23,26;6,20,21,1,29,4,28,0;21,0
25,27,12,3,28,21,0;23,2,9,4;1,18,24,27;28,13,18,6,12;7,2,10;2,23,0,27,12;22,2,13,19,23;6,20,7,18,2,14,24,10;20,25,23,24,17,19,8;11;16,25,26,2,11,4,0;10,29,17,20,22,8;8,18,12,5,10,7,14;7,16,8,14,0,3,17,21;17,16,0,10;10,4,12,23,26,11;0,19,11;0,4,20,26,27,10,2,23;5,4,12,26,0;21,6,20,16,2,0
8,27,23,21,20,18,28,22;13,19,9,25,15;9,26;9,22,24;0,17,2,14,3,9,6,15;20;9,11,20,17,18;21,10,23,19,20,4,29,15;20;14,15,18,13,12,16,4,26;10,5,15,11,14,8,21;13,11,9,29,1;23,24;8,1,22;14,28;11;17,19,15;22,7,16,4;12;12,19;28,0,24,27,3,13;21,24,25,10,22,11,1,28;25,6,1,10,24,21;27,13,3,6,16,14,10,19;15,27,11,23,12;7,28,13,1,0,22,2;28,13,1,22,11,29;17,16,8,5;29,4;21,27,6;26;21,0
0,24,15,20,16,4;26,13,19;20,9,25,27,23;11,22,14;6,11,23,21,19,14,20,10
1,11,21,2,4,27,25,14;25,22,11;4;11,27,16,0,7,17,29,12;19,15,0;3,4;29;25,17;26,11,8,16,25,9,4,13;18,24;16;10,13,1,28,3,27,15;3,9,17,25,0,23;18,0,7,20;9,23,6,1,5,11;12;6,14,19,0,24,8,4;12,23,17,11,20;28,10,26;25,1;8,13,3,25,7,27,0;10,23,0,11,22,17,14;25,4,23;24,20,11,19,25,14;12,5,23,17;10,13
28;13;12,21,5,15,20,16,10,23;1,9,27,16;3,17,15,25,22,19,7,9;10,3,17,6;29,5,8,27,11,1
7,22;17;1,4,12,14,3,7,0,18;24,25,17,27,2;7,29,15,0,8,5,14,27;13,11;14,0;23,1;5,0,20,2,3;21,2,22,5;15,17,20,4,22,1,9;25,9,20,4,10,6;16,0,22,23;26,22,27,25,29;11,23,16,3,21,4;19,20;17,12,18,25,22,6,10;4;10;0,27;24,17,14,29,23,9,12,0;11,6,0,26,22,16,23;14,24,19,28,3;4,20,11,14;7,20,26,28,4,19;25,2,15,24,17,20,5,13;17,19,13,16;18,27,10,14,22,13,17,15;27;26,13,11,8,19;19,8,18,9,27;22,6,0,8,15,24,16,14;10,14,9,8,18,6
7,14,20,26,5,0,17;1,27,3,14,8,7,24,20;24;8,19,5,1,20,11,28,13;2,27,11,29,18,6,19,1;3,9,6;6,0,28,26,27,11;8,16,25;14,24,28;11,20,19,0,6,22;15,19,14,20;9,28;2;6,19;1,14;29,11,26,25,12;26;8,10,3,17,29,19,9;16,21;0;17,12,2,28;26,14,9,21,8,6,29,4;23;18,9,28,17,0,26,24;21,15,12,2,10,19,3,27;25,14,22,8,20,3;27,26,13,15;23,5,4,28,19,0;20,5,21,14;27,1,12;9,23,3;14,15,23,11,12;18,7,5,0;14,8,25,13;20,25,13,14,10,23
17,19,1,27,20,15,6;20,27;28,14,17,18,21;6,12,24,14;12,28,23;12,10,28;9,29,0,17,21,5,25;19,27,17,26,4,13;18,11;23;7,20,16;29,13,11,25,16;7,4,27;6,13,17,3,26,2,14;5,10,2,0,24;8,11,25,5,4,23,28,29;21,29,27,26,24,7;26,25,28,13,19,11,9;26,28,29,11;6,16,9,4;6,9
7,2,25;19;4,3,1,28,9,19,27;13,15;23,11,21,13;21;19,8,23;4,11,19,14,24,27,12,29;25,9,21;22,9,5,13,12;10;14,3,4,7;1,5,19;10,22,0,15,5,12,2,28;6,21,8,5,26,23,15;9,6;9,25,2,10,23,19,0,27;18,15,1,25;6,8,1;27,5,26,24,4,13,9;26;6,10,15,19,27;6,0;0,10,23;27;2,17;5,29,14,21,15,1
0,21,4,6,10;21,27,15,10,0
29,16,1,28,3;8,4,14;3,22,16,24,1;27,8;6,18,28,25,14,8,23;1;24,6,2,17,13;2,8,27;27;8,10,2;21,13,3
6,5,15,16,7,2,22,9;8,3,16,13;2;17,12,27,24;5,4,28,9,0;9,7,25,17,18;12,13,7,0,15,20,17,18;13,29,0,9,10,12,26;22,21;22,20,14,4,18,19,8;4,15,27,29,26;29,0,21,3,8,6,5;25,26,14,4,19;7;29,5;28;5,15,6,3,20,9;2,19,18,12,28,26;13,5,24,10,16,2,29;11,13,22,3,14,20,18;9,4;0,26,4,16,28,23;9,1,15,14,5,20,0,6;17;14,23,27,9,15,11,3,13;24,8;24,12,25,27
8;2,14,21,0;19,17,4,26,14,21;24,21;21,17,7;12,29;0,28,9,23,12,8,22;6,26,24,5,9,28,13,2;12,27,5,3,17,7,26,18;8,7,3;6,14,0,4,24,27,19,21;29;17,29,15;0;8,9,21,16,5,4,17;13,12,11;24,11,27,6;22,25,12,29,16,8,9;9,27,15,2;21;26,19,8,9,4,15,17;11,24,14,15,26,6,20;4,23,18,22,11;5,21,29,19,17,3;13,22,26,14,12,10,0,11;1,21,6;2,24,18;8,16,19,28;8,12,4,11;10,26,20,22,11,5,4,16;8;9,5;18,21,19,8,29,25
8;19;22,10,27,2,25,7,1,9;6,13;15,26,1,14,2,11,25,28;22,15,0,11,20;18,21,14,27,29,17;10,27;15,12,2,24,7,22,27,16;5,13,12,25,2,7,22;10,8,2,26,16,12,23;8,4,14,18;17,9,21,7,15;29,4,13,16;11,22;14,7,6,17,23,28,9,20;0;0,1,22,29,3,16,25,14;11,14,13,7,9,10,0;7,0;5,18,1;13,1,6;3,15,20,4,13,8,23,18;19,5,13;4,19,26,0,9,28;27,1;8,9,0;8,4,5,3;13,3;28,1,2,9,20;11,8;11,9,4,17,6,20;13,10,9,24,14;14,23,22,17,8;23;2,18;23,25,3,13,29,19,20;9,17,0,25,27
14,10,17;18,15;14,26,7,16,18,21,20;3,1,26,5,27,17,14;16,22;6,1,22,29,16;23,16,4,11,0;18;1;6,25;27,12;11,25;21,19,4,6,2;5,21,2,24,13;17,6,22,26,9,16,15;1,26;18
27,4,3;21,22,11,6,14;25,23,19,14,11,13,7,20;1,25,23,14,10,20;23,5,10,0,24,8,21,27;5,19,1,10;17;6,15,1,5,23,13,24,25;17,29,24,28,16;19,25,28,26;17,14,3,1,12,4,19,13;3,28,8,9,7,18;13,29,11,23,7;3,20,2,12,15;17,0,22,16;12,14,25,21,23;11,1,19,5,18
27,15,5,6,22,10,0,3;16,6,9;25,0;1,24,20,27,25,10,7;10,21,6;13,28,6,9,14;21,7,22;11,24,1,3,18,29;26;21,9,8;6,22,12;27,22,17,3,23,10,2;29,21,18,10,7,11,5;23;24,9,12,14,13,15,25;28,19,20,7,10;2,11,12;25,19,17,10,28,4,23,21;16,17,24,1,21,2;5,20,18;8,7,16,15,21,12,9,10
0,28,13,15,18;27,23,8,16;27,7,12,14,3;29;8,17;15;17;26,20;22;16,1,3,29,15,21;11,7;16,2,11,0,28,13,20;18,26,0,24;2,18,20,25,13,15,7;29,24,22,7,3;18,17,7,4,16,15,3,23;18,10,12,7,19,9;11,16,1,27,9,13;18,7,5;16,4,15,8,12,20,24;27,18
15,11,26;1,19,6,20,27,3;14,18,3,23,26,21;21,15,18,19,27;7,6;15,25,4,24,29,13;16;22,24,1,26,6;11,13,29,20,23,1,4,12;25,7,14;1
13,4,19,11,2,15,29
21,0,4,25,16,18,24,8;12,7,11;9,14,19,16,0,22,10;10,14,9,26,29,22,27;22,11,2,4,24;2,0,12,18,16;19,13,24,23,22,1,29,21;10,12,28,26,13,0;3,25,14;16,26,6,11,13,8,27;0,9,6,1,3,27;7,0,11,6,24,12,3;18,27,4;12,17,24,2,16,20;8,20;8,16;27,20
21,24;23,2,20,28;21,25,4,16,23;17,1,13,18,23;4,21,9,23,22,27;17,15,4,14,20,27,23;21,20,25,16,28,13,29;10,6,16,1,27,21,7;5,11,1,17;15,16,8,22,4,7
24,26,12,18;27,23,2,6,19,28;22;17,7,0,28,16,8,3,10;14,24,1,23;1,13,16,12,4;3,16,29,13,14,22,20;3,22;4;7;21,11;6,25,0,21,4,13,7,9;25,21,5,20,4,24,12,6;2,13
25,10,11,12,18,20,15;26,24,23,22,10,14,3,29;29,7,6,4,28;12,4;21,16,18,22,27,6,24;1,27,29;19,18,24,4,11,12,10,28;0;21;7,0;1,3,7;15;24,7,26;24,16,8,11,13,20,1,9;9,11;27,19,22,25;8,29,14,17,27,5;9,18,25,14,27,26;21,10,25;25,3,5,23;29,18;26,0;8,14,28,26,2,16;12,13,17;1,2;12,0,27,21,11,17,10;0,3;18,15,26,17,23;28,13,12,24,17,22;29,3,23;15,6,16,10,9,14,7,22
17,1;5,1,29,21,17,2;12,8,24,28,20,19,25,6;0,26,18,6,9,4,8;3;9,29;17,2,3;11,17,16;27,21,6,14,22,26,1;4;17,18;10,3,23,19,5;12,23;2,15,14,28,22,0,12;10,15,24,1,3,5;11,19,25,17,13;19,26,18;7,5,28,2,25,6,24,20;9,10,17,11;5,11;26,8,10;25,9,29;9;20,26;2,1,9,17,0,5;26,14,20,0;1,27,29;25,17,3,28;4,22;6;28,21,25,11;19,7,4,17,27,6,0,20;13,17,4,6,24,20,18,29;16,13,0,14,22,28,19,10;7,1;9,29,4,17
15;12;21,19,0,10;2,24,8;17,1,26,23,15,20;27,16,18;19,12,21,4;17,25,2,22,15,1,26;16,18,21,27,22,0,28;19,16;28,1,17,26,3,27
21,20,29,16,4,25,23;9,20,3,1,15,17,24,12;17,10,9,21,12,0;3,16,22,12,8,21,11
13,22,25,12,3,26,29;6;28;6,9,0;26,0,19,13;29;8,18,13,24,29,9,28;24,25,13,18,16,27,2,7;18,9,8,12,10;4,11,27;21,29,6,7,20,14;4,9,17,14;19,7,6,28,24,8,11,4;2,0,28;4,27,9,25,11,21;17,8,12,0,2,9,20;17,19,6,10,27;1,20,5,23,26,25,29;20,16,6,29,28,21,14,7;25,14,28,17,4,8,6;17,13,16,15,5,23;23,28;19,9,18,22,6,7,24,26;1,26,3,9,10;25,12;15,3,10;0,1,2;8,23,12;14,24,10,1,12,26;14,13,11,28,6,4,0;4,14,0,29,13,17,11,8;28,12,8;4,13,20,9;7,25,8,14,15,21,26,6;5,11,12;7,5,16,27,18,13,11,17;10,15,5,1;25;20,7,24,28,12,10,2,4;3,23,10,18,8,12,11,0
4,1,2,19,16;28;8,11,22,13,6,18,24;9,11,29,24,8,22;25,13,20,28,19
19,8,4,11;2,6,21,26,8,15,20;13,22,4,23,11,28,25;11;17;28,0,14,21,4;21,9;13,7,27,29;29,11,26;2,9,3,1,8,5,24;23;7,4,20,17,27;2,13,15,9,16,5,26,23;18,11,12,15,10,27;27,13,9,29,1;25;12,28,19,11,21
3,28,1;15,1,19,6,22,12,8
20,14;4,1,8,17,22,11,25,26;16,10,23,4,2,28,14,8;15,28,5,19,3,26,10
25,0,6,28,4;25,21,0,3,4,10,24;3,27;12,13,2,24,10;0;25,10,15,0,9,28;11,17;1,16,13,2;8,13;17,20,19,22,2,15,11,28;18,11,25,26;22,3,4,25,16,1;2;25;5,3,1;14,0;15,18;16,2,22,0,11;16,2,9,23,3,0,5;29,1,6,10,18,19;22,11,14,1;23,6,16,11;5,10,0,20,24,1,25;4,3,25,29;4,13,29,14,2,10;14;7,2,29,10,21,18,6;4,21,1,16,0,24;10,24,2,14,1,3,21,0;1,11,26,6;1,21,20,16,0,18;9,16,8,28,25;16,8,5,1;14,4;14,7,4,5
10;27,14,22,26,2;22;15,4,10,22;8,22,20,7,25,10,11;23,22,28,8,5,12,26;21,29,20,23,13,3;20,21,3;12,4,6,29,20;22,16,25,28,4,2,8;26,17,11;28,10,16
22,20,3;3;18,24,27,5,7;27,22,16,15,8,20;9,1,28,0,4,15,13;8,19;17,1,5,18,9,29,13;12;27,13,2;28,8,10,20,14;20,18,1,0,5,11;15,26,13,27,24,10,4,3;28,6;25,10,17,4,21,24;23,6,7,27;7,21,28;8,0,2,24,5,28;13,17,16,26,2,11;15,7,12,5,2;28,27,29,22,17,18;21,11,20,24,13,18;26,3,5,8,20,10,12,24;19,2,0,23,25,5,10,7;15,22;8,3,5;28,25,9,14,1;28,0,27,4,14,20
28,1,0,9,4;5,6,22,17;7,15,19,2,14,5;20,26,17,4;11,4,15,3,20;19,8,5,22,4,27,6,23;20,25,5,17,19,12
11,20,21,7,9,8
25;2,16;24,3;23,28,8,6;22,15,8,26;17,19,4;16,20,8,26;29,11,28,16,23,25;10;22,20,26,1,16,24,12,8;26;26,20,15,12,24,19,21,16;10,15,1,5,25,8,12;9,4;11,23,0,25;5,7,3,23;15,23,3,10,16;11,3,10;18,3,26,10,15,5,28;14,6,15,29,18,20,21;5,8,3,15,7,2,16,0;20,3,17,28,21;24,10,16,5,13,3,15;11,8,13,27,29,4,17,15;2,28,23;29,7
5,12;3,27,8,26,6,18,0;23,5,4,16,13,29;9;28,11,15;22,24,20,14,1,25;19,7,5;19,9,21,29,7,11,27,0;22,28,24,16,21;2;5,10,21,16,2,23;15,9,14,21,29,24;10,20,7,14,3,26,8,18;21,3,28,13,5,15,19,7;20,6,15,22,18,29,16;8,12,20,13,5,2;5,24,22,21,29;8,24,23,19;8,12,3,5,22,4,10;21,4,10,22,28;8,13,24,20,28;23,9,16,1,25;28,6,7,8;29,9,22,0;9,24,0,5,7,6;4;27,21,1,29,24,25;20,26;17,13,16,9,26;23,1,9
15,5,21,24,20,17,23,22;2,9,21,5,16,28,19,4;22,28,14,11,19;16,27,23,2,28,12;5,28,26,19;12,4;19,29,14;18,9,11,22,23;14;15,21,25,16,29;3,5,25,22,18,28;29,22,10,8,18,13;28,5,25,13,10,6,7,9;22,3,16;8,12,17,3,26,6;3,21,4;1;26,9,0,19,28,15,1;9,10,18;21,28;12,4,15,19;10,3,9,22,28;5,20,1,29,0,19,10,21;5,18,9,25;28,7,15;23,28,9,7;3,8,0,24,29;4,20,0,28,8,27,18,23;14,2,19,5,9,7,18;2,22,21,12,17,9,26,16;15,20,12,13,6,28;16
13,19;14,3;5,1,20,0,14;0;4,25,10,28,3;21,16,24,9,14,11;24,13;10,15,23,5,22;20,5,9,29,26;0,15,14,8,23;23,18,22,16,26;11,12,22;2,22,6,9;4,1,10,2,25,16,3,29;28,10,24,26,16,8,3,19;22,25,29,26,8;8,13;15,16,27,23,3,25,5,7;12,8,7;12,16,0,29,10,5,8;27,21
26,11,29,27,16,22,5;27,18,6,25,20;17,9,8,29,1;11,18,7,3,2;12,16;0,2,6,22,16,28,26,18;0,24;22,13,20,26,11,0,3,7;16,29,10,1;18,1,21,19;9,26;21,5,22,4;29;1,25,9,2,3,7,6,28;25,24,1;18;9,12,25,14,26;24;17,25;12,17,25,26;27;18,16,14,25,29;26,8
8,22,5;13,20,29;27,2,18,11,1,5,0,24;28,13,6
