10,22,27,21,9;8,19;14;22;15,3,21,25,9,5,26,12;5,4,28,7;15,19,24,8,18;7;18,22,27,4,15,5;10,26,7,2,5,14,23
3,6;0,4,11,10,5,19,22;23,12,20,9,16
9,11,28,3,6,19;23,15,14,9,4,8,11;22,5,29,24,23,9,10,16;27;27,6,1,17,16,19,10,5
29;29,9,8,7,23,10,20,4;11,22,2,21;12,3,1;26,11,20;8,23,14,11,22,13,18,9;13,4,26;16,18,7,25,10,12;9,7,24,23,21,16,29,28;3,6,28;8,6,9,10,7,4,17;4,14;13,29;22,25,23,27,6
19,13,12,5,17,2,21,20;29,26,12,15,16,22,7;15,17,6;26,5,23,16,20;0,8;18,29,3,14,26,10;23,12,11,4;20,22;5,13,15,1,23,18,24,16;16,5,25,9,15;3,17,9,6;14,9,11,17;19,6;28,11
13,2,14;17,25,14,22,13,0;25,23,27,16,3,18,12;28,8,3,15,27,25,16,12;5,22,17,28,15,2,18;10,25;22,20,6,1,15,28,17;5,23,13;7,24,14,15,12;19;7,12,15,27,13,18;0,25,2;5;21,13,15;26;3,26,18,4,19
5;28,1,21,22,20,16;25;7,1;29,8,3,28,4;9,27,14,12,21;21,25,7,15;2,0,24,7,21;7,14,5,9,4,21,11;1,3,2,22,8,4,13,23;25,26,13,24;2;14,8,19,24,6,4;21,2,17,1,19,9,15,23;7,22,26,3,12,19;19,28,27,8,25,11,12;19,13,21,7,10,24
25,0;24,12,5;19,13,16;23,8,16,3;24,26,6,4,16,22;24,26,1,21,23,4,20;16,12,18,8,25,20,14;5,26,6,1,3,27;22,16,0,5,8;11,28,20,7,16,21,5;4;5,9,1,17,16,3,18,14;3,23,2,4,7,17;29,15,3,0,17,1,16;8,22;16;1,11,9,2,22,19;23,12,15,21;6,22,19,11,21,2,9,24
17,14,25,16;21,7,3,16,14;7;21,26,23,5,17,25,13,15;18,16,23,8,3,9,6;23,3,15
5,3,28,29;6;13,22,18,8,26,11,7,16;27,15,19;6;15,7,23,8,6,5,28,14;12,23,6,24,26;14,9,26,21,25,6,16;18,25,22,2;11,13,7,18;28,9,8,21,25,23;21,13,9,3,2,12,16;0,8,27,21;16,22,6,8,27,11,2;19,1,3;23,6,16;20,14,4,17,28;18,9;16,9
23,14,12,21,8;11,10,5,24,18;14;21,13,8,19,29;28,23,8,9,27,0;20,29,6;11,21,19,7,24,5;23,7,2,8,4,28,16,0;29,5,14,20,6,27,0;14,26,5;29;24,3,10;12,0;27,3,26,15,21,28,18;15,11,25,21,27
4;19,26,15,22,24
27,19,3,8,24,10;17,6,0,25,26,3,16,13;4,16,28,3,19,18;24,1,29;18,6,1,19;17,16,22;10,25;18,6,22,7
8,7,18,25,29,19,16,5
11,21,28,27,10;2,12;29,5,8,17,9,26,6;8,17,21,15,13,10,4;19,24,16,2,4,25,3;4,24,12,28;7,16,23,26;2,5,6,24,18;22,7,26,13,3;15,18,12;26;28,19,4,15,10,23;16,10,1,5,22,2,29,25;3;29,0,25,14,27,21,7
20,0;26,2,13,11;22,23,16,3,5,0,27;28,1,25,17;23,25,14,3,8,13,22;17,16,8,5;22,3;11,29,1,28;2;24,22,5,6,23,18,13;28,19,0,22,1,15,10;16,20,7,9,0;20,25,26,23;16;7
15,16,17,1,22;16,12;24,4;17,13,1,23,7;18,25;2,10,14,12,11,7,18;28,22,4,27,18,14,7
29,15,12,5,17;13;15,28,20,21,7,22,16,12;6,11,24,20,21,25,26;5,17,9,26,6;9,3,24,27,28;20,4;4,23,25,27,7,13;21
1,29,24,16,22;2,1,23,25,5,14;11,8,26,12;5,4,28,7,25,17;16,3,21,5,8;27,25,2;13,0,6,3,9,24,5;5,26;3,12,4;6;4,21,20,18,15,13;4,15,12,8
20,21,2,24,12,15,9,10;3,24;13,21,23,29,15,5,0;26,1,7,5,20,28,8,6;26,7,18,21,14,3,0;18,9,1,19,11,26,12,3;1,22,5;18,29;26,20,25,1,22;11,1,7,21,14;16,23,1,22,10,4;22,4;2;20,24,11,5,19
27,26;6,20,2,4,14,7;10,1,29,4,8,7,9,19;13,3,20,8,27;26;11;12,16,14,20,18,11,5,0;28,16,5,12,27,22,3;17,15,9,5,14,22,20;13,0,26,28,14;21,2,11,28,10,12,23;14,27,24,8,19;0,11;7,18,2,8,26,6,21,27;5,27,1,26,9,8,18;16,6,0;22,10,1,2,4;18,1,22
24,25,27;14,11,17,1;0,25,17,26,1,28,27,12;0,14,8,2,13;23,17,4,15;15,2,19;20,26,16,25,18,1;14,5,15,29,7;10,19,28,22,8;15,22;27,21,8,15;17,19,14;26,7;5;14,18,5,28,29,22,11;6,1,10,17,23;9;15,25;9,26,28,17,6,24,3,15
4,22,20,13,18,27,17,7
22,2,8,12;22,2;9,14,12,13,3,20,24;11,8,27,24,3,9,17,29;18,7,28;13,20,21;2,26,25,7,21,27;9;4,18,12,3;12,21,1,23,25;4,24,28,14,17,22,15,3;18,23,29,17,3,27;27,18,8,7,4,2,3;11,24,2,15,17;28,9,2;8;11,16,1,0,29,9,13,27;20,19,25,5,1;9;27,20,28,13,10,24,14,12
24;18,11,25,15,2,23,4,20;17;25,4;6,15;24;29,8,3,26,20,10;5,7,22,26,0
28;21,19,25,0,5;4,7,12,3;12,17,11,13,15;25,19;20,25,6;16,0,20,21,8,28,11;25,26,27,13,11;19,8,26,28,25;19,28,9,18,16;10,2,1;9,21,7;9,7,0,4,19,20,17;11;1,20;2,28,29,10,14,15
22;12,1,10,3,14,28,11;13,22,17,16,20,25;9,10,29,4,14,2,1;22;21,11,15,1,29,27
7,2;24,21,9,10,5,23,4,15;24,7,15;29,10,2;25,4;5,12,13,10;24,11,10,2,17,4,27;8,17,3,6,22,18,4,26;4,28,7,8;29,14,27,11,3,15,21;0,26,28,8,4
20,25
26,13,16,22;21,25;24;21,2,29,27,13,5,20;7,11,19,17,0,22,8,26
25;28,26,22,8;24,17,8,19,28,2;27,9,3,15,0,4,6,28;10,12,26;16,29,27,20,28;6,19,1,9,14,12,0,24
4,16,13,2,27;28,23,20,26,12,15;12,17,15,22,20,23;26,25,11,18,20,0,19;23,11,27;5;25,0,29;11,14,8,4,21,20,2;16,12,2,0,5,18;3,7,20;16,8,17,0;17,5,1,19,10;9,14,7,10,8,3,29,5;6;0,7,12,26,11,27;28,5,26;14
10;10,3,14,27,6,19,16,26;22,11,16,13,28;29,18,13;6,23,10;12,28,25,15,14,29,19,17
20,21,24,17,23,12,28;21,25,3,20,28,16;15,18,10,2,9,16,13,28;13,29,19,23,12,26;28;0,14,1,23,25;11,0,4,23,19,18,15;3,14,2,13,9,1,4,22;10,22;24,11,4,23,12,8,6,3;5,23,10,18,24,27,7,2;20,14,16;16,12,22,27,4;7,12,3;23,12,8,14,4;14,18,20,8,28,22;14,22,26,1,12;23,8,25,12,4;0,4,5,15;21,4,9,15
12;2,7,13,26,28;22
21,23,12,22,28,13,11,27;21,12,18,2,9;19,7,25,17;12,7;14,11,28,5,9,19,4,7;8,26,18;27,3,20,15;13,8,20,0,3,22,26;16,6,13,23,1;25,20,7,0;15,0,7,1,20,26,13
28,15,5,7,9,2,27,23;23,20,12,7,6,24,13,15;24,0,5,23,3,22,6;5,2;18,21,13,11,12,28,15;26,29,4,7,5;15,17,29,25,9,3;25,0,4,2,1;28,17,25,21,23,12,7,24;13,2,24
9,13;27,22,4,2,1,16;11,17
3,1,8,28,19,0;12,10,13,22;6,4,24,26,11;28,1,23,18,11,15,3;26,13,2;19,20,28,22,25,0,12;3,0,9,12,29,17;8,7,21,16;9;5,26,11,21,8,25,16,9;14,18,22,8,24;14,25,10,17,20;3,26,20,13;16,15,26,4,9,23,3;1;14,21,19,26;0,20,21,8,9,25,3,29;2
22,24,0,29;25,10,16,8,21,14,6,1;27,1;1,29,17,8,15,9,26;4,5,18,20,9,23,14;27,3,25,6,5,20;10,13,9,21,0,26,24,4;0,3,27,17,6,18
