16,29,22,19,1;26,29,23,8,3,0,11;7,20,29,17;5,4,10,25,26;11;11,27;5,14,3;24,11,17,21,26,14,13;22,17,1,21,28;6,12,8,16,2,18,11;26,23,12,9,2,17;27;2,18,5,7,17,0,29,4;7,6;22,12,25,9
12,25,17,16,2,10,22;19,28,7,25,1,20;9,7,17,25,15,24;20,18,3,23,19;20,21,1;6,11,12;28,6,10,29,22,5;23;0,9,3,24;19;22,12,14,9;21,23,6,18;27;29,6,21,7;20,1,15,9,16;27,2,29,7,0;3,16,19,21;13,4;14,25,13
3,22,17,29,13,1,26;27,21,9,2,7;2,1;18,14,13,29;11,13;13,4,25,0,17,18;14,27;16;24,3,17,8;12,11,26,8,14,16,17;11,14,6;24,21,12;18,5,29
3,17,12;8,26,18,19,27,14,10,16;15,21,17;17,10;26,5,0,22,4;15,8,2,6;12,16,19,28,5,13,4,29;9,17,8,20,18,6,12;27,20,9,6,13,3,10,25;21,18,20,29
29
9,1;22,8,10,13,23,27;1,29,24;7,2,1,5;15,11;28,20,26,6,14;10,22,28;22,23,20,3,16,13;4,17,23,21;6,10;3,19,8,15;21,2,11,9,20,24,29;11,8,15;7,15,10,20,21,1,27,28;10,2,12,9,18,13;23,14,21,24,2,29,0,13;6,22,23,13;7
15,2,5,26;2,7,6,22,20,0;11;12,26,3,10,18,8,14;28,13,18,29,8,12,26,3;2,29,15;4,13,18,16;12,8,19,2,25,26;9,14,8,19,3,26,25,1;8,7,3,4,19,21;23,5,17,25,4,1,21,19;6;1,14;9,21,28,11,22,18
2;0,8,24;16,0;17,26,20,25
14,1,4,3,22,12,20;12,26,28,23,10,16,13;9,20,10;28,5;19;17,12,29,5;28,18,23,24;21,16,24,22,2,3,9,8;28,7,27,13,0,17;3,14,20,22,11,27;10,16;27;26,28,16,25,5,20,7,10;23,3,19,1,14,4,2,10;13,25,24,1,6,26,18,23;26,11,15
6,19,7,8,29,21,15;6;23,17,22;16,25,6,5,12;25,5,26,9,24,29,10,13;17,29,28;16,27,22,1,10,8,13
16,11,24,8,23,3,21;2,14;15,23,8,12,1,20,4;10;20,10;11,18,5,1,21;5,1,23,18,15,14,19;15,19,6;26,0,14,7,15,10,4;14,19,23,16,21,20;7;9,19,11,20;23,26,17,4,9,28,0,11;27,25,5,3,15,29,7,12;6,28,9;4;27,22,20,9,25,5
18,22,28,12,20,14,29,23;15,8,29,26,16,23;8;18,20,13;24,3,0;19,25,22;4,20,21,13,22,14;0,21,11,27,29;7,0,12,22
8;19,12,7,9,1,21,26;13,23,9,15,21,11,25,14;17,27,2,12,28;22,5,2,21
19,11,8,10,23,9,22;24;0,8,12,14,29,5;27,12;26,13,28;16,0;6,12,19,8,16,17,2,29
25,1,19,21,23,6,7,17;6,0,22;8,10,1;14,24,0;15;10,0,7,21,28,5;16,21,22,7,28;29;28,22,23,7,27,14;13,8,17,7,19,11;12,17,20,21;24,25,12,6,7,23,15,14
26,4,2,7,18,6;2,19,24,13,12,15;6,10,2,27,29,24,22,18;9,2,7,18,5,22,27,12;2,7,20,16,0;15,29,20,16,14;1;14,19,6;7;29,13,8,0;14,26,20,10,28;15,6;25,18,24,12,13,16,21;19,3,22,25,27,9,8;16,22,3,6,15,24;28,15,12,29,10;14,11,13,16,21;1,15,19,22,23,18
14,21,24,1,4;1,29,23,9,27,8;19,4,15,23,12,25,0,5;8;7,21,9;5,8;20,19,26;26,12,4,29,27,2;28,10,22,25,8,11,19,27;2,21,25,6,26,1,11;17,11,0,9,3,21,28,23;3,16,5,7,17;29,19,8,3,5,15
5,1,2;21,2,22,3,25,10,9;12,17,18,23,8;24,23,13,29,4,15;27,18,24,9,12;15;9;26;5,26,29,21;15
15;22,28,12;10,29,26;25
27,5,15,6,24;22,27,5,25,4,20,2,11
0,10,25,27,18,11,23;25,7,11,27,24,12,20,5;0,19;12,0,7,1,15;18,2,26,15,25,17,0,22;7,4,19,23;29,13,10,11,9,28,5;1,6,8,11,22,0,23,29;16,1,2,25,18,24;8,24,3,25,4;6,15,28,10,18;26,10,21,13,20;4,8,12,13,14,7,28;5,13,22,17,11,24,0;19,2,15,4,22,10,5;16,20,23,0;10,0,1,25,29,11,21;16,10,29,9,25,23;20,13,7,26,1,22,14,9;5,9,16,11,2,10,4
20,6,25,26,9,21;6,29,25,13,5,27,8;5,24,27,15,9;16,7,2,21,24;0,27;18,8;20,16,8,4,25,14,19;4,27,20,13,5,0,6;1,29,13,0,19,21,22;8,1,16,27,17,0,25;0,6,8,29,1,11,28,2;22,8,14,25;18,10,1,9,25,0,7
14
7,6,12,23,29,26,24;17,11,18,15,1,8,19,16;10,14,12;6;16,21;21;12,11,5,24,15,28,23;28,13;25,20,4;12,20,13,0,26;10,25,11,27,28,20,16
23;8,12,28,10,6,29;0,29,14,2,17,9,6,1;1,18,2,22;2;2,13,9,25,17,11,14,8;5,1,28,6;3,12,7,24,22,6,20;8;4;1,20,24,19,12,26;22,17;20;22,6;0,15,29,3;16,19,5,6,17,11,1;29,0,9,4,20;2,9,6;14;26,12,9
29,28,24,5,9;16,14,3,1,5;23,18,20;0,6,19,8;11,6,7,29,20,27;4,9,16,17,19,18;17,23,15,9;27,23,16,2,10
25,22,26,7,6,13;21,15,23,19,4,12,28;23,2,22,29,13;14;4,13,0,2,11,3,15;18,23;29,3;16,3,28,26,5;2,18,28,4;14,9,7,11,23;12,9,16,28,20,13,18,0;23,8,25,21,10,14,9;20,12,24,26,6;16,22,6,14;24,29,14,28,22,9;2,29,21,22;27,18,28;4;19,23,16,6,5,24,9,25
4,29,24,15,1,2,14,11;24,19;27,24,12,5,2;26,19,0,5,9,28;21,27,22,19,6,10;19,14,7;27,1,2,16,15;14,22,23,11;20,13;29,21,8
20,16,0,15,4;27,15,25,29,5,24
11,27,10,6,20,2,14,8;14;12;12,29,10,17,27,2,28,19;3,4,28,22,25,24;5,6,0,1,2;19;10;8,3,12,9,19,22,0;12,16;7,27,1,0,10,8;21,28,15,0,16,8;4,25,16;7,23,29,25;9,17,12,23,27
16,9,5,28,24,29,25;8,26,18,28;17,13,24,4,14,20;4,9,6;3;17,1;1,10;21,5,14,10,4,3,19;17,29,1;2,0;22,0,13,29,5;12,16,5,7;6,29,25,20,1,27;20,16,9,27,8,10,25;3,12,7,20,10,11,18,14;3,17,23,14,28
9,15,14,3,27,12,25;22,23,7,18,19,4;27,5,13,14,7,1;16,23,22,3,15,20,28;18,10,4,19,12,7,29;7,29,18,13,19,2;13,26;9,3,25,1,16;26,3;3,21,9,6,26
24,0;15;4,9,16;9,27,18,24,21,2,26,15;19,17,29,4,16,3;13,9,26,14;11,0,28,12,15;28,9;8,24,19,21,27;24,19,8,1,4,11,29;1,6,11,5,3,15,24;9;2,22,19;16,26,18,20,21,17,5,11;4,18,2,27,19;25,3,15,17,2,29;16,15;26,16,9,13,4,15,21;8
12,18;14,3,6,23,24,22;14,21,22;4,17,27,29,9;6,29,4
20,19,3,28,23,1,8;0,6,27,5;19,26;2,15,11,14,17,0,4,26;17,18,5,7,13;10,18,8,20;15,3,21,7,1,9;24,7,11,4,22;27;7,17,3
3,7,29;22,5,9,13,21,16,3;18,19,3,21,24;1,12,17,26,9,3,4;17,25,6,28,1;25,18,14;23,0,27,6,10,3;18,21,0,25,20,29,26;0,4,27,11,3,8;29,23;10,19,7,4,17;14,25,5,24,2,27,10;11,15,2,23;2,9,8,18,27,17
19,26,21,4,1,29;9,7,0,8;4,18,0,9,11,8,1,3;24,7,29,6,14,9,11;1,28,22,23,0,13;25,6,27,0,9,20;22,25
17,3,23;6,15,27;18,8
13,9,4,28,1,18;2,4;6,11,25;11,15;2,8,1,12,0;13,29,14,17;21,28,2,12,11,19;27,2;15,28;25,4,19,24,27,6;6,21,24;7,8,24,5,23
19;8,29,10,28,2;28,0;7,25,12,4,0,16;23,19,17,13,3,9;2,13,14,9,6;6,16,23,4,5;2,20,16,15,3,22;15
21,13,10;27,19,16,28,26,13,17;13,1,4,24;19,18,0,21,28,15,5;6,3;16,17,18,1,0,8,5;15,8,2,22;16,19;21,7,3,22,5,18,6;28;13;14,9;19,2,1,29,14,6,13;10,8,15;4,14,12,11,5,28,1,2;27,2,18,13,7,3,6;9,22;21,25,13;1,7,5;7,1,13,23
7,18,2,23,5,27;4,22,26,24;8,17,5,19;5;21,23,3,10,24,28;14,13,15,10,29,11,9;2,1,6,0,4,24,3;1,16,26,29;11,15,28;18,26,23,1,24;16;28,17,14,29,26,18,27;2,18,13,12,11,23;12,14,4,28,8,7,26;7,12,0,26,14,23,24,1;26,7,12,10,22,25,29,27;5;21,24,16,15;6,21,10,19,24,20
25,27,28,12,11,13,6;22,3,20,26,6;9,28,17,10,18,19;20,6,9;23,14,3,15,22,16,29;26,17,25,19,22,29;26,3,14;22,1,11,10,6,25,17;25,27;15;23,15;28,7,29,0,1,21
2,16,19,14;27,28,19,22,13,8;12;14,9,16,5,21,3;26,17,29,20,13,18;9,5,12,1,14,17;1,20;9;26,19;25,12,22,27,7,20,11;6,11,9,17,25,24;10,20,25,9;17,24,0,16,22,18;1,22;24,17,25,16,8;18,19,2,16,14,11;8,23,3,0,17,27,22;22,10,24,27,6,15,16;29,9,17,26,0;28,0,20
24,25,21;25,19,7,12,4,0,24,10;10,11;12,14,16,4,13,22,9;10,14,9,2,25;25,21;22
25,7,28,11,12,15,5;23,9,25,18,12,28,26,22;12;7;26,8,18,19,13,25,24,17;10,25,0,5,28;27,29,9,14;21,20,28,26,7;15,29,16,8,18,28;26,20,18,28,8,25,1;26,13,23,14,4,20,15,21;22,2,24,19,3,20;11,21,22,5,14,6,7,18;0,12;20,0,13,23,2,17,27;15,8,12,3,29,13,27,7;10,11,28,7,3,4;0,18,2,13,29;19,4,22,26,27,6;17,27,10
10,22,24;1,8,10,7,2,14,27;27,17;20,15,13;15,6,9,26,23,14,7,0;0;16,3,19,23
25,29,22;1,2,8;20,23,1,8,28,19,15,21;4;24,12,4,10,29,23,19;23,1,22;6;25,23,9,0;15,2,7;8,5,10;13,6,21,27,24,8,20;13,17,12,25,15,7,27;3,16,21,26,2,4,11;16;22,5;7;12,22,13,24,0;13,17
20,3;0;25,24,0,4,6,16,13;20,21,14,8;26,22,5,29,11,25,23;21,12;2,16,25,4,22,5,12,13;22;25,3,13,26,6,9,11;1,13,26,18,21,12;11,2,20,8,7,26,14,12;1,13,21,29,14,2;9,10,8,4,12,3,5;26;25,7,15,3;1,25,23,19;17,3,15;16,15,17,22,26,20,14;10
27;13,28,11,5,25,27;27,26,11,23;25,29,8,27,12,7;19;2,10,1,15,16,11;21,24,18,15;13,11,21,22,5;3,29,14,5,21,16,19;10,0,24,14,28,7,29;11,13,5,9,20,2;10,0,27,23,4,16,11;0,14,11,5,7;0,13,22,29;16,17;18,24,7,15;25,16,17,18,24,7,28;20,24;28,25,14,7,21,29;8,13,26,3,21,17
