10;5,10,9,18;17,14,16,6,13;11,0;1;11,16,10,12,2,15,1,17;13,2,7;11,12,19,7,14,10,4;18,12,8,15,1;8,12,7,2,18,4;18,14,5,12,2,9,16;0,6,12,19,5,18,7;1,17,6,11,8,7,15;15,11;12,5,18,6,16,2,9,13;2,14,16;9,12;9,3,6,12,14,19,17;1,3,11,17
3;12,10,18,3,4;16;10,2,14,8,18,7,3;9,12,15,4,8;17,10,5;4,6,15,18,7;10,12,14,0,4,19,7;19,16,8,0
1,9,18,7,5,6
3;19,9,15,1,4,12,2,18;12,18,9,0,6,19,16,8;5,16,2,9;11,13;17,5,0,9,4,12;10,17,8,11,7,2;15;13,18,3,6,12,15,7;2,10,5,6,0,4,11,7;9;11,0;0,10,6,1;17,14;2,15;18,15,14,16,6,13;0,2
19,9,7,2,15,10,13;11,2,16,1,6,7;1;16;5,17,15,7,12;8,2,18,5,13,12,11,6;2;4,18,8,10,16,19,11,12;15;12,8,9;4;0,3,8
2,5,8,12,16,10,17,14;10,6,14,7,4,0;18,3,7,16,10;16,18,3,14,0;19,5,17,0,14,11,12;15,3;15,16,14;6;19,11;7;13;12,4,2;17,8,16,6;6,2;15,6,1,18,8,10,19,16;0,2,16,5,9,8;17,1,7,12,13,16,10;10,15,14,3,0,2,19;1,12;11,0,3,6,19,5
17,15,13;14,1,18;7,3;14,3,15
5,10,2,19,3;11;7,8,13,11,0,2,4;18,12,2;15,10,19;17,13,1,8,6,0;12,11,17,18,7,19;15,16;19,8,16,4,1,17;14,17,0,8,13,1,2;14,11,13,15,1;10,2,3,15,11,17,13;1,15,6,3,11,7,9;17,11,1,10,16;10,8,1,17,12,6,13,16;1,19,0,10,7,18,14,8;2,11,6,0,14;14,16
12,5,14,19,10,16,4,3
17,15,6;19,15,7,9,1,13,17,16;8,3,13,14,17,1,15;13,2,6,14,3,1;12,2,14,11;3,18,10,13,16,15,1;9,0,10,7,17,14,2;7,8,14,18
0,15,13,12,16,14;4;11,17,13,10;2,16,19,5,11,9;4,11,16,17,15,8;13,6,10,14,5;17,3,12,13,5,1;8,5,2,17;12,13,2,7,11;6,1,5,3;5,10;4,15;19,18,12,10,7,6,0;19,12,13,18,4,3,8,16;12,10,3
1,19,7,14,17,2,15;5,10,1,7,2,0,9,6;9,17,5;9,18,10,1,0;7,2,13,14;17,0,9;4,14,11,16,7;2,14,1,9,5
18,13,19,7,5,2;3,7,19,4;9,8,0;13,18,12,2,17,10;8,10,3;19,12,13,14,15,4,3;14,2,12,6,18,19,0,1;0,10;13,6,12,17;8,11;17,0,10,11;10,12,1,15,0,6;18,7,16,5
5,7,6,4,18,11,1,10;11,10,3,0,18;1,17,19,12,8,0,15;2,13;17,10,9,0,19,15,1;8,6,17;19,5,4,9,16;5,9,4,2,3,14,16;14,2,4;19,14,12,3,9;10,17,11,13,7,6;7,17,12,3,0,4,16
15,1,17,8,4,9,11,2;7,16,0,10,11,15,19;14,1,10,8,11;14,12,11;0,4,10,6,9,7,5,18;15,9,8,7;14,6,4,15,13,10,3;13,15,10,3,2,0,11
4;0,18,4,15,17,13;17,14,6,11,4;11,15,4,14,16,18,8;14,17,7,1,5;8,5,18,9,19;11,10,2,19,0,17,3
17,11,10;16,14,5,18;0;11,0;17,4,18,11;8,2,15,7,18,19;0,10;1,7,4,11,15;19,15
14,10,6,13,9,12,7,17;18,12,4,6,16,14,3,5;10,9,5,0,2,11,12;16,3,2,18,4,6,9,8;6,2,3,10,4,18;2,3,17;7,19;14,18,0,9,5;18,4,15,10,2,13,12,6;3,5,1,8,18,14,9,19;6,12;9,8;15,12,17,11,4;15,6,19,0,14,12;7;2,3,12,19,13;10,13,19,16,15,11,9;5
11,14,8,12,1,10,7,16
18,0,10,11;8,19,14,9,7;18,19,5,3,4;10,16;10,18,17,2,12;9,4,6,0;14,9,0;14,6;0,9,18,2,17,6,19,8;6,1,8,17,11,2,13,14;17,10;14,3,7,11;11,14,12,3,1,9;11,8,10,6,19,1,3,9;14,19,6;4,9,7,19,17,8;12
4,0,10,14,12,3,8,7;3,8,5;3,15,1,5,11,13;7,18,6,0;17,13;8;13,4;5,0;9;1,10,5;11,0,6,4,8;15,12,0,19,4,10;19,17,2,4;5,8,6,4,13,10,12;5,15,8,14,9,3,11;12,10,3,13,16,19,4,18;1,12,4,6,10,19,2,16;15;8,10,19,9
0,8,11,15,13,2,19;17,9,19,4;12,1,5,3,0,14;10;0
17,14,9,16,5;1,9;18,11,16;7,3,4,16,11,17,19
14;15,6,11,13,8,3,7,14;17,14,7,0,3,8,5;5,16,1,14,13,4;15,16,2,9,10,7;2,17,19,16,0,6,14;2,5,0,9,6;17,12,13,8;19,4,18
11,17,14,16;1,0,9,10;17,6
8,1,3,6;9,4;11,0;3,0,16,14,6
14,0;1,17,14,7;6,11,8,0,17,16,7;9,2,17,16,14,13,12,15;16,11,1,3,8,7,13,4;15;3,18,0,8;19,18;6,3,4,0,13,7,1,14;5,9,11,18,13,3;5,11,10,2;11,16,13,18,4,15;13,1;14,13,7,17,1,15;19,14,7
4;4,8,1,6,12;14,8,1;18,19,7,5,16,14,2;13,15,12,10,7,3,8,11;13,15,16,17,3,19,1;9,2,15,18,12;15,9,5,1,16,10;15,19,3,8,4,12,9;11,5,14,12,1,16,0;1,14,0,16,7,3,4;17,18,1,3,12,5,6;16,13;12,2;12,13,9;7,13,3,0
5,13;3,10,4,1,0
7,9,3;4,17,8,7,6,16,5;17,11,14,9,10,7,5;19,1,16;7,3,0,19,14,15,2;19,16,0,5,18;19,6,14,17,18,2;9,2,17,12,14,11,7;18,0,2,5,9,12,16;17;4,9,17,8,13,0,7,1;13,3
1,16,13,18,12,2;14,16,7,3,15
4,0;13,19,14,1,15,11,17,10;9,6;15,18,0,5,9,13;13,5,18,9;7,0,8
3,5,14;14,10,5;0,11,17,8,9,14,4;6;6;9
10,3,7,8,2;7,4;9;14,7,8,3,18;12,11,16,14,15,13,18,2;19,11,6;4,1,2,19;19,18,13,6,14,1,17;17,2,19,6,15;8;17,10,19;4,12,3,7,15,6,5;16,10,13,4,11;3,6,1,2,18;19,13,8,5;10,3,12,8,5,15,0;9,13,14;12,4,17,8,5,3
4,13,17,18,0;6,19,10,5,15,4;8,5,17
0,13,11,10,6,8;17,15;17,3,11,15,1,6;1,2;5,17,4,14,10,6,8;9,6,11,12,15;6,7,18,14,19,12,4;13,19,10,4;6,4,2,15;10,19,8,4,9,14;1,9;6,17,7,13,19,9,0;6;19
7,2,6,19;8,7;0;16,11,6;12,1,9;15,9,6,14;5,16,12;13,8,16,2;17,15,1;8,18,7,17,14,4,13;4,1,2,13,12;18,16,14,4,9,3,5;19;3,16,18,8,4,11,12;3,11;1,13,3;16,2,1,11,4,10;19;5,1,15;16,17,7,4
17,2,13,7,10,11,14;12,7,0,8,13,6,3,16;5;9,1,12,18,17,14;0,4,16,9,12,17,10,7;5,17,19,6,3,15,16;9,17,15,8,13,18,1,4;3,5,1;7,4,8,16,6;9
17,0,4;10,18;18,14,10,0,11;5,6,12,7,1,11;17,4,7,6,12,2,11;18,11,16,10,12,2,17,5;14,13,2,8,19,17,18,9;7,3,12,1,19,14,8,18;12,6,15;0,5,7,4,6,17;15,17,12,6,7,5,2;1,13,15,11,5,0,10;18,13,6,8,5,3,11,9;19,16,13,4,5,3,10;8,3,4,6,5,0,15;4,3,2,11,10,7,8,0;19,8,6
0,13,1;7,16,0,10,5,1,17;3,18,7,16,10,8
16,7,15,1,14,12,3,2;5,11,3,10,8,14;11,4;11,15;4,19,1,18,3,2,6,10;6,4,9,11,3;16,17;0,18,19;1;13;8,16;8,19,15,5,12,3,6,4;1,14,19,3,8,4,7,12;13,3,12,18,8,1,14,0;3,11
12,0,4,16,9;7,15,6,16,5;9;12,10,7,14,3,15,17;9,15,14,17,4,11;2,5;2;12,3,11,9,17
11,15,14,1;2,4,13;19,6,5;15,4,19,2,11;4,19,12,18,3,7,5,14;14,8,1,12;10,18,14,15,13,5;18,7,6,16,0,1,19;11,15,4,14,18,6,9,12;1,10,13,19,17,16,0,8
14,12,10,6,16;15,12,11,19,1,16;12,11,13,2;16,5,3,17,1,0,19,15;3,5,8,12;13,15,7,3,12,16,19;11,19,14,13,4,3,12,10;15,14,11,1,5,4,9;6,2,18,19,17,14,4;1,0,15,7,14;3,8;16,4;9,8,14;14,15,2,7,5,9;8,11,6,9,4,15;1,4;15,12,16,19,7;12
2,14,13,15,7,18;11,5,0,18,1,15,9,10;19,4,16;3,16,10,2;19,16,8,14,7;4,12;13,1,14,12;11,15,1;19,2,13,1;1,8,9,5,7,15;6,10,0,15;10,1,8,15,3,17,6,16;19,18,9,8,5,11;10,11,6,1,0;13,1;0,12,6,2;11,10,5,0
3,4,10,18,6,12,9;4,1,12;10,13,3;8,13,7,2,6,16,5;1;19,1,16,9,13,2;4,19,14,7,6,8,17;8,9,6;5,2,0,17,9,6;2,6,5;5,9,4,11,13;0,10,18,8;9,3,8,4,16,6,10;8,19;5,19,15,10,18,8;0,15,8,3,12,16,18;6,13,16,5,12;6,13,0;11,10,6
9,4,14,10;15,13,0,14,10,1;8;0,6,16,8,11
5,11,10,15;11,3,2,7,5;8,15,7,13;15,2;11,18,9,14;18,16,4,6,13,7,10
9,1,14,0,11,7;0,11,2,3,13;9,15,14,11;2;13,12;5,15,19,18,6,2;3;0,6,1,10,16,12,13,4;14,16;1,7,4,8,5,12,15,9
4,16,5,18,7,10,9,6;13;6,8;3,13;12;0,9,13,17,1,5;8,5,17,9,4,19,11,0;6,0,17,11,10,4;19,7,2,1,8;7,16;13,12,5,17;18,0,5,6,17,2;15,5,17,6,12,16,3;5,18,4,19,7;11;8,19;14,1,10;13,15,16,11,8;7,5,16
