10,27
10,13,20,11,28,27,12;10,13,24,21,12,27,0,17;8,27,28,15,5,13,21,10;24;10,22,4,11,1,25,24;12;27,13,29,21,2,16,23;8;4,13,1,12;21,29,28;1,16,24,22,0,28;2,14;4,21,26,6,12;1,22,15,19,4;5
26,14,28,16,29,18;15,11,22,27,19
21,9,3;26;27,4,9,6,1;28,20,15,7,29;2,18,13;13,10,23,1,9,12,18,11;13,17;16,19,4,22;28,3,4,27,20,5;29,21,17,3,22,26;15,9,24,18,14,27,26,11;3,0,9,12;22,27,12,29,14,26;24,22,17,4;25,20,9,11,7,16;17,12,10,9,13,19;6;8,17,7
14,4,0;10,29,1,25,24,3,4;12;1,5,14,6,15;15,7,0,9;3,20,13,4,1,28;15;18,26,17,12;29,28;23,28,21,27;1,11,22;26,1,4,6;3,13,27,0,26,7,23;21,25,26,23,13;6;4,17,14,2
5,15,0,27,12;1,20;16,9,27,21,15,18,6,13;5,20,12,2,16;15,9,24,7,1,28,23;11,2,9,29,20;12,1,23,5,10;24,27,11,25,19;22,14,19,5;13,24;25;10,29,15,20,16,12,21;24,0,1;19,1,12,15;1,17,4,6
11,19,6,7,25,8;27,15,25;20,13,14,21,29,25,5,22;11,18,24,27,29,23,13;25,29,4,15;2,10,12,9,22,14,3;19,20,24,8;24,4,29,26,7,3,25;6,27,22,2,24;9,27,22;25,14,29,1;0;17,14,16,1,21,29;16,23,3,4,19,25;8,14;19,15,2,21,18;15;12,16,6;1,26,4,23,28,6,29
17,2;25,23,1,16;12,15,3,29,17;19,3,0,27,8,26
16,5,29,1,22,27;25,27,17,7;7;2,11,5;9,16,11,0,6,8;15,1,6,16,3;14,15,11,3;22,17,29,10,6;26,7
4,27,24,9,17,12;10,1,29,5,2;16,17;29,11,7,3,15,8,0;18,14;21;17,24,6,28,11;13,10,5,16;2,7,8;16,9,24;21,3,25,12,29,28
19,22,8,7,2,18,0,21
10,18
3,15,19,20,8,23;10;24,10,6,4,15,21,9;0,28,12;20,12,29,15,2,10,3,28;22,9,0,15;2,7,1,5,11;21,25,17,19,23,20;23,7,4,1,9;8,20,13,28,19,10,21,25;27,9,21;18,17,5,22,2,24,10;0,18,16,8,29,20,12,15;26,21,2,23;7,4,17,20,13;27,16,24,2;0,8;2,7;10,17,16,4,26,20,7
25,24,27,18,1,17,15,14;16,2,22;15,29,8;28,22;29,10,15,12,4,9,19,21;13,8,5,16,22;20;2,19,18;17,4;17,16,23,0;24,29,8;18,10,23,20,16,14,6;23,13,12;29,8,18,17;26,4,17,11,12,14;1,25,15,7;14,7,15,0,11,19,9;22,29,3;12,14,13,10;17,29
24,0,28,22,15;17,27,3,28,22,8,11,10;26,22,19,25,4,1;25,6,3,24;12;16,23,29,25,7,5,26;10,12,13,28,23;16,3,28,22,29,7;23,26,27,25,20,28,18,2;17,25,23
6,24,11,20,13,12,22,18;16,22,15;19,24,4,23,2,6,12;9,27,5;29,25,21,10;16,20,9,29,11,26,15,8;18,28,16,27,4,14,22;9,23,15
23,25,14
15,14,28,23;12,0,29,15,11;20,3,22,18,12,26;23,20,5,25,1,0,7,17;25,15,20,29,14,19,1;8,2,9,15,6,26,23;22,0,29,11,15,2;2;19,24,9,6;12;26,7,20,1,10;8,1
19,5,25,4,3,13;27,26,16,28,29,10;9,17,26;0,3,14,7,28;22;29,21;2,25,0,11,28,26,1,21;8,2,27,1,9;17,0;2,9,28,22,0,26;18;20,7,15,22,21,26,27;8,19,14;11
10,11;14;26,28;9,13,23,2,1,7;4,24,3,23,11,22,18,20;0;4,20;2;2,16;26,1,21,16,15;20,21,10,7,3,28;15,16,0;14,11;0,29,25;18,10,0,4,1
16,21,3,9,13,28,12;3,10;2,23,7,1,26,28,17;12,18;28,5,17,27;0,22,21,9,4,3,10;0;28,12,19;11,5,16,28,22,23;19,21,17,14,5,24;8,14;18,21,28,8,13;8;6,15,3;18,4,22,25,24;29,27,12,4,0,6,15;3;1,16,23,0;5
7,18;19,1;17,19,29,26;6,21,10,17,11,14,15,27;5;10,26,9,27,12,23,24;18,23,3;5;1,12,26,16;15,16,0,9,8,23,13,10;21,6;17,28,27,23,16,11
16,12,21;12,24;20,10,28,4,19,9,26;17,26,9;17,9,8,1,22;14,11,3
22,7,6,9,18,3,21;24,7,14;28
23,13,17,9,3,11,15;6,21,25;25,24,7;4,9,7,20,1,27,24;25,24;3,9,7,26,8;17,19,0;18,22,8;18,12,14,17;12,4,2,6,19;4,24,16;28,21,2,10,6,24;24,16,19;20,7,3
3,26,9;26,23,11,6,29,27,5;22,16,11,26,20,2;13,11,27,28;7,28,18,21,12,15,3
15,23,19,11,12,27;0,28,3,26,24,14;2,6,11,10;5,8,13;24,23;6,17;11,28,3,23,18,8;1,0,12,7,2,19,24;10,0,25,8;17,9,22
5,4,16;23,12;28,6,1,7
2,19,28,11,23,21;25,28;12;17,13,27,12,0,14,11,29;25,11,7,27,4,8,2,10;2,21,29,28,7,11,20;13,4,2,8,12,24,1;12,27,10,17;4;13,2,24,6,1,0,10;27,23,8,20,18;8,18,26,22;5,1;12,9,21,17,1,8;1;16;0,29,2,14,27,26
13,18,3,20,1,25;29;14,16,27;24;24,0,15,29,11,12;17,23,24,15,5,0,7;5,18,10,13,27;17,5,20,23,4;5,17,16,14,6,18;0,19,1,22;14,2,1;24,16,9,15,8,2;27,24,16,15,2,0,3,25;22,12,24,8,7,0,14;29,26,7
29,21,9,19,22,0,10;26,2,25,3,23,29;6,17,22,4,3,12,2;7;1,10,21,8,17,7,12
27,17,22,29;28,22,17,21,5,2,12;19,12,20,3,2,24,13,21;29,16,25,20,17,3,27,2;15,6,4,11,19;4,5,11,8;17,25,9;1,9,23,24,19,10;15,4,14,21,29,22,2,27;2
14;24,25,19,21;13;9,29,4,16;16,26,24,6;26,9,8;17,15,12,26,9,20;22;17,25,14,28,23,20;29,19,10,6,26,9,7;7,19,11
27,6,8,5,23,12,17;0,3,18;6,17,28,19,2,21,9;0,18;9,19,21,11,23,15,13;26,4,1,17,20;9,12;24,28,27,7,19;6,27,19,17,24,12;0,11,6,2,25,17;25,24,2;18,16,20,12,4;12,4,19,17,5,21
7,4,19,20;24,22,0,1;2,12,20,13;7,19,5;10,25,2;20,6,0,2,27,11,10,28;9,12;0,15;5,2;24,10;4;11,17,0,3,12,9,10,4;16,2,25,21,13;13,9,14,6;23,14,12,20,0,1,7,19;9,3,17,7;11,13,9,4,10
16,12,10,13,8,28,7,26;27,13,5,11,16;28;24;7,25,26,20,23,9,28;18,6,3,19,11,26;29,12,18,19;12,8,23;12,3,14,5,22,8,25,19;29,4,10;13;21,15,10,29,9,22,23,19;2,20,10,3,7,27,21;8,15,21,12,3;25;16,3,27,12,6,0,4,22
29,1,14;2,6,28,0,12;3,22,11,13;25,14,23;18,24,6,23,28,13,20;16,13,2,10,20,9,22;15,28,25,4,26,2,12,20;14,22,23,7,6;0,21,16,23,24,29,18,8;17,20,26,0,22,23;13;9,18,8,22,25
1,25,4,18,21,29,0,24;18,23;17,20,22,14,26,29;16;5,27,20,0,28;13,19,28,15,27,5;19,24,28,2,22,27,14,10;5,17,1,19,3,16,21;26,23,5,7,3;16,7,25,0,10,1,22;7,29;15,11,4,1,2,26,9;16,25,7,29;8,29,26,22
28,10,18;20;29,25;3,21,27,29,23;5,19,7;16,17,24;14,11,24,8;19,16,23,7,10,20,25;8,16,2;22;3,11,15,22,21;26,18,28,24,12;17,16;20,3,9,11,19,28;27,15,23,4,22,12,7;2,24,21;15,2;10,28,7;0,6,21,7;10,25
4,28,7,29,27,2,19,24;14,9,15,16,12,0;17,23,27,5,29,13,10;1,0,12,16,14,28
13,7,17;18;25,5,29,10;22,23,19,2;10,29,19,28,1,5;24,12,10,0;2,11;1,14;28,12,17;15,11,12,0,13;20,12;17,3,4,0,14;0,20;0,8;10,29,8,12;14,25,28,6,27,26,21;19,21,3,24,5,0,13,17;7;8,9,27,15
26;12;25,17,15,8,4,20,2;29,7;10,22;8,11,6,29,28
16,6,12,2,24;25,2;18,8,9,4;19,27,29;17,4;5,1,20,7,27,11;12,4,7,26,14,27,21,11;14,28;25,6,3,19;28;19,7,9,16;5,16,25,3,17,18;20,22,19,6,25,23,24,26;23,4,29,7,8,18,10,22
25,0,4;1,2,17,15,29;29,11,0,26,12,28;21,25,12,11
8,26;2;6,7,9,26,25,18,22,4;6,24,18,14,3;18,26,14,24,23,25,28,16
14,11,29,0,27,18,26;6,26,8,5,14,25;0,25,4,15,10,1,12;19,13,4,27,3,6,20;29,23,17,6,15,5,12,13
10,12,4;8,17;1,0,22,19;20,13,3;21,3,15,12,2,17,4,29
14,17,9,4,22,25;1;8,22,25,21,19,10,6
21,23,5,18,7,1;29,0,8;16,8,27,12,1,10,21;5;14,11,1,17,18;10,15,16,6,5,23,3;21,16,27,13,7,23;7,16,14,6,5,1,9;18,10,12
0,17,28,18,23,4,2,15;23,13,28;10,2,28,4,24;21,3,12,28,10,17,14,20;5,17,13,18,11;0,27,7,10,29,18,26,20;18,19,7,24;7,0,24,3,9,1;20,22,26,21;9;12,6,2,22,0,11,29,1;26,6,24,4,16,1,15,27;3,17,18,2,0,16,13,15;19,11,25,21;12;1,29,21,22,24,28,27,15;8,27,4
21,29,20,28;22,13,26,3,29;24,14;27,18,14,23,20,19,5;8,19,29,5;17,16
7,13,4,29,9;24,13,9,16,10;3;29,27,8;23,20,21;25,26,0,13,21,18;14,9,26,2,7,3;9,7,25,24,12,13,19;24,20,10,26,1,27,29;2,7,21,3,12,24;13,24,8,14;5,17,14,19;14,28,5,16,12,9,18;24;9,12,26,11,29,22,21,7;2,18,19,13,28,14,16,0
3,16;27,28,3;14,6,9,1,28;3,14,28,29;19,8;18,1,11,22,12;13,17;4,17,26;21,27,7,8;7,2,15,25,19,22,21,4;1,4,19,0,25;18,23,9,14,10;17,26,10,20,22,28
9,6,15,25,13,20,17,4;28,1,7,25,17,12,4,8;1,11,19,3;10;7,3,12,26,21,0;5,15,12,13;24,17,21,1,18,7,12,23
0,8,21,14,13,17,5,10;12,25,2,6;2;12;12;19,8;17,3,27,11,15;8,6,16;5,28,21;15,0,20,26,2,24,11;20,15,1,16,3,24;16,14,18,3
10;22,11,18,14,25;28,4,27,10,7,25;8,0,5,27,14,2;2,19,15,8,13,20,17;3,15,14,4;15,18,8,25,22,26,9;28,5,21,19,23,14,29;29,6,4,19,16,26;26,0,3,4,22,29,27,8;27
15;6,28,4;7,19,10;21,19,26,12,0,8;8;11,20,7;29,20,12,9,25,17;6,15,23,26,10,13,3;2,11,17,8,5,10;23,11,5,16,1,21;9,5,19,15,1,10,21;0,18,23,11,6,19,20,3;7;23,6,4,10,22;8,17,19,0,11,25;24,10,21,0,27;5,23,26,16,12,4
27,9,2,11;13,9;25,20,8;14,27,12,9,11,29,1;15,17,9,28,26,20,8;12,26
24,5;4,8,19;4;0,5,7,15,6,20;4,20,2,10,3,12,15,14;24,25,20,16;10,2,4,12,7,21;22,21,24,25,5,14,8;7,8,19,26,22,13;26,22,6,28,5,1;9,13,3;14;12,6,22,8,4;19,22,12
9,4,0,20,3,23,11,16;0,21,13
21,24,7,8;7,8,15,21,13;16,27,0,6,5,17,25;24,23;10,0,27,9,1,15,19,3;26,7,29,25,1;8,26
10,20,23,17,5,15,11
10;3,23,9,19;14,24,28,0,26
20,23,28,9,1,19,3,24;12,26,9,15,25,22,14,3;17,4,9,0;24,9,18,4,3,5,8;28,22,23,29,20,0;18,1,13;25,19;17,24,8,9,29,25,15,26
25,19;28;6,4,28,27,1,3;27,0,12,16;1,24,8,4;17,13,24,28,19,27;12,9,17,0,15;0,12,28,17,7
21,26,22,23;11,20,1,7,25,13;20,19,28,25;14,28,9,21,17
12,9,17,24,5,16,20;13,11;8,2,17,25;0,15;4;21,16,23,15,22,3,11;20,11;27,9,26,3,2,1,13;29,26,21,0,17;10,25,1,6,21,4,26;29,27;10,6,0;8,19,16,13,28,11;25,18,7,14;26,1,9,11,27,21,2;1,4;19,17,7,5,25,0,10;25,22,29,17,28,14;21,12,23,3,22,7,13,5
20,13,9,23,19;17,10,5;8,25,18,12,3,14,26,1;0,26,3,6,2,27;6,3,4,23,21,20;19,6,16,14,29,3,0;25;13,19,26,5,1,7,17;16,21,7,23;20,28,13,11,27;0,27,23;6,0
9,6;3,26,19;2;10,0,13,1,28,4,14,20
28,18,10,25,15,9,22;1,5;29,28;13,24,20,23
23,26,10,0,6,15;26;17,23,15
5,25;2,28,9,7,8;11,23,10,8,18,22,28;23,20,16,8,5;8,13,1,21;2,9,22,18,0;1,10,3,24,16,5,14,21;5,2,12,16,27,18;1,18,21,19,22,24,0,2;28,4,6;28,2;6;12,7;26,17,21;26,8,19,11
0,29,6;7,27,12,9,26
10,17,0,23;24,5,20,27,15,1
14,3,9,22,28,15;7
5,9,3,25,15,0;21;27,8,12,26;1,23,27,10,28,29;13,28,23,16,11,0,10,22;18,5,29;4,22,26,27,5,18,29;4,3,17,10,21,20,1;27;27,25,3,16;24,23;7,11,2,26,15;15,12,1,28;5,4,14,25,13;29,8;16;2,16,4
4,20;9;10;13,23,8,16,11;8,17,29,23;5,21,28,14,22,4,27;21,3,29,18,25,28,19,1;10,9,23,20,6;25;17,25,14,15,12,8,1;12,20;20,22,23,14,5,4,2,7;22,18,5,28,11;28,4,5,27,9,15,16
28,7,26,8;6,1,3;24,12,14,18,11,20,6;13,1,15,25,14,27,8,20;0,2;28,7,4,9,23,14,1,11;5,19,20,3,13,16;20,6,1;13,20,22,5,17;4;20,12;19,20,29;0,25,6,13;26,23;19,23;6,24,19,22,28
20,16,10,7,23,8,5;12,22,4,11;2,20,28,5,9,18;26,6,24,20,29,3;25,29,26,10,13,11;21,22,20,1,24,7,13;27,5,10,19,7;25,16,15,22,4,24,6,5;1,19,14,11,21,0;3,21,19,18,8,1,7,10;2,12,22,13,27,15,18,3;4,10,16;1,0,24,20;10,16,4,12,20,28,25;6,2,21,22,0;17,9,26,27,28,16,21,1;21,3,9,27,8
29,14,22;4,24;16,6,13,0,29,8,20;23,5;8,18,10,5;21,27,9,25,8,19,16;20,24,16,17,1,6
12,27,2;19,26,24,28,7;11,5,8,3,15,9,26,13;19,6,17,7
0,12,5,7,21,20,19,3;12,27,0,29,20,16,17,26;16,17,2,5,20,8;24;28,21;19,25,11,2;12,16,27,15,23,26;8;9,15,2,19;9,1;12,10,15,19;4;7,20,25,2,5,12,24,1;5,19,29;1,20,27,16
9,11,2;4;28,17,7,6,29,27,18,16;28,10;14;13,28,29,2,24,23,27,12;13,5,2;5,21,8,29;6,20,4,28;15,19,25,1,12;28,17,6;1,6,28;3,0,7,11,16,23,8,20;19,1,23,2,0,29;8,5,7
29,6,15,20,17,10,0
7,14,26,11,15;2,24;16,10,21,28,4
27;3,17,8,18,28,21,27,29;1,7,2,17;10,25,21,3;8,17;9;21,11,29,0;11,26,8;1,19,5
11,14,21,18,19,1;3,15,27,23,29;12;1,6,3,7,25;13;20,17,0,3,10,2;28;23,13,26;14,28,18,19,22,20;25,16,14;7,10,18,1,25,21;18,3,7,26
23,3,10,6,1;19;28;15,23,12,7;9,4;15,13,24,10,9,26,21,17
11,28,3,4,21,19,2,29;24,8,17,27,22,11;26,15;21,12,9,27,20;3,7,11,24,28,22,4;19,2,13,26,29;23;26,12,13,25,16,14,27,0;2;23;23,10,29,15,28,21;18,20,10,11;7,29,9
19,28,26,5;3;5,19,21,16,14,12;1,12,21;7,26;15,14,5;4,19,27,11,15,3,24;9,27,5,17,23,0,25,8;10,5,11,25,28,1,20,22;26,1
