46,4,7,1,42,33,47,49
8,21;27,29,38,48,6,13,2;30,38,33,45;2,23,22,34;39,25,2,12,29,4;32,10,45,39;20;4,17,5,38;2,10,7,13,35;28,25,33,41;9,32,2,38,15;47,22,13,20,40;44,31,47,48,0;7,45
18,0,30,27,7,37;2,19,17,20,39,27,21,23;14,45,8,35;40,28;3,34,49,32,6,33,28,17;29,14,4;47,30,5,36,2,26,3,40
14,35,27;40,0,46,19,36,21;27,38,10,48,15,8,43,47;38,21,18;5;25,2,30;22,42,40,29,27,35,33,9
35,14,22,11,30;27,6,32,42,18,5,41,7;34,40,41,13,4,39,45
38,49,42,5,22,13;5,0,8,19,13;43,32,9;20,40,4,43,14,7;29,42,28,25,44,27,34,0;36,41,5,34,38;30;22,43,30,33,7,3,12,42;17,33;11,49,32,42,22,24;8,14,38,2,5,37
39,11,1,27;27
0,7,20,31,39;44;40,32,2,42,7,23;38
48,35,15;22,42,11,41,2,17;5,8,29,9,13,30,17;44,20,30,6,16,46;20,16;38,27,20,10,24,47,37;19,6;29,33,40,7;43,21,28,8;14,37
12;47,39,7,8,38,28;22,2,32;45,9,41,29,24,36;0,4,18,8,7,30,37,31;36,8;33,42,31,34,41;19,35,23,8,45;44,43;37,9;31,29,38,24,34,23,41,42
9,24;43,3;3,23,0,35,32;23,48,43
35,48;20,27,0,44,35,38;14;2,25,17,42,48,9,35;44,32,42,31,41
22,5,39,20;16,4,11,45,12,47;1,37,18;47,49,36,30,42,33,46,12;21;17;3,46,6;20,49,32;19,26,28,45,37,22,39,0;10,42,33,49,17,11;47,28;36,3,46,1,41,32;39,12,19,9,0,2;46,35;11,36;48,1,13,5,42,16
10;40,19,13,20,30,3;21,13,27,6,23;32,9,36,47,39,1,28;22,19;38,32
1,27,34,39,44,29;0,41,6,13,48,26;36,30,32,33,17,48;3,9,30,5,10;20,26,5,16,11;20,2,16,4,42,7;10,21,20;10;13,36,8,5;4,5;26,2,4;33,35,41,11,6,28
9,1,15,19,24,37,11,10;12,27,18,30,41;13,17,49,0,18,36
11,23,41;32,4,13,6,21
49,32,11,16,45,48,37;9,1,14,11,44,47,39,40;34,26,3;9,10,42,40,29,36,14,2;17;46,43,3,5,24;28,26,6;28,23,31,14,43,48;9,43;43,29,9,1,17,25;7,25,24,45,35;1,2,36,11,21,30,19,47;31,38,15;13,40,16,36,39,10,35,33;43,26,29,44;6,9,35,41,2,38;23
38,26,33,39,46,11,40,6;7,45,4,49,9;19,21,40,42;13,27,30,22;8,38;4,31,9,33,37,30,10;26;25,35,34,3;47,21,14,37;16,38,45,36,11
46,18,38;29;26;45,40,44;2,18,46
17,45,35,30,11;30,44,9,40,29,31,38;32,47,27,42,16,2;40,6,35,18,27,25,31,8;19,7;16
8,4,36;1;20,28,30,32;22;37;12,4,39,0,46,38,1,13;37,31,25,27,35,1,42,45;28,31,34,39,26,45,4;3,30,39,45,10;27;31,49,1,5,9,41,38,44;17;12,40,35,28
49,44,13,24;49
19,28,40,32,44,17,24,5;11,28,27,17,29;16;43,41,20,39,9;42,18;35,36,29,25,34,44,39,1;4,23,1,20,14,43,22,48;37,22,2,33,23;17,2,24,25;34,39,4,43,12,26;13,35;13,27,25,41,5,35,47;17,27,47,15,34,41,1;25,28;22,47,25,21,39,1,38;43,27,28;24,46,39,32,29,11;36,8,10,15,46,5;0
43;22;44,30,48;6,27,18,33,2,11,1,49;2,19;25,28,1,37;25,45;18,8,48,37,15,17;7,35,5,32,4,31;5,26,24,8,18,42,32,29;43,4,36,12,9,38,39;33,12,2,1,26,22;20,2,24,42;41,18,43,2,31,34,19,44;36,6,35,44,26,30
22,47,9,31,18,42,46,13;18,24,38;37,46,45,18;12,42,5,47,8,16;30,23,47;22,20,25,23,14,5;27,33,8,37,44;22,1,24,27,31,48,42,26;43,11;16;45;32,21;12,47,45,33,29,27;7,17,27,34
39,30,42,20,27;39,34,35,16,47,15,36,45;15,5,0,19,1,43;34
13;30,26,40,48,1;8,46;14,6,20,11,7,22,24;46,9,36,11;17,32,47
44;35;15;37,46,14,2,41,45,17,15;1,45,28,3,32,38,4,15;28,20,33,44,18,47,10,15;31;36,2,35,44,23,25,39,30;36;44,37;12,48,23,34,18,47,49;23,49,27,21,16,44,0;6;29,16;5,16,37,36,21,43,1;24;18,1,28,8,48,43;49,28,2,3,37
1;11,30,26;16,3,24,20,11,14,36,12;12,13;11,16,28;1,26,19,45,10,21;16,35,24,27,44,6,39;14,34;16;48,4,27,22,40,31,10,14;1,36,39,12,24,31,46;7,40;34,11,42,23,12,0,13,38;38,14,45,30,33
7,41,34,27,8,36,13,4;34,28,35,24,27,26,22;7,46,12,2,5,20,10,25;29;6,41,39,32,9,35;36,10,25,21,4,38;20,39,21,14,22,40,28;21,13,47,48,25,40;14,22,43,41,9,18,3;18,3;35,48,0,43,4,5,30;35,1,13,27;37,39,10,9,44,7
2,14,31,48,27,26,49;36,19,12,14,42,46;30,18;9,42;13;13;5,42;47;24,39,43;23,16,1,26,32;25,14,12;46,31,34
7,45;35,28,38;0,44,39;25,1,17,44,0,13,46,14;14,21;40,36,28,24,8,23,26;13;10,26;12,14,2,15,25,45,39;3,14,36,18,39,31,34;18;42,33;47,18,9,34,6,5;3,47,46,14;38,37,7,0,4;11,24,30,46,42,45,21;26,19,8
46,11,45,3,9,5,44,20;5,36,45,47,7,1;25,15,47,4,9,29,16;28,36,1,29;11,22,44,12,29,7,8,15
7,4,30,26,22;13,11,49,39;9,18,20,30,40,35,5,29;31,40,4,9,42,48,30,29;5,10,36,9,8;24,49;20;34;3,47,23;9,11,49,5,31,37,25,27;11,7,22,10,1;42,41,21,20,40,29,44,1;9,41,20,38,27,4;9,33,44,0,12,35,40,49
38,44,16;30,41,45,17,29,19,38;9;23,12,27,20;46,17,29;18,37;7,6,1,44,9,36,15,41;3,4,36,48,6,33;49,38,46,14,31,37,24,6
43,20,4,33,30,48,47,1;46,11,31;48,27,23;47,24;26,28,15,42,48,13,0;47,6,10
39,18;11,2,9,17,38,23,49,4;36,47,6,33,37,27,41;5,27,39;8,29,16,22,5,42,24;20,14;46,44,15,25,43,0,9;17;49,38,44,29
47,4,13,14;4;34;21,13;37,18,43;15,23,0,48,2,26,49;43,49,14,9,28,44;46,14,35,27,7;8;4,27,6;49,8,17;29,36,48,22,45,4,25,18;13,49,11,12;39,45,23,2,3;6,17,44,21,19;47,23,5,2,13;21,17;35,30,29,10,17
3,36,43,48,5,44,9,4;1,37
12,44,43,6,22,42;20;24,20,21,25,15,44,0;14,17;20,27,0,34,24,37;44,30,10,23,36,39;45,1;6,8,31,36;41,35,7;10,6,32,25,17,29,49;8;8,18,35,10,41,38,0,49;1,39;29,36;28,5;11,36,29,12,22,30,33,34
0,30,45,15,2
15,23,22,32,19,36;32,40,41,29,46,25;18,22,20;2,6,7,46;48,3;6,49;7,1,3;26,23,34;3,24;19,22,16;10,32,41;11,31,17,0,45,32,29,46;38,12;6,37,15,9;39,7,21;42,4,15,44,22,43,40,32;40,16,28,15
28,29
44;40,48;35,21,38;1,17,44,24,6,20,38,42;6,4,5,44,0;2,12,20,49;45,26,49,22,48,19;21,16,25,32,8,35;49,32,0,37,20,16;1,28,41,16,24,13;44;44,37;15,27,24,26,25,37;22,11,31;4,18,36,12,9,31,49;41;16,42;38,37,24;48,18,33,40;48,10,1,36,18,9,31,15
4,40,16,39,44,32;29,27,26,46,42;44,47,35,38,32,4,25;19;27,11;27;47,15,26,42,27;29,47,7;13;24,13,20,9,7,8,29
13,4,43,49,29,36,40;31,8,11,38,17,30;18;28;4,37,10,32,12;12,39,38;1;35,41,40,29,8,27;47,3;42,38,32;6,17,13,31,36,47;10;44,18,10;30,23,2,24,34,43,6,38
49,18,47,20,26,25,13,36;12,2,40,35,37;8,28,37,7,31;21,48,32,44;7,31,45,33,34,40,0,29;4,31,12,17;8,0,43,7,21,28,47;46,5,16,26;27;42,46;49,3,0,48,35,36,44;25,44,36,40,46,13,6;0
27,11;0,17
15,3,12,46,24;41,44,10;11,10,33,31,36,3,41,34;21,38,40,42,32;2,38
