15,12,18,3,17,1;3,11,22,5;7,10;5,1,27;29,8,21,19,20,15,23;6,24,14,19,7,10,8;18,26,3;18,27,11,20,0,2,19,13;10,9,24,26,8,27,15;26,7,9,18,8,16,17,29;22,0,9,10,3;28,27,5,3,26,20,24,15;3,16,13,11,12;23,24,18,6;2;18,14;29,1,25,12,22,15,19
11;14,13,23,28;14,23;14;16,24,13,14,25,21,3;2,22,23,29,0,10;5,10,8,6;21,8,28,2
5,11,23,14,1,15;6,16,2;3;13;18,10,3,14,27;13,0;26,18,0,28,27,12,9,24;2;1,19,17,0,28,7
20;21,12,1,15,27,4;12,13,23,5,10,27;12,0,11,28,13,24,6;0,8,2,13;8,1,19,23,4,13;14,15,2,21;10,23,21
7,2,17,22;25,2,4,19;22,24,29,27,3,20;15,25,24,6,26,7;3;3,8,18,17,26;15,23,4,20;10,21,15
20,1;24,9;18,3,27,25,20,22,28,14;2,25,26,12,5,16;12,25,16,20,3;15,20,2,24;15,28,2;6,15;12;10,18,1,24,6,4,21,17;16,1;13,18,2,5,29,11,3,26;27,7;8,5;16,18
19,26,9,16,22,15;11,28;17,5,2,21,28,18;17,5,15,12,13,21,0;25,28,22;11,6,18,4;5,2,24,6,12,4;11,27;18,22,24,29,2,28,25;20,12,7,5,3,0;0;16,6,26;27,8,9,17,2,26
20,12,18;5,1;25,26,20,23,21,6;23;18,29,0;9,10,11,8,28,5,0;9,26,10,6,2,14,15
20,18,29,0,21,16,13;19,0,12,18,1,16,17;13,23,25,12,2,26;4,2,12,23,18;6,24,16,20,15,0,26,21;29,0,3,23,14,18,16,10
4,0;27,21,4,23,3,1,29;7,23,14,29,19,10,9;15;6,21,17,27,3,2;12,1,20;15,2,20,5,13,28,7;26,7,19,12,10,6;23,4,9,6;14,12,23,28,20,8
17,29,7,28,24;7,29,10,2,12,22,4,18;0,7,19;24,13,23,4,8;3
27,1,28,18,6,3,21;18,23,14,0,6,16,12;12,7,2,23,11;5,12,2,4;8;13,21,1,9;2,20,24,12;8,27,12,13,7,6,23,1;8,19,16,11;20,5;14,18,8;4,19,18,3;1,2,7,5,9,29;3,5,22,9;16
6,18,17,2,5,28,3;1,17,21,24,23;20,6,13,1,5;14,7,6,1,11,13;8,5,1,23,21,29;23,25;14,8,19;11,7,8;11,19,8,6,16,15;28,25;23,15;8,10,0;23,4,13;22,7,15,21,4;19,12,1,2,15,27
17,0,29,9,6,24,2;26,24,16,21,11;0,1,5,27,4;1,29,8,16,0,6,22,25
13,17,19,21,6,29,20,27;23
24,29,14,6,21,27,1,22;14,2,15,29,10,11,16,28;12,20,14,22,29,18,25;12,27,22;21,7,19,5;4,19,25,13,8;27,28,26;10;22,6,9;3,12,1,25,13,7;2;29,16,13,19,18,21;7,6,24,20;23,16,20,6,3,18,0,27;14,19,25;14,19,27,6,25,16,4;9,20,13,5,25,21,15,29;6;17,12,3,6
5,11,27,14;22,13,0;13,2;12,29,4,22,5,21,3,11;17,2,15,24,20,25;13,17,29,26,14,2,5,7;0;25,22,20,4,3,5;14,17,22,13,26,16;17,24,0,18,14,12,10;27,18
8,7,23,20,2;28,12,3,22,9;9,19,16,12,18
26;6,23,19;12,11,23,27,21;26,9;15,19;0,14,12,2,3,19,18;28,6,8,12,17,0;17,27,7;14,2,26,1,16,3,11;15,23,29,20,1,26
9,19,27,23,7;5,13,1;22;19,15;9,4,26,3,12,13;14,29,9,0,8,27,20,2
13,28,16,24,4,9;23,5;4,23,26,1,8;20,27,10,24,6;11,0,12
13,21,24,29,15;28,24,21,2,12,27,0,18;3,17,24,27,10,11,22,4;10,8,5;10,22
5,13,11;20,28,4;8,29;28,21,0,8,11,23,15,3;21,25;0,4,13,2,10;22,28,9;25,23,15,26,14;21,11,25,8,9,14;23,16,27,0,2,5
4,18;12,24,26;21,14,6,18,0,7,19;15;6,14;25,28,16,4,2,20,18;5,27,20,11;4,9,15,10,0,6,29;13,18,6;26,7,12;10,5,29,19;23,4,3,8,14,17,22,10;17,20,11,4,9,5,28
22,28,21,25;20,17,26,10,5,27,11,4;11,4,14,24,10,28,2;14,22,26,10,3,27,24;7,17,1;15,16,13,17,19,29;2,29,0,4,27,7,1;25,14,11;21,14,28,4;3,28,27,18,14,22,23,29;16,28,6,12,22,27,4
1,22,9,12,23,26,3;13,3,10,1,28,0,20,22;10,1,25,13,16,3,11,20;20,28,23;6,19,29,22,1,25,3,20;9,15,1;21;16;22;6,17,20;0,4,14,18,12;3,22,16,7,9,11,28;9,17,2,20,29,28;6,23,10
11,10,2,3,25,17;20,15,19,18,28,21,12;20,5,25,14;16,14,1,19,10;28;10,7,18,6;20,5;28,15;29,12,23,2,7,27,15,16;17,23;11,10,12,20,1;25,3,11;4,1,21,12,7,24,0;8,27,22;18,9,6,26,15,19;4,14,2,21,12,6,29,20;4,24;16
25,26,9,5;19,12,16,13,26,23,22,8;27,1,11,8,18,5,15;29,2,20,26,0;18;14,0,20,15,18,25,3,21;4,23,9,25,22,19,8,27;2,23,29;24,4,18,5,20;23,10,9,22;18;1;20,19,0,13,7,11,28,12;27,19,20;27,22,21,29;20,6,17,13;0,22,15;2,9,3;1,6,14,26
10,8,18,21,19,17,9,16;20,3,23,22,2;20,19,18,29,14,25,23,26;18,26,12,25,3,23;29,9,19,0;9,4,13,16,15,19;13,9,8;1,9,2,18,3;0,29;17,4,8;23,21,1;17,15
16,14,5;29,10;5,20,0,3,19,24,25;9;16,3,0;29,14;1,24,10,4;5,16,8,7,17,29;5,20,22;18,25,6,5
3,28;26,16;2,24,28,1,29,6;28,20,4,22,13,6,25,19;24,19;28,24,16,19,18,10,13;29,15,10,4,6,18,1
1,15,5,27,7,24,22;27;24,7,21;22,21,19,15;12,29,13,15,21,4,25;28;20,1,28,18,23,29,6,24;15;17,14,20,22;24,26,12,0,9,27,18
19,2,15,16,14,18,12,13;21,20;29;4,24,14,15,17,27;24,14,7,18;0,21,9,23;0,11
24,7,22,23,2;1,29,22,5,10,18,28,20;19,8,7,17,25,18;20,15,7,17,25,11;10;8,27;1,18,6,20,7,4,26,0
20,21,6,12,19,27,16;27,10,6,13;3,16;7;19,29,1,4,17,6,24,12;27,11;3,18,2,4,25,10,12,23;27,12,26,23,4,14,28,21
8,20;10,7;23,6,28,13,19,22,15;26,19,29,18,4,21,5,28;17,13;28,20,24,11,3,15,19;12;24,10,4;2,12;8,10;9,15,8,27;3,2,23,25,24,17;11,5,16,3,6,8,9;6;26;15,13,8,18,22,9,3,25;0,27,5,6,29;26,16,6,9,20,12;20
18,23,20;28,14,3,4,22,27,12,24;3,20,25;28,13,1,21,18,17,6,29;4,0,22,23,29,8,11,15;14,22,27,12,7,2,21;6;16,22,19,20,1,2,18,13
4,24,25,19,11,28;14,19,7,23,3,2,8,16;29;29,8,23,15;6,11;19,24,1,21,9,23,4;19,18,8;17,8,15,1,6,5,10
7,15,17,2,10;29;18,1,16,28,8;23,19,24,15,16,3,11,8;8,23,3,20;29,9,0,23,13,19,24,12;7;26,23,21,13,7,16,1;2,4,29,9;3,28,15,14,11,10;8,25,26,7,12,11,29,14;27,15,2,3;21,23,27;27,20;6,26,1;3,4,23,22;23,4;10,9,14,6,18,11,1;28,23,29
19,16;17,20,22,7,11,19,28,5;17,20;15,2,13,20,8,16,21;8,2;8,17,16,23,1,21,26;21,25;15,9,8,26,0,7,20,4;19,17,24,18,21,13,20;3,2;7,1,3,18;22;5,9,16,26,3,24,27,20;18,17,28;12,3,6,27,20,28;16;2,12,5,10,20,26,13;0,13,10,1,14,29;22,19,9,25,20,7,11
14,6,23;0,9,24,27,16;22;28,13,9,4
11,29;16;20,27,8,15;26,20,23,6,9,28,12,16;9;18,3,13,5,28,24
23,16,15,5,11,12;20,25;21,15,10,18,22,13,23;18,3;26,8;8,23,7,18,9,17,4;24,1,10,26;29,6,1,4,22,25;26,2,3,24;4,28,15,3,17,5;29
7,16,28,3,13,5;20,26;12,15,28;4,8,15,16,1,9,17,22;25,6,22,7;2,25,17,28,14,29,9;14,19,23,28;18,17,25,19,8,27,21,9;17,7,28,25,29,15,21;12,29,2;2,27,20,9,7,29,22,16
1,0,5,13,3,22;7,12,1,3,11;20,5;16,25,24,2,27,1;29,7,27,24,20;9,4;25,5;4,5,28,15,11,26,29,27;27,12,28,18,7,13;9,3,0,29,27;8,1,0,21;2,9,17;13,17,10,1,22;21,18;18,19;12,18,6,29;14,22,28,9,20
26,15,11,5,6;29,6,25,2,18,23,20,24;10,13,11,26,14,25,2;4,7,12,13,11;28,18,14,19,21,11,27;4,13,22,2,5,20,10,23;29,27,0,9,10,12,23,16;7,27,14,28,26,16,25;10,12,21,27,18,2,19,5;15,14,27,1,10,23,13,25
9;25,7,13,29,17,12;28,19;26,25,13,3,28;10,1,23,4,22;17,15,26,16;16,21,19,27,28,24
0,2,26,11,18,28,14;28,29,0,11,25,9,6;18,5;18,26,10,4,12;1,15,19,17,26,23,11;10,22,11,1,5,13,8,3;29,24;19,4,2;3,18,20;29,3;17,8,0,19,29,27;8,18
3,27,6,26,25,9;20,18;12;29,25,6,19,10,26,22;20,24,13,25,1,22,23,15;10,24,23,1,22,18,14,17;13,27,11;22,27;1,12,0;12,4,24,3;11,4,5;25,8,9,13,19,3;20;7;14
22,6,10,18,13,21,7,26;14,23,8,0,26,18;23,22,21,17,12,29,20,10;21,26,8,24,4,27,15,7;12,25;2,4;26,21,20,10;1,11,0,16,25,4,15,22;7,24,26,8;11,2,8,28,26,29,23;28,27,17;4,7,29,6,15;6,18,12,17,27,15;26,1,0,29,18,13,22,3;0,17,11,20,14,21,10,4;18,7,2,14,28,3;19,26,18,14,5
1,26,14,3,0,28,12,15;18
13,18,26,29,6,25;17,5,24,2,19,26;26,20,27;5,22,20,24,27,19
26,8;20,22,7,4;12,9,0,10,24;11,18,0,22,9,2,8;29,14,22;6;25,9,0,11,23;21,13,5,7,8,16,22;23,8;13;3,28,7,5;29
29,3,25,16;29;15,8,29,16,12,10,7,17;14,9;29,0,19,4;5,12,20;4,3,20,11;25,1,18,21,6,22,19;29,0,27,20,4,26,17,19;17,26,1,5,13;21,17,24,5,20,14;0,18,13,23;16,17,2,11,7,19,10,0;16,5,20,6,1,2,13;29,13,22,21,5,12,27,16;20,28,27,17,10,7,0;13;26,8,0,5,29
27,10,11,4,9,28,12,29;28,1;22,17,11,10;3,28;26,3;25,6,17;12,20;26;16;22,23,20,1,19,12,21;2,21,25,26;3,29,8;27,3,2,17,12,18,23,20
17,9;5,10,22;25,21,4,22;13,1,2,0,8,22,18;22;9,15,7,24,17;9,21,14,4,28;24,15,6,3,22,21,17,25;17;26,29,25,4,12;8,22,17,18,9,3,4;11,24,22,16;23,27,17;19,20;9,19,27,6,1;28,24,26;3,0;8;0,6,3,5,12,10,17
27;7,0,16,21,8,10,6;14,25;16,17,19;19,9,2,7,4,3,20,10
0,12,5,26,2;20,27,2,18;21,26,18,19,2,14,27,10;28,26,13,14,19,22,6,17
20,23,14,19;16,28,26,4,24,29,19,2;17,5,16,0,22,29,8;2,14;26,29,20,25,10;6,22;24,7,10,6,11;24,28,0;24,1,13;1,29,13,25,8,7;27,16,17,14,29;14;29,6,22,24,12;25,17,8,2,12,1;10,17,9;8;8,6,7,22,26,5;0,14
4,28,19,12,27,25,13;11,4,17,9,8,12;3,12,10,0,7,15,14;15,21,0,3,14,18,16,6;2,14,27,22,3,21,16,0;2,14,8,6;14,17,15,10,6;15,5,24,4,0,9,19;4,17,29,22,8;3,11,22,15;7,5,19;24,25,13,6,21,5;29,14,21,15,27,6,12;12,14,18,22,2,19,27
26,5,6,0,28,9,19;27,24,8,28,16;28;10,8,9,23,29,26,27;19,27,18,23,13;21,7,23,24,2,28;12,16,9,6;28,4,11,14,19;7,15,19,14,9,22,4,0
13;15,13,9,5,8,26,1,20;21,17,7,3,8,2,11;0,17,29,13,19,22,15,2;10,20,9,0;13,7,6,26;5,27,15,19,16,6;2,9;9,1,19,8;19,9,1,15,22,13,24;27,26,2,10
16,22,10,1,25;3;21,13,28,4,19;8,29,23;16,5;18,27,9,12;25,4;21,20,1,11;16,11,10,2;3,0,20
8,26,9,5;28,8,15,0;25,23;19,15;19,2,8;13;5;5,11,15,22;8,6,16,7;3,21,6,4;25,4,18,13,19,11,27;20,22,24,7,17,23,1;11
9,10;9,17,16,13,28,4,27;12,21,11,0,1,3,28
1,13,6,12,10,23,26,5;12,16,24;2,15,5,6,16,24,0;27,25,29,7,4,12;10,6,7,9,13,29;28;4,13,14,22,9,0,5;25,28,1,2,4,7,29;2,26,14,29,9,17;18,19,22,10,6,27,29;1,18,8;17;18,6
17,20,11,8,4,18;23,7,13;29;4,25,28;21,26,1,19,23;17,18,28;9,5,15,17,4,13;26,22,3,1;26,18;3,12,24,5,21,7;6,13,28,9,1,12,21;22,10,7,28,17,16,8,0;23,26,28,24,25,11,12,8;7,0,2,25,14;10,6,21,20,16,14;7,3,13,5,16,19,28,25
23,26,27,21,19,13;1,24,20,25,5,28,2,12;2,7,15;13,18,14,28,12,5,19;25,15,2;23,0,27,2,13,15
20,8,27,29,1,10,28,16;16,22,7;11,5,1;21,11,13;10,15,5,9
15,4,2;9,3,19,21;27,13,9,19,1,11;11,29,12,1,8,24,26;2,5;18,23,3;10,22
29;0,20,1,26,17,10;9,12,15,2;10,3,22;11,12,15;10,11,8,19;2,21,18;14,25,2,27,23,3,24;26,27,21,5,12;3,6;0,21,23,14,20;11,0,17,15;1,11,13;15;13,16,9,26,0,29,23;12,24,6;15,23,12,29,7,3,11;8,27,17,19;8,6,13,20;28,26,29,18,20,21
10,3,11,8,15,2;4,18,1,5,13;21,12,3,25;6,29,23,28,3;0,5,16,27,14,10,7;29,24;15;8,26,18,2,16,5,17;3,8,22,26,5;19,7,25,17,2,26;8,27,21,16,24,19,2;28,20,2,27,3,22,17,29;18,2,16,15,28,17,12;28;8,21,15,9,29,11;8;3,17,16,13,10,28;3;8,20
6,22,7,25,15,11,2;11,6,16,24,1,22;24,4,0,9,10,7;4,12,16,25;7,22,23;23,25,8,5,27,7;28,1,26,8,12,24,23;3,22;4,24,20,7,16;21;13,20,3,21;0,11,2,9,12,18;9,5,2,29,21,7,23,12;29,13,22,9,5,16,24;21
5,26,6;9,22,25,21,20;5;20;12,25,21,28,16;29,24,20,28,5;7,10,15,24,2,25;10,22,29,23,8,26,3,14;18,21,3;17,4,13,9;1;4,3,2,21,29,0,13;19;21;1,10,0,23,3,2
16;3,7;8,12,26,27;20,7,11,13,26;19,12,26;7,25,24,5,29,27,1,22;1,6,16;7,5,0,20,16,29;19,1,17;18,17,6,3,12
20,12,26,15,1;14,20,2,25;14;25,20,17,15,18,13;29
20,28,25,4,5,10,22;19;10;4,24,22,21,13,19,7;18;5;19,14,17,23;29,10,5,7,14,16,6;12,16,4,25,9;20,10,8,28,3;12,2,3,25;9;24,18,22,25,1,17,5,27;22,1,25,20,10,8,6,28
1,25,4,26,29,6,11,17;20,0;4,7,19,26,1,14,11,0;16,2,26,14,22,29;28,18,8,24,12,3,6;11,12,28,27,24,9;8,13,0,4;24,12;6;14,24,29,2,11,9,1,28;3,7;9,26,11;3;16,12,0,11
0,3,15,7,10,9;21,12,15,9,19,16,23;27,0,20;26,15,17,5,28,13;7,13,9,27,8;29,1;24,29
14;8,23,11;13,20,23,21,10,4,6,2;13,27,16,5;15,24,7,25;10
15,2,25,24,9,5,7;5,26,11,24,10,19,17;8;26,18,24,17,8,23,13;5;27,26;29
16,11,21,9;7;27,6,7,1;13,19,20;5,12,21,2;14,4,24,9,7,2,5,18;29,16,4,18,14,23,5;22,20,17;1,23,7,4,18,24,17,15;25,5,3,6,13,26;26,0;5;3,7,25,2,28,4,6,21;16,29,22,25,14;21,9,8,17,24,4,18,27;20,13,11;9,6,15,18;8,17,14;14,8,5,3,10,7;5,11,17,9,26,28,7,22
27,9;3,21,25,8,19,11,14,17;15,21,14,6,3,16,9;20,3;22,10,24,21,2,20
15,6,23,13,22;20,29,4,16,8,1,19,15;27;14;9,21;4,14,3,25;20,3,7;10,1,2,24,6,11,9;26;24,0,22,14,19
15,29,4,17,22;18,12,3,5,2,17,7;4,26,15;0,12,28,23,26;8,3,29,15;25,7,5,11,14,10,4;16;11,5,12,6,25,22,23;23,27;1,8,26,11,9,16,10;22,4,27;6,28,8,13,4;3,5;4,3,9,7,5,28;18,22,20,5,9,21,29,2;28,4,29
27,0,29,13,16,2,1;8;9,0,29,26,11,18,14;5;29,25,16,14,24,2,4,19;8,9;23;2,0,20,28;4,8,20,13,29,23;10,14,16,17;6,25,5,13,2;8,6,18,9;24,27,15,16,4,7,21;7;0,22;13,16
13;14,27,23,13,10,8,12,21;1,24,11,15,10,6,22,17;4,23,14,27,0,19,1;14;4,5,23,15,29
21,18,25,11,0,22;16,20,11,10,17,22;0,4,10,11,3,28,15;0,2,7,22,1,20,11;12;8,21,26,15,10,2;29,3,12,15,21,27,13,16;22;24,25,6,5,28,17;13,17,4,21,18,23,27,22;18,29,14,22,2;22;9,21,25,8,28,17,6,1;12;26,14,23;23,22,24,11;19,12;29,11,7,17;5
8,24,11,13;24,6,3,17,13,28,19;23,4;7,11,10,6,3,19,14;27,25,18;8,2,21,14;2,20,15,25;20,15,11,2;6;24,10,22,3,23,15,9
28,7,21,19,18,25,15,0;23,4;23;28,21,27,13,6,11,25,3;2,18;4,21;14,11,6,27,5
17,15;29,12,6,8,19,10,0,21;15,13,16,23,28;5,13,28,0,9,6,24;10,3,15,21,7,13;5,15,1,28,3,22,26;21,1,16,25;0,26,9,10,23;11,1,18,8,14;1,12,18;10,27,26;11,16;22,6,24,18,4,5
7,21,19,12,24;22,2,21,23,18,7,24,15;12;12,6,25,3;14,7,15,10,20,22,18,12
26,14;0,9,16,12,24,8,25,27;14,3;10,18,13,0;11,25,10,7,27,29;14,19,21,16,4,29,0;28
11,22,3,27;9,4,20,18,5,21;8,0,6,5,20,13,14,25;26;26,18,29
26,14,18
16,19,15
29,0,3,15,9;16,13,11;0,20,7,27,28;2,22,18,0,29,4;14,23,0,5,2;21,16,3,28,8,17;12,4,6,13;23,21,6;3,14,27,4,0
28,25,27,8,15,14,13;18;7,27,29;6,27,28;8;29,2,0;11,12,3,21,23,26,6,24;19,3,10,15,4,18;16,6,25,13;27,5,17,15;21,23,5,8,18;9;4;25,23,19,5,24,3;1,15,17,13
13,2,5,17,8;16,3,2,13,5;23,19,9,26,25,16,17,7;7,19,15,24,12,14;18,21,15;5,24,12,1,14,19,26
25,5,20,8,4;3,4,22;27,8,11,0;2,17,0,4,25,22;21,4,16;1,8;5;8;23,4;7,2,8,14;11,23,7;17,11,16,25,14,8
18,28;25,17,15,26,12,18,22,20;26,18,19,9,1,4;16;22,15,4,0,18,20,2;20,16,5,28,9;5,11,16,17,15,14,7,18;15,6,28,24;6,8,23;20,18,26,15,19,10,11,17;12,15;2,15,6,27;13;1,3,13,7,28;22,10,16;27,20,19,11
25,24,13,6,10;28;16,29,7,12,9,2;9,28,3,14;19,12,16,14,13,28,1,0;2,6,13,4,15,14,12;29,17,18,13;20,6,15,21,1,23,17,2;11;6,11,1,16,20,17,2,24;3,2,22;27;26,13,19,3,10,23,9,11;2,29,20,3,23,17
17,13,25,18,14,15,0;15,22,25,20,2,13,12,26;25,19,6,26,28,0;1,13,20,23,29,14,26;6;17,26,7,27;16,23
22,26,10,14,21,3,2;19,4,10,23,6;6,24,26;5,0,11,29,13,17,18,26;3,29;28,2,19,21,22;17,24,26,29;29,4,1,2,11,15;28,12;7,28,15;29,9,0,18,15,4,19;16,13;26;13,25,5,16,23,3;8
5;15,20,19,1,25,11,29,8;3,15,27,9,8,6,25,10;25;16,18,5,21,26,0,13;8,6,9,26
11,17,6,10,14,9;28,20
1,4,19,17,24;5,3,10,24;23,1,24,21,3,11,25,15;5,28,19,21,1,25;18,27,28;28,20,16,19;5;29,1,11;23;6,24,3,29,10,28,7;23,17,26,11,2;25,12,7,17,2,13,15,21;12,15,14,2,5;1;0,10,2,17,23,22,5;4;5,1,3,26,21,14,0,11;9;3,21,19,20;20,11,17
7,14,23,28,5,17,18,4;27,12,1,9,5,8;5;8,10,3,4,6,19,11;24,11,5,26,17,27;19,13;29,20,10,12,17,19,8,14;23,10,24;28,24,7,20,21;20,4,1,26,7,6;11,27,10,25;11,15,13,6,18,27,1;18,16,22,2,15;24,16,2,10,3,13;24,18,11,23,27,10,15;25,27,9,6
29,25,18,6,15,19,11;14,26,2,11,6,4,19;21,17,23,1
26,16,2
