3,19,29,8,2,21;4,16,12,6,5,15;7,0,13,22,27;23;17,0;5;21;1,24,4,25,5,21,27,3;23,4,3,16,1;10;22,25,14,7,23,29;23,15,27,5;20,5,23,22,3;16,21,24;16;19,2,27,14,25,23,3;11,28,10;14,0,17,27,5,3;22,10,6
19,3,22,20,4,17,28;12,21,5,8,23,18,7,4;16,20;26,28;15,11,26,10,27,24,20;25,17,11;4,27,12
15,27,13,14,19;6,14,20,18,24,10;15,3;13,9,19;2,12,28,6;23,27,15,5,9,2,26,24;18,16,13,3
3,8;23,7,0,9,20,21,5,12;26,4,12,0,6;10,26,14,22;22,23,18,9,13,4;13,20,26,28,14,7,17;13,19,2,22;10,4,26,3,2,23;4,28,25;15,16,14,18;0,26,16,5,4,7,12,18;22,8,13,25,19;17,23,25;14,5,12;24,2,17,23;8,24,19,3
0,11,10,8;22,2,4,10;14,16,22,15;29,7,18,13,16;0,3,17,24,28,14,4;4,27,26,7,2,17,10;21;17;3,13;15,18,27,26,20;22,1,8,18,23,15,9;20,23,0,13,14,28;7,9,13,16;21,5,8;13;12;10,28,16,3,4,12;13,2,16,19,7,27,22,1;6,3,16,5,0,1
7,16,3,22;19,22,18;0,22,7,5;4,17,3,5;16,15,20,28;15,12;18;11,21,18,5,15;22,4,8,17,18,19;26,10,2;15,10,2,25,23,3,6,12;22,8,2,14,23;14;15,18,28,12,16,6;24;12,10,11,9,25,24,0
19,28,9,7;11,12,27,16;29,16,4,8;7,3,13,23,4,16,28,22
19,18,20,21,6,5,24,13;9,7,22,23,12,3,8,6;20,22,18,14,5,11,7;14,18,3,27;6,8
19,10,12,13;13,2,1,27;0,27,10;12,26,11,20,19,28,3,25;7,13,18,3;25,10,13;8,19,15,20,25;12,2,27,23,22,16,3,11;26,9,6,25,11,22,14,29;24,7,29,22;16,29,20,8,11,18,3;2,11
4,0,10,14,24;27,9,5,6,18;27,11,3;13,8,7,26,21;8,27,19,7,16,9;19;6,4,26,3,25,9;9,24;3,4;5,20,24,18,28;25,5,29,13,9,22,8;14,27,22,5,10,18,15;6,26,21,12,10,15;17,14,13,0,1,6,28,11;1,5,10;6;8,3,15,9,27,29,26;13,12,3,10,28
14,5;0,24;28,10,4,29,2,16,21;19,10,25,22,18,21;25,27;27,19,5,13,18,9,8;10,8,2,24,13,22,15;24;3,1,18,21
1,17,15,11,4,2;6,24,7;29,17,7,27,2
13,24,23;4,25,20,18;10,6,29,9
17,2,14,21,26;19,26,29,11,20,8,13,24;9,29;5;17,5,11;12,18,8,5,0,16;22,29,20,12,14,9,19;13,5,10,9,17;10,23,9,26,5;8,10,27,13
16,15,23,21,9,3,29;25,14,18,6,29,0,28,9;14,20,26,17,7;13;21,14,22,29,15,20,9;12,19,7,5,18;17,24,23,8,12,26,14,6;1,10;21,7,19,9,6;4,12,10,7,25,24,27;14,27,3,19;1,17,12,28;4,13,9,2;11,17,5,23,10;27,4,17,25,16,6;12,23,9,0,7,11,22,8;19
6,18;8;17,19,0,3;16,7,1;12,3,10,26,13,17,2,4;19;8,6,17,22,1,19,0;23;2,4,17,20,1;12,18,22,0;3;23,9,18;27;17;21,7,1,18;3;4,1;5,14,24,28,2;8,27;29,6,26,12,10,22
16,24,26;25,5,16,0,7;11,12,14,10,19,5,4;22;3,23,25,9,29,10,6;18,8,23,7;0,20,5,1,17,16,24,21;10,20,25,0,28,1,8;20,15,24;9;10,4,29;3,25,15,12,6;28,7,20,19,26;26;14,18,15;9,4,18;16,13,9,20,12,14
6,14
10,27,24,21,9;0,26;2,21,25,24,10,0,1;10,29,7;23,18,4,14,0,22,20;21,12,18,8,24,26;7,23;10,14,12;13,24;13,4,20,14,3,10,25,1;22,18,4;12,6,29,5;12,8,13,21,2,16,0,27;21,26,25,4,22,19,20;18,7,29,27,17,11,14,3;28,9,8,19,23,29;5,6,10,18,2,22,20,19;5;7,6,2;0,14,17,3,23,18,16
18,22,24,20;6,19,21,15,3,7,29,27
