22;24,10,1,29,25,14,13,17,20,9,5,18,21;19;25,14,9,2,0,26,11,4;2,29;29,18,27,0;5,1,26,19,17,28;7,22,9,16,17;10,28,26,13,12,1,19,24,22,18,4,6,2;18,2,6,27,26,21,29,3,17,7,11,9;5,14,1,2,19;7,21,20;6,0,9,14,27,25,12,10,23;6,24,7,12,16,0,11,8,15,1,2,28,20,14,27,17,10,29;26,22,5,15,21,4;19,16,20,24,17,25,26,7,1,27,0,18,13,29,11,4,12;28,24,9,27
17,8,19,27,3,20;1,25,22,16,2,13,5,19,7,11,14;21,11,4,23,9,7,29;14,5,22,26,15,1,13,20,4,0,24,18;24,1,3,26;12;1,4,14,27,16,17,21,18,28,3,22,19;28,5,3,17,21;20;15,29,18,23,12,14,17,5,20,19,1;18,20,23,22,1,8,29,26,6,13,4,2
21,3,28,14,13,20,24,19,4,2,23,27,5;0,27,5;15,24,16,22,29,4,21,17,9,18,5;25,10,26,23,16,7,18,2,6,12,21,8,13;29,8,7,19,14,5,18,4,9,6,10,3,0,26,15,1;26,2,8,25,1,28,3,19,20,22,5,29,11,24;1,13,22,6,29,7,10,3,11,15,2,0,14,12,21,17,23,19;3,14,25,27,15,21,7,12,16,10,28,29,17;3,20,12,4,2;3,23,8,6,11,29,26,13;14,8,19,15,16,20,12,5,23,6,17,27,13,4,25,3;25,22,12,15,23,20,8,27,21,13,28;12,0,11,13,19,1,24,28,29,4;21,7,6,16;23,17,12,24,25,0;29;29,5,15,13,19,11,9,21,8,25,14,16,7,17,22;10,5,9,1,20,21,13,3,14,8,17
14,12,2,3,4;6,16,19,15,12,9,3,14,29,24;7,22,14,27,21,8,24,0,16;24,18,15,17,5,27,12,25,7,19,1;1,12,27,13,4,10;25,13,6,26,5,7,8,14,12,3,17,1,21,23,15;29,15,14,10,23,9,20,3,4,28,16,0,2,1,26,12,24,21;20,5,22,10,8,19,0,9,26,13,1,29,14,24,28,21,2,25;14,7,13,22,12,28;24,25,23,10,2,16,5,6,18,13,20,3,7,15,26,19,29;17,4,16,20,12,5,22,18,6,13,29,28;1,6,22,9,7,21,2,29,16,12,20,5,23,11,15,0,25,19;20,1,21,25,18,19,16,14,3;21,27;21,16,20,26,24,7,0,27,4,17,22,11,10;13,21,23,28,17,3,27,24,26,5,14,20,2,1,6,9;9,11,0,24,18,22,25,19,26,13,7,29,27,4,23;26,20,25,10;29;6,9,2,18,7,5,21,12,24,13,23,19
14,1,18,6,22,12,4,10,26,15,2;20,1,27,11,18,2,29,13;23,29;11,26,9,4;8,22,0,2;28,4,22,15,8,2,12,11;21,20;9,22,6,29,23,10;29,15,28,14,10,3,27,0,1,21,23,2,19;8,6,23,28,24,15;15,17,26,28,2,0,25,27,9,29;26,6,7,18,28;22,3,12;22,20,9,25,1,7;15;17,16
21,8,13,3,1,11,28,16,17,24,26;16,9,19,29,24,17,8,22,23,6,15;24,29,21,13,14,26,16,18,15,1,0,2,17,5,6,12,10,20;4,29,16,19,1,7,21,14,10,5;27,26,23,5,29,19;14,20,19,21,5,9,1,2,17,27,7;8,7,2,13,11,18,19;14,28,20,25,3,21,6,5,22,17,10,23;2,7,26,22,9,21,4,18,14,10,15,19,1,8;14,23
14,8,29,20,10,18,4,0,23,16,22,9,12,21,15,5;26,15,11,9,28,20,27,25;26,19,29,1,23,14,4,13,7,2,0,16,22,8;15,9,29,18,11,6,4,25,27,2,17,12,24,13;27,17;13,25,19,8,10,1,20,18,2,11;10;28,2,3,1,18;24,1,28,18;16,11,15,8,29,18,14,6,1,9;12,2;18,17,0,7,10,4,15,5,24,28,26,19;16,18,21,25,2,13,5,19,6,8,4,23;3,5,29,24,16,23,20,13,10,2,21,6,28,27,17,7,14
9,15;14,20,29,24,21,4,5,1,11,7,15,12,0,9,16,6,27;3,21,23;20,12,6,13,22,15;5,16;22,0,28,15,13,23,2,8,20,25,17,3,21,29;22,11,25,24,0,9,23,17,26,13,21,16,2;24,25,12,2,14,4,21,1;17;24;29,20,10,15,26,22
16,6,10,11,14;3,10,29,5,19,7,16,18,14,25,21,2;28,21,9,3,4,16,24,5,0,29,1;14,29,3,12,27,9,4;15;22,18,28,0,1,10,24,20,29,26;17,7,29,16,0,10,13,28,20,3,26;26,7,10,22,9,8,5,13,12,0,16,28,25;13,14,21,12,6;16,26,11,18,15,2,5,9,7;27,22,1,13,25,9,21,6,17,14,7,3,15,5;4,12,17,13;25,5,21,27,1,17,19,16,6,13;18,28,6,10,11,3,1,7,8,14,29
24,4,15,6,20,25;19,10,14,1;26,14,3,0,19,2,27,29,11,16,28,1,21,4,6,25,18,23;15,1,12,22,23,6,11,25;16,13,24,27,15,3,8,12,17,19,29,11,14,0,5;23,6,26,3,10,20,13,27
29,14,3,19,15,12,18,1,21,2,11,23,16,4,27,13;26,22,3,13,15;25,0,28,10;18,22,25,26,10,4,13,17,29;15,24,17,8,9,19,26,20,27;8,15,14,0,5,13,2,19,6,20,9,7,28,27,18;26,18,19,27,20,2,8,16,4,23,12,0,29,15,10;22,5,11,15,6,26,1,17,23,8,9,0,4,16,27,10,29;8,2;20,5,19,14,0,26
14,6,12,18,15,21,13;15,4,13,26,11,23,9,14,1,2,19;18,16,20,6,28;13,23,2,5,22,18,19,12;9,2,25,16,17,13;8,28,20,21,29,9,2,5,4,15,16,7,10,12,14,27,0,23;19,29,21,8,26,3,9,10,4,0;29,20,22,27,9,3,21,8,14,4,24,0,16,12,1;0,9,3,13,21,27,15,6,18,22,26,28,8,29,1,20;21,28,26,6,0,23,19,24,29,10,8,12,1;25,13,3,5,16,18,20,17,2,9,29,4,1,22;18;18,25,23,6,3,10,27,22,8,4,24,14,26,16;27;21,19,18,29,22,28,8,17,6;0,10,15,24,20,3,28,25,21,29,26,5,18,23,17,4,1,6;25,26,4,12;5,14,12,20,13,25,15;12,19,20,11,6,3,23,15,22,10,27,1,26,18,8;24,29,5,14,13,6,10,27,20,2,15,3,12,0,26,9,22
9,1,12,15,28,21,16,24,2;3,25,16,11,6,23,29,24,13,2,17,21,7,8,19,0,1,5;8,4,19,0,20,27,12,3,1,9,13,5,2,24,21;29,20,25,9,28,2,15,0,1,26,27,4,10,8,5,17;3,15,26,27;12,14,6;0,17,25,24,14,8,21,12,15,10,4,26,27,22,1,18;24,1,0,23,22,7,29,25;1,24,13,2,10,16,15,22,29,4,26,7,6,11,19;15,22,7,17,20,25,4,27,28,10,26,9,21,12,3;26,7,18,6,11,27,4,28,19,1,13;11,27;18,24,19,8,2;8,12,1,25,18,0,29,13,15,3,16,2,19,24,5,22,4,23
0,11,18,1,7,10,5,26,20,8,24,29,28,22,6,2,23;2,11,25,24,27,23;24,22,9,4,1,7,13,27,0,23,15;3,10,13,0,17,22;13,27;5,3,9,15,21,23,11;28,0,20,19,12,2,25,7,26,23,29,4,21,27,22;0,1,4,16;29,13,1,21,28,0,26,19,18,25,27,10,7,17;22,25,16;28,11;9,6,11,8,1,13,4,26,22,5,20,23,29,25;7,18,12,20,10,3,8,24
16,24,0,10,26,20,29,8,15,27,4,12,14,23,22,2,7,6;29,3,24,9,10,6,27,4,28,7,16,0,5,14,23,11,18;16;16,26,11,23,4,15,28,22,6,25,0,3,2,27;20,21,24,6,2;2,16,13,14,19,20,17,0,3,11,23,26,28,9,5,21;24,4,14,8,18,21,0,22,28,3;0,19,21,11,7,23;19;18,4,20,19,5,26,15,14,12,13
18,20,17,3,27,19,24,26,11,12,2,8;15,0,8,17,1,11,4,19,24,26;12,9,7;16,3,10,23,28,24,17,18,19,27,11,6,2,15,0,25,5,26;7,22,28,29;16,27,17,18,19,11,10,1,14,21,29,28,5,6,7,4,9;19;21,29,19,12,13,5,4,17,20,28,6,15;10,7,15,1,0,8,13,6,19,16,5,25,9,22,27,26;2,6,26,8,18,15,22;0,2,26,15,3,19,16,23,9,1,7,14;11,5,19,7,16,13,8;12,11,21,9,26;16,23,9,26,8;24,20,0,2,22;5,13,9,19,4,14,3,12,8,28,25,22,0
6,0,1,23,9,29,24,7;24,16,15,20,4,27,9,25,14,26,10,17,6,1,28,19,29,3;20,12,6,23,1,26,2,5,25,27,18,21,10,7,22,9,16,8;25,8,15,24,27,5,19,21,4,6,3,17;13,20,14,3,28,19,25,22,26,21,18,1,17,2,23,12,5,9;12,17,26,11,21,29,18,20,10,28,23,2;5;20,17,16,26,23,5,12,0,6,14,25,8,7,10,4,2,28,29;0,23,19,8,26,4,9,6,17,20,24,15,13;9,7,13,26,2,17;19,29,8,23,24,9,4;24,13,1,6,3,29,15,12;13,15,3,28,8,4,22,1,5,7,12,17,2,24,10;26,9,29,12,5,25,4,27,13,21,0,7,11;13,10,9,20,14,8,5,29,26,3,11,1,22,0,4,12;21,22,1,11,9,10,27;8,23,29,24,14,6,1,18,11,17,0,25,16,13,22,19
17,15,5;24,5,15,19,17,1,9,10,28;6,20,10,18,11,16,24,14,1,7;11,23,26,27,21,19,5,25,8,7,29,16,0,28,17,12,13,6;29;28,29,7,12,23;7,4,5,28,2,16,18,19,15;5,3,23,1,10;29,23,5,9,22,18,10,19,0,17,26,12;24,5;8,24,4,15,10,26,13,3,19,18,20,7,21,16,11,27,1,25;10,2,14,12;4,25;6,23,12,2,4,26,1,28,7,9,20,0,11,16,25,18,5;20,16,18,7;0,5,23,27,26,14;26,22,3,0;6,2;1,27;10,6,19,24,5,15,4,21,18
25,14,15,5,1,19,28,8,12,0,17,9,29,2;6;16,13,26;8,0,20,4,12,1,15,5,2;22,19,0,6,21,29,25,14,17,13;17,7,10,1,26,4,3;26,10,18,21,9,4,11,13;20,16,19,15,1,12,11,0;13,14,21,4,9,27;22,12,20,28,25,17,24,5,23,18,19,16,10,29,15,21;28,11,15,23,16,26,10,12,6,5,18,25,1;9,1,18,10,5,11,0,19,14,8,24,15;16,5,7,26,27,1,14,0,11,15;13,10,29,7,17;11,3,7,1,16,24,8,13,4,2,26,10,0,25,20,9,29;25,6,23,10,29;13,3,27,11,29,14,5,2,7,25;22,9,0,10,25,13,23,11,20,1,26,15,21,17,28,27
7,14,24,8,10,15,23,2,13,5,18,0,27,26,28,4;7,28,17,0,24,6,2,1,13,15,23,16,9,22,10;16,12,15,1,3,0,10,17,20,5,26,6,8,25;27,20,14,6,26,21,28,9,4,24,25,22,1,10,8,12;7,12,29,14,4,26,5,23,3,9,13,15,20,28,2,1,10,0;17,26,12,22,1,8;18,24,15,21,7,19,13,29,9,17,28,12,3,0,11,5,8;7,22,13;9,29,19,5,25,16,18,22,28;22,5,2,16,14;2,27,18,20,22,25,11,8,21,12,29,23,13,7;12,23,14;19,17;5,17,4,26,10,6,9,23;25,26,18,27,0,8,23,11,16,1,29,6,17,20,3,14;26,22,27,15,5,4,23,1,8,24,19,17,18;22,29,6,16,25,11,27,10,12,5,3,23,28,2,24,1,20
26,18,8,13,28,21,25,27,4,20,12,22;17,25;26;23,0,6,29,10,12,5,20,22,17;19,17,21,5,9,14,11,8,23,26,7,15,6,16,12,0,27,2;22,15,5,21,26,11,2,3,1,18,27,19,0,16,9;25,11,7,0,15,22,18,6,8,9,21,1,28,29,3,20,27;2,9,4,11,13,19,14,3,1,5,8,28,17;1,10,15,7,14,21,25,29
21,26,4,13,10,25,17,2,27,3,24;5,18,11,29,0;22,3,7,26,23,6,16,8,11;1,11,20,8,10,16,0,3,23,29,24,9,13;27;3,1,22,26,6,11,16,10,17,29,28,15,8,25,23,18;21,6;29,10,0,12;28,0;6,13,20,17,0,16;24,4,13,2,23,5,25,18;28,9,20,2,4,8,13,3,27
24;12,6,28,10,20,9,21;16,0,28,6,24,29,22,25,3;9,16,7,18,14,5,23,21,1,3,4,22,24,10,8,17,25
1;0,5;29,3,13,12,16,8,21,4,26,11,25,23;17,18,8,27,4,12,24,5,2,1,11,29,22;6,29;1,5,27,21,23,10,24,26,3,29,0,4,13,12,25,8,22;8,3,4,1,0,7,18,23,20,13,21,26,5,19,22,29;14,3,24,23,21,2,15;10,1,21,4,26,0,19,29,12;9,7,6,27,24,2,10,11;9,17,10,25,12,1,8,27;17,21,7,27,26,22,9,2,8,1,23,10,18,3;11,18,7,20;19,9,24,18,10,6,16,13,2;21,15,26,12,20,29,24;17,3,2,16,23
28,19,22;25,9,13,3,23,2,14,18,28,26,17;14,7,16,22;21,22,27,15,25,11,19,29,2,3,14,8,12,28;1,2,0,10,25,5,14,22,17,21,3;3,27,11,24,5,13,22,20,23,17,10;12,11,26;21,13;19,14,2,16,0,4;2,23,18,27,24,12,11,7,13,26,9,28,6,1,0;10;22,10,25,5,29,16,12,3,1;24,14,25,11,20,0,18,19,23,28,4,21,6,22;1,9,14,2,8,5,26,28,15,6,16,0;10,3,23,16,27,17,29,11,15,2,28,24;14,19,26,5,6,11,2,17;17,25,8,16,11,13,2,0,29,21,3,6,24,4,18,27,28,14;16,28,25,1,7,19,20,11,23,12,27,17,14,29,4,22,21;4,20,15,10;9,18,3,23
22,16,4,10,1;10,4,8,14,23,3,16,7,17,27,6,21,22,18,25,0,2;6,11,4,19,5;8,20,29,19,0,10,15,23,18,13;27,22,7,26,1,0,10,11;17,13,23,21,8,24,25;24,4,27,10,9,0,15;8,24,10,28,11,2,5,19,7,12,15,6,27,9;4,0,14,10,19,20,12;29,13,21,8,16,28,0,17,23,3,18,11;24,23,1,26,3,27,9;29,20,1,17
23,21,29,10,9,27,1,13;21,11,25,12,13,17,1,26,0,7,5,14,22,16,6,24,2,10;27,18,0,1,3,16,29,17,11,21,25;4,20,10,22,25,23,14,17,18,19,26,21,0,15,13;4,0,1,6,29,15,21,14,13,5,11,22,23,19;26,29,0,13,15,4,22,16,7,10,9,14,2,28,19,5,21,17;8,18,9,21,16,25,26,7,15,0,14,6;21,11,13,15,20,23,27,17,18,8,10;14,4,6,27,15,21,16,5,10,0
21,4,24,0,16,15,2,11,7,26,8,6,13;25,3,8,15,9,29,20,13,18,17,14,26,27,28,24,22,7,0;13;26,9,27,10,15,24,25,5,17,14,23;17,2,21,26,14,28,12,8,27,11,20,10,25,1,6,16,18,5;3,29,21,7,12,19,10,1,23,22,13,18,6;6,14,4,23,0,11,20,7,16,25,10
11,1,19,18,29,27,28,9,10,4,17,2;17,1,21;17,15,6,14;25,19,9,27,14;3,23,21,10,4,11,17,1,15
21,7,17,4,12,9;14,8,25,24,4,28,5,6,12
26,3,8,9,2,17,20,19,10,28,4,5,0,24,23;15,25,5,21,23,3;23,20,28,26,24,8
9,22,26,6;8,21,20;13,28,17;4,24,19,21,14,3,9,10,13,8,27,23,20;9,23,13,24,8,14,22,5,21,2,25,16,18,0;15,18,21,28,25,12,16,22;2,24,6,20,19;11,17,1,15,0,2,12,20,9,29,24,5,14,4,8,16;16,15,21,1,4,17,9,24,27,14,25,29,23,20,18,26
22;5,12,0,3,19,24,27;19,15,18,29,14;27,20,5;25,15,22,27,2,14,1,17,29,9,19,8;19,21,28,7,23,10,13,18,9,14,6,20,12,4;11,29,13,25,9,8,17,23,22,16;6,19,28,11,22,0,15,16,29,14,13,17;10,22,25,7;25,12,29,18,3,5,26,7,24,2,15,6,11,10
7,1,13,3,2,24;0,21,25;5,2,25,28,12,0,11,3;10,9,24,17,20,4,13,25,29,3,27,7,28,16,18,15,1;15,1,22,7,12,3,27,17,19,8,0,28,5,21,11,23,2;15,1,5,19,7,17,28,9,25,4,21,27,18,11,14;11,23,17,18,0,29,9,27,13,26,22,15,12;19,11,2,15,18,16,8;1,29,25,19,3,6,16,14,9;29,17,16,1
13,1,26,22,7,23,28;19,17,20,1,24,10,7,23,11,14,28,9,15,27,2,25,21,8;19,23,29,5,7,13,26,1,22,0,14,18,3,27,24;14,28,4,10,19;26,7,29,16,10,24,11,21,20,22,18,19,13,2,12,1,4,17
14,9,4,20,13,11,28,0,2,29;2,14,28,18,0,10,11,7,17,13,16,9,6,29,23,12,20,3;21,10;6,27,5;9,21,25,24,10,1,18,26,17,3;17,6,28,26,12,29,1,16,8,2,20,14,11,13,27;12,15,10;11,29,15,20,22,18,4,1,6,17,24,26,27,8;26,19,15,23,17,7,9,16,1;11,23,1,27,28,5,13,20,10,26,14,21,7;20,9,8;26,21,20,24,25,28,9;17,25,22,26,14,23,20,13,7,24,8,9,27,5,4,21,15,6;10,21,22,12,24,0,3,7,13,19,28;25,9;11,2,22,14;24,14,11,27;18,2,24,7,3,22,15,1,28;14;24,23,3
1,21;4,9,1,18,21,16,13,22,0;11;1,17,5,0;19,25,1,27,21,4,23;11,21,25,22,7,16,19,24,13,9,3,6;8,13,10,1,9,19,0,15;22,16,0,20,17,27,25,4,2,7;15,10,19,11,23,6,25,27,22,29,8,3,13;7,6;2,23,19,14;0,15,18,9,1,27,13,20,26,28,29;19,14,17,10,12;10,2,29,15;23,29,25,19,4,7,13,15,17,5,2,3,1,11,18,9,14,6;29,1,7,28;11,14,0,6,12,19,4,22,26;28,23,0,11,6,21,17,10,14,27,18,20,29
0,13,23,6,12,20,5,14,2,11,29,18,15,19,24,22;18,28,7,11,16,15,0,8,20,1,19;19,14;17,6,1,0,4,24,25,12,13,23,29;14,29,1,18,11;13,26,24;14;16,13,22,12,14,25;25,8,7,21,20,11,29,24,10,9,15,26,12,4,23,16;4,24,6,23,28,17,9,19,3,14,10,5,29;6,0,21,20,29,26,8,24,22,15,25,1,10;13,26,20,21,10,5,25,9,15;9,6,24,4,1,25,26,7,21,19,18,0,22;17,2,19,22,12,25,6,18,20,21,24;10,20,23,24,25,2;3,28;15,2,24,0,9,6,12,11,21,8,7,22,27,1,28
5,1,10,11,26;18,22,16;5,4,16,15,27,12,3,17,23;22,12,23,8;25,8
9,28,14,22,12,16;5,9,18,10,26;10,0,7,17;19,12,9,21,4,0,1,27;7,25,13,18,11;13,20,5
1,16,8,25,3,21,7,10,13,17,28,19,24,27,15;12,6,25,16,2,7,15,17,13,28,1,27,3,0,18;23,12,27,6,22,10;28,24,21,1,7,8,27,5,17,22;0,1,4,24,11,14,10;20,25,1,13,18;7,26,6,28,12,18,11,27,4,5,29,20,15,14,8,17;4,1,29,10,14,21,12,8,16,9,23,2,26,15;12,14,18,17,6,11,8,2,21,0,29,25,19,22,10,5;6;26,15,9,2,6,28,11,7,29,5,20,23,13,12,22;9,26,13,21,3,28;10,27,8,16,25,13,2,26,6,12,1,15,21,22;23,2,24
22,29,7,13,10,24,27;27,9,7,23,24,1,10,28,18,3,20,21,4,0,11,2,29;10,16,5,4;4,12,5,28,21,25,26;27,22,10,13,7,2,14,0,11,26,17,23,12,18,15,28;23,12,29,15,17,4;7,4,16,19,6,17,18,0,12,20,28,1,9,14,29;5,27,15,0,25,12,11,9,4
16,29,22,24,25,0,21,18,12,11,3,15,4,9,27,13;1,5,4,14,8,25,17,26,15;18,7,21,5,25,9,11;29;6,18,14,0;2,6,21,1,15,25;28,5,14,19,17;8,14,27,23,21,4,3;18,23,29,22,27,10;4,3,8,9,12,23,11,18,27;19,15,13,21,11,28,0,27,6,26,18,4,14,10,7,1,29,17;6,13,10;25,27,24,16,20,18,8,12,10,29,26,5,17,22;11;4,15,12,26,17,1,23,19,21,3,27,11,7,5,20,25,6,8;2,14,25,27,19,6,8,23,13,18,3,29,1,28,22;3,27,26,22,14,0,12,24,6,1,4;6,2,18,24,21,7,3,20,8,13
6,20,29,25,24,8,2,22;23,2,19,17,1,16,25,11,9,0;19;13,23,8,16,20,7,14,2,26,6,10,12,17;0,24,22,7,1,9,4,13,10,21,14,18,23,11,17,29,15;13,19,24,4,29,25,26,21,28,8;2;19,16;8,11,28,18,3,24,6,23,26;27,29,11,6,3,1,26,7,19,23,0,18,9,15,13;19,23,10,29,2,7,1,22,0,12,13,26,21,16,11;4,1,27,17;25;6,10,18,24;7,16,6,2,23,19,29,8,20,14,11
7,0,8,9,24,22,17,13,10,20;10,4,1,11,29,5,13,0;13,20,4,26,15,24,10,12,21,6,1,19,22,9;27,16,20,28,17;24,1,23,12,9,17,8,3,27,26,6,28,2,4,15,22,0;1,26,21,0,29,25,24,19,10,3,17,11,7,15;20,26,6,18,5,17,2,21,1,27,22,7,9,15,11,19,24;7,29,22,28,6,3,4,13,18,25,1,12,19,8,21,10,2;23,2,0,13,3,27,10,26,16,1,18,25,22,21,14,24,6;24,25,8,20,18,16,22,4,12;29,17,20,10,24,3,19,13,1,23;9,10,4,20,12,7,11,18,23,5,13,15;27,2,21,25,20,24,17,29,13,10,4,19,14,23,6,5,1;15,14,6,27,20
7,27,24,19;11,17,22,27,25,15,9,8,13,4,29,2,6,7;14,3,4,29,11,13,15,7,9,21,5;11,20,14,4,25;10,21,18
29,14,9,18,20;3,17,10;17,22,27,23,2,20,5,12,25,18,11,13,1,15
27,21,8,11,17;12,28,19,1,20,5,4,9
21,26,9,13,6,3,2,25;15,19,25,27,24,6,17,10,20;20,2,26,18,25,5,29,0,12,16,1,13,11,17;26,4,8,18,23,12,13,5,21,28,6;7,1,20,25,15,18,28,9,26,19,24,10;0,20,7,16;19,8,15,12,3,5,17,10,28,26;2,13,27,16,22,11;26,22,23,19,6,9,20,0,21,3,8,29,2,14,11,1,15,13
22,13,7,15,23,1;27,11,3,8;8,12;3,9,15,12,0,23,6,1,7,26,13,2,22,5,11,27,17;9,1,2,18,4,12,22,16,6,10,27,21,23;19,9,1,21,5,11,15,18,10,27,14;4,12,21,19,10,28,17,22,26,0,29,11;4,27,11,12,8,24,5,26,10,18,3,22,28,19,1;18,26,16,8,10,24,3,23,1,5,19,17,29,6,27,22,25;27,28,3,21,7,26,0,23,18,15,1,10,24,17
