12,26;3,6,23,4,29,21,22,28;14,1,26,13,12,6,27,20;25,22,21,27,5,28;8,2;23;11,22;12,1,17,9,6;2;20;24,9,23,12
15,0,19;3,27,19,2,17,14,18;18,12,20,0,5,15,7;1,14,29,13,17,7;16,2,15;16,27,10;10;12,29,15,3,22,0,28,27;29,27,9,18,13,16;13;0,8,19,2,12;3,28,6,8,26,7,5,15;16,6,24,10,19,13,27,0;29,22;24,10,1;14,1,5,12,25;19,2,23,16,4;14,28;25;29,22,9,18
3,25;27,25,1,3,12,24;25;26,22;29,19,13,9,18,3,2,24;24,6,5,2;18;6,18,23,7,22,24,3;18,8,22,21,25,16;6,21,27,12,8
19,21,10,1,27,16,13,12;7;8,24,21,19;10,25,29,1,8,5;26;20,14,18,29,28,2;20,29,4,25,23;22,24,0,14,11,12,5,19;9,10,12,29,8,13,5,20;4,7,9,23,19,27,12;13,7,9,17,18;7,13,14,22,5;1
27;28,8,26,23,15,7,9
15,22;24,1,13,4,17,7,14;21,12,4;25,13,20;23;20;4,22,7,6,12,18;21,3,18,8,11,10;25,7,5,1;15,22,11,13,3,4,24,5;5,13,17;1,20;6,13,5;27,7,10,18,4;18;8,3,20,15,21,19;2,4,13,22,14,18;13;14,3,10,0,6,8,20,1
21,13;22,6,27,25;14,10,8,20,19,11,25,28
3,5,9,16,11,1
23,15,27,2,20,22,5,29;11,6,27,21;1,8,12;2;14,3,24,27,16,20,29,5;3,2,26,23;7,6,13;7,27,17,20,23,15;29,21,24,20,5,28
14,6,17,7,2,1;5,11,22;29,15;14,22,11,9,27;15,17,14,19,11;12,5,10,16,8,19,15,29
