24,18,7,8,19,28,12,2,17,22,5,13,20,26,3;21,18,4,12,1,25;19,8,18,22,2,15,17,29,5,21,6,0,11,16;3,8,24,9,22,1,25,16,21,5,26,15,18;22,6,10,24,28,19,1,18,9;20,3,27,12,11;6,29,4,3,9,25,21,12,5,26,7,2,13,17,1;22,24,8,19,0,5,21,25,12;12,7,16,4,10,22,17,2,0,14,27;9,14,16,28,18,17,1,27;26,3,19,20;19,15;2,14,26,7;23,3,8,14,6,19,12;7,1,16,22,2,11,17,28,13,12,15,3,4,8;24,4;5,20,14,21,19,13,28,29,7,15,22;23,10,26,8,15,9,2,11;4,10,6,1,3
2,18,12,4,1,17,7,14,6,13,0
19,16,17,29,3,22,24,5,8,18,21,0,13,28,2;13,20,23,10,28,15,9,2;3,19,21,11,5;9,21,10,28,4,26,13,17,12,5;9,10,8,1,19
16;28;7,27,11,17,9,0,6;14,12,7;23,16,4,14,25,6,8;11,25,17,10,4,13,23,28,29,15,19;0,4,15,9,12,22,16,7,10,5,28,14,24,13,2;26,14,9,19,23,6,16,18,22,24,7
28,15,6,12,4,10,24;12,27,7,1,4,5,19,8;3,13,19,12,27,2,5,15,11,8,14,0,25,7,29;28,26,16,29,2,10,24,0,6,17,23,4,1,19;2,16,8,24,21,0,1,27,11,28,9,12,17,13;9,15,12,13,28,14,29;9,26,19,13,16,29,10,27,2,11,18;2,10,7,11,23;24,17,5,15,6,28,13;12,2,15,11,14,27,24,5,0,22;29,13,17;8,27,11,4,18,12,13,0,26,9,15,22,6;0,13,26,4,3,6,22;28,6,11,15,27,29;3,2,20,18,26
15,7,9,27,26,29,10,1,19;13,17,24,14,9,29,3,2,26,19;24,5;22,9,25,8,6,18,24;10,28,12,15,4,5,23,18,22,0,2,3;4,17,20,3,7,1,22,11,5,27,2,8;7,19,12,15;27,9,3,25,8,24,29;28,18,7;5,13,17,27,10,9;27,18,6,7,19,1,24,13,17,15;22,9,6;1,11,6,26,5,10;12,16,27,10,7,14,0,8,13,19;8,9,2,29;13,14,1,29,20,21,17,15,23,0,28,2;27,9,18,26,13,17,25,24,11,2,16
3,16,17,8,7,0,4,10,21,15,29,6,5;4,3,29,11,26,25,17,14,27,0,24;23,16,0,10,24,15,8,5,20,6,2,13,14,29,17;10,5,27,12,29,11,24,20,13,28,7,4,9,15;15,22;19,18,13,12,17,5,26,16,2,3;9,4,7,0,22,5,8,6,19,17,1,15,2,12;18;8,17,21,19,25,5,3;0,28,12,22,10,4,1,5,3,16,8,21,24;7,5,24,25,15,20,27,1,26,10,12,18,11,8;2,18
22,12,3,17,5,6,15,27,19,4,10,28,20;2,6,21;14,7,15,22;15,6,12,28,17,3;18
14,22,5,7,25,1,24,16,12;29,10,17,14,15,25,22,5,4,1;8,11;26,4;0,3,14,11,6,20,24,10,19,9,4,13,21,25,28,7;2;0,10,14;22,15,18,28,4,23;2,8,16,24,29,9,20,7,6,12,3,23,26
5,14,24,18,8,12,25,27,4,19,22,17,15;13,8,5,26,28,15,11,20,18;1,29,25,9,28,3,14,27,16,13,7;26;15,14,11,9,5,16,21,13,8,27,19,6,24,23;21,22,2,1,12,9,18,11,6,16,10,13;8,6,7,22,18,23,0,4,29,26;6,0,7,14;7,17,25,15,13,14,27,4,3;25,20,11,10,3,13,21,15,14,19,28;26,7,25,13,27,18,4,17,23,28,5,8,10;24,0,6,2,16,25,19,17,27,22,7,8,14;20,28,22,12,13,25,23,16,15,4,6,29,11;7,21,19,6,27,2,11,1,3,16,13,15,22;21,23,0,19,5
23,5,1,18,27,19,4,24,29,20,6,10,2,7,3;27,10,6,20,16,22,23,3,8;25,14,17,21,2,22;13,0,14,22,5;15,8,6,20,21,12,23,28;23,9,20,16,21,28,29,2,26,17,24,6,15,4,19,7;26,10,15,18,1,9,17,22,24,19,16;12,21,3,15,14,18,2,11;16;5,19,24,11,26,17,15,4,21,22,1,13,20,27,6,12
13,11,20,12,1,10,15,23;13,19,5,7,23,25,21,6,27,24,8,20,15,0,16,2;12,7,29,16,13,1,22,4,25,5;14,3,0,8,17,20;2,22;1,14,29,2,22,0,4,21,5;29,16,4,20,3,7,13,2,12,1,23,22,28,25;29,8,19,16,23,20,0,22,11,28,15,5,14;0,26,13,5,2,18,25,21,9,10;28,23,25,13,5,9,6,24,17;5,7,11,28;3,4,25,11,6,27,23,1,17,28,14;12,13,27,3,21,11,10,28,2,5;23;28,3,7,20,27,11,9,23,8,4,1,12,5,21;27,1,23,6,2,3,29,25,17,4,10,9,7,16,12,24;2,3,18,24,9,7,15,1,25;22,27,25,16,23,0,2,29;17,11,2,23,14,15,21,18,1,24
14,2,8,20,24,27,10,28,3,18,13,16,6,11,25;3,8,27,2,19,18;15,7,28,3
8,12,25,4,10,17,27,11;1,28,24;3,10,7,15,6,27,17;28,11,19;17,0,24,8,29,19,10,1,4,18,3,28,22;14,6,18,4;4,23,21,9,29,10,0,26,24,6,22,15,11,14,1;29,12,1,9,11,21,20;13,3,6,20;0,20;8,7,28,22,27,2,29,23,21,19,15,10,13,25,4,0;18,21,14,1,24,6,25,22;29,19,8,28;17,18,27,23;18,16;12,13
0,25,5,17,23,3,29,13,18,1,27,4,6,10,14,28;21,25,29,9,28,24,16,15,3;5,29,11,21,1,2,14,9,17,0,25,13,24,19,26,27;2,8,10,25;21,29,18,6,7,20;21,26,12,0,13,15,19,28,8,18,14;27,5,20,12,10,21,4,24,15,29,16;13,9,23,12,22,0,25,10,7,1,19,14,8;28,26,20,18,19,11,12,5;29,14,18,0,17,13,1,6,23,27,25,5;16,21,13,4,24,8,28,7,2,1;16,18,9,23,19,13,17,27,3,2,26,12,10;14,18,17,6,22,3
8,24,2,7,17,11,9,15,12,16,13,0,21,29;15,0,10,23,22,6,19,5
6,13,29,9,16,26,14,8,27,15,19,25;24,22,28,19,1,15,21,3,10,0;29,28,24,26,14,27,23;5,9,7,28,22,29,27,15;18,5,6,12,11,16,13,20,17,0,29,22,15,21,4,10;14,18,12,9,7
19,4,7,29,23,12,5,11,3,20,15;5,14,19,8,28,27,12,10,15,11,22,3,13,23;11,2,6,26,21,1,9,23,24,16,3,5,20,7,10,22;28,8,9,21,18,10,4;28,24,3,1,25,2,14,8,27,18;20,10,22,18,12;5,25,17;13,11,12,6,19,23,25,9,8,7;7,23,3,11,13,22;29,27,3,23,0;4,20,3,27
3,9,10,2,25,6;19,2,8,3,1,24,27,28;6,19;6,26,29,14,1,27,13,10,24,12;7,17,21,0,6,28,27,25,26,11,15,14;4,15,7,5,9,20,8,25;13,29,21,16,1,26,4,8;22,18,9,25,10,17,15,11,21,5,26,1
1,26,3,23,27,17,15,20;8,28,21,11;13,18,29,3,14,2,27,23,25;1,17,12,18,9,22,28,20,5,19,24,13;16,8,15,20,14,1,18,17
21,24,29,10,25,18,23,2,5,11,12,0,1,16;16,11,7,8,6,2,19,13,9,3,24;18,9,2;20,13,16,7,3,0,25,5,2,26,23,28;17,7;2,8,17,24,7,25,28,10,16;25,17,14,2,21,22,19;12,28,26,2,3,10,24,5,0,19,21;28,21,26,29,16,18;14,0,25,29,1,16,3,28,5,9;6,4,27;3,17,21,25,26,12,7,16,13,2,9,15,0,10,24;29,8,21,19,20,6,13,24;0,11,22,17;21,13;6,25,22,10,8,4,16,20,13,5,19,17,27,24,14,28;1,3,10,7,14,20,4,18,13,2,29,22,17,15,19,5
27,25,5,0,16,4,18,12;15,6,27,23,4,29,9;24,7,4,23;18,24,20;26,20,18,27,0,7,24,9,28,25,6,23,8,4,22;11,10,7;22,0,4,1,14,9,3,17,19,26,6,29,28;15,29,4,24,27,14,5,2,20,0,19,21,23,8;23,20,17,9,2,25,13,26,7,3,22;25,13,10,2,17,0,3;5,6,17,16,15;10,17,24,14
18,3,27,20,11,7;9,1,17,19,12,7,0,27,4,3,20,28,13,29;0,20,13,1,10,4,21,6;8,25,5,0,6,9,27,20,1;21,24,25,14,12,18;16,4,1,11,24,27;4,13,29,15,11,6,21;24,6,8,16,12;2,9,12,23,11,21,17,18,28;27,22,28,9,2,4,20;24,13,8,25,4,26,10,16,15,3,1;7;12,4,16,10;4,9,27,14,10,5,23,0,6;24,29,4,3,14,6;10,5,14,23;22,20,23,28;10,13,8,23,9,5,22,14,28,16,18,1,7;11,3,2,4;1
2,10,15,16,19,22,25,29,24,21,12,20,0;28,26,10,17;16,24,2,23,3,27,17,6,4,5,26;20,18,29,21,8,7,23,28,6,17,22,27,26,0,13;22,17,26,0,24;13,18,5,19;11,28,18,5,23,19,13,6,20,2;28,7;4,26,7,29,15,6,1,17,12,11,16,8,23,28,14;20,4,11,6,27,10,8,21,15,25,29,22,17,26,7;27,18,16,3,0,26,5,20,4,28,23,6;14,19,1,3,6,22,17,18,10,28;10,22,19,5,1,26,6,0,2,15
4,17;29,27,22,24,6,15,16,13;2,0;10,2,28,27;2,8,17,28,1,24,16,18,9,29,15,10,11;21,12,3,0,26;12,20,19,10,14,5,29;8,20,5,3,14,13,21,23,2,22,6,17,19,28;24,14,1;10,26,25,0,9,29,28,6,3,14,1,27,16,8,23;22,16,25,2,1,20
15,11,26,2,5,7,28,20,25,14,0,3,1,10,4,24;18,17,28,13;3,17,19,24,26,8,13,18,25,12,20,6,7;8,3,16,10,29,25,13,4,11,26,27;0,29,5,15,18,23,7,27;13,19,8,18,17,22;17,13,23,20,26,4,24,28,3,29,2,21;20,9,3,0;21,14,29,27,26,1,10,0,4;20,15,1,16,13,24,18,12;5,12,21,16,19,22,28,25,17,1,20;7,2,17,10,11,12,5,20,3,27,8;24,28,3,20,10,6,17,4,8,11,1,29,15;17,29,28,2,15,13,23,3,9,22,7,19,12
18,8,25,13,10;19,10,25,3,28,4,5;26,6,16,22,14,23,27,28,1,19,17,20,4,25,29;21,18,3,13,23,2,5,27,4,29,7,25,19,9;23,24,18,8,26,3;11,15,13,26;19,10,16,21,14,15,7,17,29;16,21,4,7,1;22,23,1,19,15,13,5,26,10,18,11,2;11,19,7,10,9,18,2,6,12,21,8,26,27,23
28,6;9,15,11,29,26,17,22,4,19,2,5,1;23,14,4,1,13,22,19,16,10,12,28,25,11,6,7,24;22;13,19,0,4,28;11,4,0,19,9,16,20,26,2,21,29,14,1,25,22;13,18,0,16,26,10,14,23,28,8,4,27;24,0,27,23,14,20,9,18,6;19,0,25,15,27,20,9,14;9,6,12,2,15,19,7,26,24,22,0;25;7,11,12,25,28,2,6,4;20,18,21,12,0,27,19,14,22;16,4,6,1,13,17,28,15,26,10,8;2;28,26,21,17,14,9,20,5,18,25,19,8,23,16,7,3;3,10,25,13,16,8;20,4,13,10,0,6,23,14,3,18,27,5,22,29,24,25;10,27,9
12,25,8,28,18,22,11,14,10,7,26;17,24,7,13,25,22,3,14,1;11,18,23,14,26,28,3,25,13;18,21,13,7,12,24,15,10,28,17,26,9,6,25,0,22;7,14,29,28,20,26,17,19,3,16;0,15;9,7,5,14,19,0,24,1,11,8,13,18,2,15,3,29;22,19,13,26,3;27,24,12,16;6,26;16,18,4,11,23,26,12,17,28,27,25,29,19,1;12,10,21,6,25,0;1,3,0,2,7,26,29,18,28,10,22,12,15,23;21,6,27,28,15,11,25,3,10,19;22,23,29,8,2,19,12,18,11,27,14,25,4,21,15,1;24,13,8,6,27,5,15,7,3,22,2,21,9,20;17,14;21,15,16,3,28,29,25;0,4,28,3,19,14,8,9,11
24,7,1,0,9,2,26,5,4,11,29;23,15,26,16,12,17,13,4,21,25,20,5,18,19,0,14;3,23,19,7,4,22,25,20,0,24,28,14,26,13,29,12;6,15,17,27,13,8;15,19,25;12,17,2,22,5,10,7,21,11,16;5,6,15,3,10,17,26,9,16,20,8;22,20;16,29,8,1,13,14,9,0,12,23,4,11,3,2;2,8,10,9,26;16,4,15,18,1,27,23,25,2;19,14,8,28,11,10,2,29,6,15,21;11;3,20,7;21,26,14,9;15,21,24,20,13;5,8,7,1,29,10,19,24,18,16,26,15,21,9;0,9,22,24,21,20,13,6,12,19,23,18;13,20,2,16,29,24,25,10,22,21,15,12,14,4,3
16,2,0,20,24;13
1,8,21,28,20,3,25,27,26,12,29,11,18,6;2,19,29,8,1,20,16;10,15,13,9,21,1,23,3,26,17;6,3,11,0,29,2,28,19,7,22,13,1;2,15,13,22,5,1,19;10,20,16,9,8,28,24,17,15,4,29,25,12,7,0,13;18,5,23;14,8,25,1,24,10,17,13;17,21,15,9,7,18,28,29,14,16,5,13,20,26,24,22;10,6,14,18,2,5,3,8,26,25,16;5,0,13,3,21,16,12,7,23,28,11,29,26,25,10;21;17;22,8,23,11,28,9,7,13,2,18,14,3,0,29;21,6,26,18,28,13,29,20,23,25,10;21,16,17,25,11,2,5,8,14,19,3,28,0,9,6,23;11,14,1,0,13,19,15,8,17,23,28,6,24;4,0,13,3,6;10,27,0,18,3,8,19,9,20,2,1,16,24;28,5,16,7,10,3,13,2,11,21
6,21,0,19,25,12,10,11,29,14;19,14,11,17;12,23,11,1,22,25,17,28,27,10,29,7,8,24;3,5,11,13,1,26,28,15,20;2,16,22;5,10,18,25,29,13,22,4,8,12,14,1,19,11,3,27;6,14,2,28,22,24,23,26,11,1
12,3,6,27,29,9,24;26,13,5,12,3,7,23,2,11;10,29,20,23,24,25;4,15,6,13,3,27,7,19,17,21,5,11,10,24;6,4,17;0,15,4,5,23,6,13,16,27;16,1,15,5,19,29,8,23,6,9,0,26,2,25;19,27,13,9;16,1,13,22;9,5,4,25,21,10,11,19,13,26,20,17;15,20,17,12,3,18,21,4;24,12,16,11,2,10,15,18;14,11,22,27,16,12,15,8,6,9,26,7,20,10;7,12,4,22,14,11,26,19,1,18,24,29,3,21;23,5,11;16,27,22,19,28,0,6,4,8,11,12,14,24,29,10,13;5,13,7,11,1,0,23,17,14,4
19,7,16,14,29,21,1,13,26,24,6;13,25,14,11,1,16,27,28,18,24,23;26,10,18,19,0,24;3,20,7,2,29,12,25,5,19,27;29;29,23,22,24,9,25,3,27,16;11,29,14,1,22,9,10,27;9,19,5;13,22,28,17,29,7,18,20,0,25
3,19;27,3,14,11,15,6,0,7;28,10,9,4,8,16,17,14,26,19,22,29,21;10,24,11,4,1,23,21,17;3,20,19,13,28,5,29,7,6,24,9,0,25,2,12;3,22,29,2,7,16,18,10;12,23,26,4,20,29,24;13,17,7,16,6,14,19,18,9,5,29,21,26,23,8;20,11;13,6,26,29,16,21,0,19;7,2,4,14,25,16;28,3,17,22,16,24,15,7,10,8;6,24,3,14,25,4,18,16,21,15,27,20,10,19,11;19,5,9,7,24,11,12;21,24,25,14,20,9,23;12,24;13,6,17,23,22,26,24,15,5,14,8,25,1,9,10;3
14,1,16,8,0,15,9,19,13,3,4;14,4,29,10,2,11,28,19,8,15,3,22;17,28,2,12,18,5;29,27,2,24,25,19,1,13;1,17,28,0,4,20,25,8,29,19,2,22,16;28,29,11,3,15,26,16,4,1,20,9,17;29,28,15,11,5,9,17,0
5,26,13,27,14,21,3,25,24,7,2,10,12,4,20;15,3,1,24,27,0,28,5,2,9,14,6;23,5,27,20,17,16,12;11,8,23,16,17,28,4,22,27
23;23,8,29,0;4,15,8,22,1,20,12,3,26,19;26,27,3,18,11,13,14,21,6;3,0,14,8,24,25,15,29,7,27,28,10,20,11;19,23,27,3,22;13,11,4,8,24,23;9,19,24,7,26,20
21,24,28,8,29,5,14,20,6,19;29,5,14,28,12,25,23,6,15,18;18,10,1,26,21,23,9,0,22,7,15,5,2,12;26,23,29,5,20,25,11,1,8,0,6;14,11,23,7,12,28;29,22,24,1,0,11,14,2,4,8,12,15,3;23,25,7,29,6,18,1,14,27,24,0,22,15;11,10,5,15,26,17,21,25,22,0,28,12;4,22,21,11,0,8,5,16,18,19,9;4,1,5,27,16,2;1,7,10,28,19,16,12,25,23,29,8,20,24,5,3,6;8,5,0,11,21,6,7,1,10;3,14,15,13,5,20,24,12,22,17,19,26,1,8,29;1,5,22,12,3;22,8,10,24,16,11,20,13,18,0,26,3,7,15,25;7,8,25,29,1,5,14,6,11;9,2,23,4,26,10,20,13,24,0,7,22,6,29,28,27;2,24,12;15,5,23,2,7,3
8,9,4,16,5,0,22,27,1,2,12,20,26,7;17,14,22,18,6,29,25,4,12,1,19,3,16,13,28,15;27;9,14;22,7,2,4,28,18,27,29,24,16,9,13;2,23;26,5,12,8,3,11;18,13,26,20,23,1,17,28,21,3,24,27,2;1,13,11,22,15,19,29,16,20,2,10,17,24,23,8;27,16,18,26,25,8,20,5;0,8,6,12,21;13,20,7,15,4,22,5,24,2,26,27,17,3;26,23,3;23,15,8,21,18,2,29,25,1,24,10,0,6,11;21,12,29,9,4,28,27,0,18,8,17;15,26,23,25,29,19,18,22,1,17,2,4
27,4,10,18,29,5,9,25,24,11,14,8;6,25,16,17,19,2,10;22,12,14,20,28,19,24,15,8,2;22,4,24,26,29,28,19,1,11,18,21,25;13,21,27,17,9,26,10,18,25,8,4,16,12,2;8,3,9;6,22,23,3,14,8,24,12;17,19,15,21,22,2,20,13;3,8,10,7,15,20,26,5,1,12,0,23,9;26,1,5,3,29;17,15,1;5,26
24,18,7,13,23,28,3,5,6;11,6,4,8,28,23,15
23;19,26;29,15,0,25,7;21,14,10,1,23;18,5,6,19,17,26,4,8,23,29,21;5;25,20,3,15,18,4,6;7,23,21,3,19,5,28,11,20,13,29,4,2;23,16,24,28,17,3,2,27,26,22,25,5,8,1,6,12;7,2,27,11;23,20,25,18,5,16,29,24,15,13,0,28,9,26,10;6,29,25,12,7;16,1,3,19,17,4,18;21,18,23;27,1,5,23,7,19,25,11,14,6,24,12,10,2;4,16,0;25,0,27,2,10,13,28,1,24,3,6,20;15,8,3;9,15,5,23,24,19,27,4,18,11,8,29,7,1,21
1,26,8,2,19,21,16,3,22,11,7,28,29,25,14;11,10,14,5,1,17,0,26,25,24,23;3,6,24,7,21;26,18,10,16,15,11,22,8,19,28,3,20,0;18;17,24,4,21,29,11,6,7,20,1;20,16;29,16,10,12,13;4,23,6,29,1,15,27,25,5;28,9,17,20,21,25,26,3,6,2,27,4,14,16,7,1;9,11,18,13,1,22,7,25,23,5,3,19;18,14,0,17,13,15,19,1,16,23,28,25,27,26,8,20;6,21,23,27,25,26;0;28,22,6,16,11,12,23,2,9,4,0,7,5,18,20;15,11,12,20,4,5,24,18,7,10;6,11,24,17,23,7,26,16,28,5,3,15,27,2,25,13;2;17,11,0,10,29,15,19,13,7
12,28,1;6,15,5,12,13,22,19,16,28,20,29,0,10;7,11,29,20,16,12,13,22,17,26,1,18,15,2,21,6;15,11;8,5,9,22,17,24,20,10,11,0,4,27,14,29,2,25;3,22,10,12,11,14;6,18,28,1,26,4,15,10,25,13,3,23,16,12,2
8,25,17,28,15,10,13;2;6;9,12;12,16,14,5,28,29,15,17,11,24,2;10,18,15,6,4,27,7,12;15,9,16,25,12,1,2,26,13,28;0,21,2,29,7,17,25,13,20,23,16,12,15;26,21,10,27,4,14,8,0,7,11,16,22;29,10,15,22,11;7,3,23;1,6,13,23,12,4,20,26,21;1,10,22,0,29,12,25,27,21,9,19,18,14,23;23,7,24,28,18,26,3,9,16,11,25,10;29,8,28,7,23,1,13,14,21,17,12,11
20,7,4,15,11,28,23,13,0,24,3,5,1,12,19,29;6,3,1,22,24,28,16;13,20,0,25,6,23,24,1,28,10,2,4,16,29;2,7,6,9,23,8,26,25,3;2,19,0,11,13,28,1,20,18;18,12,20,1,0,8,19,9,23,4,16,7,25,28,2;0,29,9,25,8,2,16,10,1,24,17,27,4,21,7,5;26,18,15,0,28,17,19;18,9,12,23,21,4,25,10,16,29,17,24,5,28;17,16,5,15,23,2,22,28,3,14,6,27,19,1,21,20;0,2,13,26,20,24,3,18,12,1,5,25,14;25,6,19,21,4,18,1,3,7,22,0;29,27,8,25,3
14,1,9,4,20,8,5,22,29;16,9,6,12,18,19,29,22,5;17,2,22,27,1,14,12,15,23,24,7,8,29,3,25,16;26,22,13,2,20,5,10,19;24,26,12,8,6,7,23,22,4,10,14,16,21,17,3,18;11,9,17,3,12,18,15,20;14,23,22;15,14,13,1,19,10;16,7,3,21,19,18
21,20,22,26,25,7;13,11,18,21,20,19,4,27,23,28;19;20,24,15,4;10,0,2,3,7,18,5,14,11,16,29,22,26,13
