16,24,7,8;13,12;28,8,13,15,21,11,16,22;19;27;2,16,27,25,22,12;16,10,6,19,29,22;20,27,8;15;13,17,11,26,8,18,6;10,3,17;1,26,6,23,0,29;15,1,27
26,23,1,17,19,13,9;29,2,18;27,4,22,12,29;26,10,20;10,18,11,26,22,20,6,12;13,24,7,6;26,28,11;22;6,26;24,3,0,19;15,20,28,13,8;3,2,11;25,1,18;3,9,21,4,20;19,8,27,10,17
27,16,29,6,21,20,17;5
25;20,22,15,27,28,10,29,12;17,0,7,27,4;9,0,28,18,11,5;17,28,27,19,11,23,20,5;8,26;23,19,13,17;24,19,11,23,8,6,9,22;21,3,18,7,25;29,6,26,11,13,15,25,7;20,13,29,0,9,1,28,22;9,15,18,27,20
0,25,20,28,2,16,12;29,25,19,7,2,8,5,12;19,2,26,0,1,10;27,13,16,15,6,26,2,18;25,20,23,8;18,12,20,7,23;3,7,27,2,29,26,19;1,21,13,15,17,6,25,23;17,26,16,1,21,14,12,10;19;19,18,8,21,17,14,20,6;26,15,0,20;14,2,8,4,10;14,8,19;2;15,6,22,14;3,13,21,2,22,15,24;11,1,8,17,7,10
15,29,2,0,25;14,29,28;3,4,29,2,8;4,17,19,12;13;23;12,24,8;8,13,2,1,28,3;26,2;14,7
25,2,10,16,9,21,7,29
20,10;24;14,23;15,2;19;12,9,24,0;15,18,2,22;23,26,11,25,3;10,3,24,22,8,17,6,16;6,16,21;7,26,1,6,5,13,2,9;4,0,10;26,19,12,1;27,0,20,26,9,14,21;20,21,17,2,25,4;25,29,1,3,27;24,7,17;23,21,19,15,6,27,24;15,25,6,8,24,10,16
8,20,18,23;29,21,20,14,3,28,2;10,21;19,7,18,24,2,13,20;4,7,25,16,8
26,1,20,27,13,12,16;26,9,14,23,11,27,2;15,29,22,7;17,16,25,14,4,10,6;29,7,4,1,21,17;9,11;16,8;4,25,11,0,26,18;20,18,24;8,9;14,23;25,28,22,2;25,10,3;26,0,14,22,12,1;27,8,4,29,22,5,2;3,25,4,10,2;10;29,24,11
4,28,13,17,26,19,10,5;25,27,4,8,10,1,5,3;29
17,8,6,7;9,24,14,8,27;0,14,12,26,15;29,1,8,11;8;9,17,24,1,2,6,8;4,23,6,1,17;14;27,16,14,1,2,3,23;4,11,8,1,15,12,13,20;26,0,17,19,9;6;15,25
11,14,21;1,12,21;25,24,15,4,18,1,23;16;27;23,14
22,7,17,4,23,5,26;22,19,27,25,2;22,16,4,13,25,14,24,10;7;2,5;0,15,27,2;28;18,14,4,19,3,10,20;19;11,1,4;10,8
18;12,18,19,15,29,28,0,20;24,29,2;4,0,6,16,15,18,5;7,22,23,19,16,4,0;7,18,11,24,1,14,19;7;27,10,17
3,5;18;1,29;11,0,22,7,2;20,19,11;9;5,14;14;13,11,3,24,8;29,14,11,6,3,4,9;23,28,24,15;7,26;3,12,10,7,11,6,29,27;7,21,26,2,9,5;17,16,18,23,22,5,15,2;2,19,26,15,7,17;12,16,25;20,2,5,26,10,22,27;16,24;9,26,1,4,22,28,14,27
26,6,13,21,14;0,15;4
24,1,27,11,3,21,14,29;26,23,10,24,15,14,22
29,14,6;15,17,7,19,1,4;3,12,5;1;7,6
3,12,25;18,28,6,4;25,27,17,18,9,26;15,9,27,7,22,11,8;11;7,11,27,25,1,23,17;9,2;9,15,0,17,23;7,5,2,14,20,16;19,15,13,28,14,29
24,16,27,19,10,9;15,28,5,2;16,29,21,23,18,26,15;13,15,8,17,19,5,3,12;9,24,23;22,29,3;9,22,12,0,14,3;22,21,26,2,18,29;2,11,22,29,0;16,7;7,15,8,18;2,0;16,28,17,22,26,9;13,15,29,25,20,11,3;9,28,25,15;21,29;21,22,3;23,14,16,4,21,22;0,1,9;25,5,21,28,29,13
25,3,0;28;14,10,21,17,5;26,17,2,3;24,18;18;28,19,26,6,0,4,3,13;1,15,10,26,19,2;4,13,24;18,3,4;22,16,11,15,1,8,6,20;23,25,16,27,3,0
28,17,12,21,0
27,21,4;27,8,13,10,4,20;27,12,10,22,16,6
24,21,20,14;1,11,28,24,10,19,18,7;5,4,13,17,25,23,18;8,0,20,12,19,25,10;10,11,0,14,4,16,2;20,4,13,25;1,12,22,10,14,28;2,19,12,9,0,26,25,29
15,3,13,22,29,2,16,17;2;14,6,9,7,24,25;1,18,13,6;7
26,18,1,3,17;11,22,8,3,23;12,6,5,24;15,29,17,8,4;26,16,29,18,0,6,9
12,7,2,15,6,17,19,14;18,1,19,20;16;3,16,17,12,28,18,11;1;10,18,24,15,29,12;23,28,14,11,13,20;4,28,16,26;8,2,12,11,13;7,27,26,22,18,11,14;29;1,5,20,16,3,17,13,27;18;21,24;24,29,26,0,10;21,17,9,10,1
5,17;15,0,27,17,12,10,18,2;28,18,0,19,25,27,23;3,10,20,13,26,1,19;24,23,28,8;9,10,0,26,20,23,13,4
24,27;22,17,16,12,19,13,15,0;24,18,6,0;7,28;9,26,18,23;12,28,10,1,25,11,9;18;0,25,27,29,23,6;10,8,7,16,27,28;16,24,1,8,2,4;6,25,28,12,14;1,8,20,14,15,18,11,0;4,13,23,14,1,0,15,16;8,12,24,9,18,25,26,4;6;16,17;0,14;25,20,10,21,7,17,27,1;6,22,5,17,0
6,22;22,20,10,8,9,3,11,6;14,9,18;2,8,11,22,18;4;14,7,8,21,26;17,26,2,8,23,5;0,15;21,22,1,17,19,9
26,17;7,26,11,29;27,17,21;5,1,16,15,27,13,2;8,26,5,28,11,20;7,3,6,24,1,25,4,11;11,9,2,25,26,29;28,0,23;9,28,17,16,23,3,0;24,14;8,13,0,16;12,29,9,3,24,16,6;5;26;3,21,20,7,10,15
18,28,4,8,9,1;21,24,5,17,12,22;4,11,2,3;10;0,15,25;20,23;13,12,21,27,25,20,1,0;15,24,13,20,27,26,8,16;22,4,23,20;14;22,13,17,14,7,24,2;11,9,10,29,8,28,13,12;7,17,21;22,25;14,26,9,15,5
25,2,23,5,9,18,3,17;7,9,11,28,0;26,14,0,29,11,15,6,23;16,5,12,8,6,24,29;16,29;6,17;8,1,15,10,14,29,21,16;25,18,3,0;22,23,25,20,29,2,16,19;11,10;10,18,27;8,15,28,17,18;29,12,16,5,14;22,23,7,4,8,9;17;19,12;25,7,22,17;23,15,2,24,11;11,5,14,25,0,22,7,8
11,10,6,9,21;16,23,21,8,28,12;13,2,17;23,20,28,29,14,1;29,27,22,0,11;9,13,8,16,21;22;29,27,0,11,10,23
20,4,12,9,6,10,1,16;8,12,26,16,20;15,28,10,24,25,7,20,29
16,2,3,26,29,27,23;6,14,20,13,2,27,18,22;22,3,6,29;26,16,1;21,8,29,22,6,13,9,10;20,6,17,21;23,13,16,5,19;10
12,19,9,18;4,7,11,16;29,17;10,25,8;25;17,14,27,12;0,10,4,3,27;12,11,26,27;9,17,23;3,9,5,22,29;19,15;18,11,19;3,4,29,15,10;19,25,28,1,23,22,5,26;16;11,29
20,3,21,10,15,7,13,18;19,17;29,9;4,27,6,7,18,16,29,20;11,19,24;12,9,16,28;10,6;1,2,28,20,24,12,18,22;17,16,1,13,6,24,25;25,15,7,2
12,20,5,24,8,9;22;24,25;26,24,27,6,8;22,7,6;21,8,20,24,26,19,10,13;1,9,4,12,2,16,14,17;29;24,23,20,10,14,28,6,2;15,12;15
27,28,5,8,14,23,25,19;18,25,12,2,4,22,8,13;13,9,27,19,21,2,11,12;11;10,21,0,20;19;1,0,12,29,11,25
16,25;6,13,8,20,10;3,18,21,25,22,0,29;23,3;16,7;16,19,10;25,16,5,22,14,12;23,5;9,4,1,10,16,26,23,14;8,18;6,7,3,11,8,4,29,13;17,2,24,20,23,21;26;27,11,6,20,22,23;4,10,14,3,15,18,0;10,13
9,29,6,12,16,21;6,8,21;17
11,14,22,16,8,29,23,12;11,18,28,16,8,2,29,7;15,5,28,4;6,13;23;23,20,27;9,3,2,13,17
12,26,28,21,22,24;16,6,18,21,22;13;27,4,12,23,20,9,17
23,5,9,0,12,2;8,12,3,28,10,11,14,17;22;24,0,27;2,19,4,0,17;15;29,25;1,28,24,13;11,13,29,6,21,5;7,23,9,5,27,25,4;17,4,24,5,23,29,16;19,13,7,16,25;11,24,2;15,2,9;14,26,28
26,28,7,19,27,11,20,24;6,8,12,0,29,27,26;9,20,3,5,21,26,7;2,12,8,18,11,10,9,7;5,20,18,23,3,14,2;26,20,16,28;12,24,14;17,23,0,25,8,9;16,5;6,17,5,12,20;13,5,6;10,26,9,22,29,19,24;26,27;4,19,20,18,0;26,25,13,1,14,20,12;9,5,3,26,28,29,10;28,5,6,2,4
9;14,27,22,12,29,19,21;11,16,7,3;20,13;19;6,17;22,25
16,23
22,15,23,17,3,6;8,10,22,13,20,2,12;29,25,27,3,22,21,26,13;19,18;27,1;11,5,26,10,16;15,7,14,6;8,20,29,4,9;2,8,9,16
26,21,19,2;20,23,6,17,9,28;8;3;7,4,21,20,5,9,27
2,22,25,8,24,12,23;8,24;8,27,15,4;21,13,0,4,23,1;1,13,12;6,23,3,7,15,17;29,17,7,12,19,23,16;14,28,21,25,23,16,22;3,9,10,0,1,18,26;8,23,18;22,0,2,24;3,12,8,16,2,18,19,23;4,0,2,9,16;19,17;5,20,23,24,12;28,21,8,17;5,28,20,14,19,6;16,24
18,4,22,16;29,28,24,1;16,25,1,19,17;2,9,23,26,16;19,3,2,22,27,15,25;4,21,27,12,24;22,21,16,3,18,23,1;0,17,10,14,18;12,1,7,9,19,0,20,23;13;25,3,20,16,19,21,8,1;10,29,13,14,24,1;16,1;11,17;0,3,24,10,6,27,12,14;11,5,3,0,6,29,8;8,20,27
6,29,8,0,24,10,28,13;2,12,0,4,20,29,1,28;12
9,21,27,14,15,6,10,19;8,13,21,20;27,6,0;0,6,8,28,25,13,21;15,0,24,10,13,5;6,15,27,12,24,4;23;22,11,3,27,8;23;17,12,0,7,28;25,13,21,24,2;2,4,17,26,13,3,25;13,25,8,14
15,2,13,3,7,21,17,24;24,27,6,3;1,14,29,11,21,26;19,21,17,26;11,21;1,7,26,8,21,20
28;29,3,14,0,10,13,26,5;13;5,25,1,10,13,28,15,2;14,26,21,3,13,20,5,0;15;22,11;11,15,21,17,26,20,3;19;22,9,12,23;15,21;23,28,10,2,26,18,25,29;11;9,26;1,13;25,24,22,12,21,27,18;28,3;3,5,7,11
17,29;5,26;1,16,8,18,9,22;11,8,5,7,25,27;8,4,7;16;25,20,5,0,24,15;29,5,14,13,2;24,0,4,17
18,12,28;25,27;18,19,29,24,23,26
10,27;19,11;16,19;4,6,1,28,3,5;12,11,19;2,1,23,22,28,17;1,22;1,28,29,26,3,6;19,28,20,18,10;9,11,29,6,5,10
10,27,16,18,26,21,4,1;13;21,27,12,4;10,19,1;4,18,11,26,28,0,13;8,17,5,13,12,21;2,16;17,14,24;7,18,3,8;12,23,28,29,9;7,16,15;17
14,7,8,24,29;8,1;18,27,22
25,15,12,7,10,1,3;9,27,21,6;7,5,13,8,14,6,29,4;1,24;14,18,28,2,10,24;11;14,26,15;26;28,18;25;23,29,5,13;24,15,9,25,6,18
1,5,15,26,2,19,21,10;13,22,29,28,10;4;2;12,10,28,3;5,2,0,15,29
19,3;12,28,9,16,3;29;9,20,4,21,25,3,0,28;2,18,5,11,20;0,19,27;2;29,27,2,7
26,28,8,6;25,2;8,22,6;2,20,16,9,28,8,13,6;11,4,25,0,12,1,9;27,25,1,2
18,2,14,4,11;27,22;24;7,2,16,8;28,4,25,21,23,24;15,22,8;2;29;22,20,5,25,8;18,21,7;22,2,23,25,1
24,22,1,16,23,11,17;18,0,13,29;12,14,11,5,24,10,17,3;8,7,17;23,20,4
8,11,13,1,22,6;3,7,16,19;18,8,28,2;8,27,15,25,28,22,17;29,25,16,24,19,1;22,2,15,29;2,3,27;26,1,17,25,28,8,4,21;29,25,9,17
3,21,6,10,27,18;0,8,21,9,11,25,3;28;28,23,18;19,8,28,1;3,29,0,7,25,26,28,4;12,7,3,13,0,10;13;1,17,5,18,8,29,16,2;15,9,1
