42,49,12,27,29,13,38,53;44,10,52;34,19,6;23,58,19,27,30,41,12;41,46,16,34,57;49;34,55,35,33,40,41,6,49;42,9,41,24,38;15,48,3,53,19,43,9;56,16,33,14,2,49,28;6,44,51,4,12,45;31,30,11,39;5,16,55,52
59,26,49,8,15,38,21;1,42,13;58,23,18,4,19,13;20,56,1,6;16,32,9
23,45;21,35,38,1,58,50,23,41;9,21,56,12,37,54
31,10,32,54,26,13;24,31,46;49,4,59,30,8,39,33,35;32,31;30;48,28,13,53,38,24,59;19,17,31,13,5,4
35,4;24,8;28,17,49;19,10,44,12;40,32,13,3,5,55,18;6,57,45,56,53,24,25
1,58,32,41,16,37;20;32,29,48;24,30,13,59,39,46;10;49;28,21,42,11,2;33,1;20,56,51,34,25;45,12,19,57,26;51;29,3,15,13,43,42;52,20,18;21;14,34,5,24,41,6,28;44,6,40,18,24
57,25,41;56,49,33,28,35,17,18,14;55,21;21,35,14,42;59,34,29,52,36,41;37,30;38,9,6,13,48,8,37,50;42,21;6;50,8,37,41;25,39,5,23,31;11;4,2,15,12,25,38,20,58
1,0,15,40,54,58,37;24;47,2,19,54,45,18,27,9;59,34,33;18;39,33;54,4;51,40,50,57,5,55;22,30,1,50,18;3,33,40;7
11;46,49,42
56,2;29,17,3;40,37;24,13,22,56,10,44,48
16;47,21,36,0,4;21,32,40,54,26,33,30,13;57;8,42,16,13,12,6,3,19;52,16;30,26,48,20;48,44,52,23,14,37,21,26;41,48,45,13,34,27;40,35,3,23,50,54,46
57,32,36,22;29,21,45,12,49,28,26,52;43,19,6,8,49,45;19,9,18,38,51
45,41,1,4,20;59,44,13,11,1,42,26;58,30,41,17,38,52,16,3;42,22,7,13,3;35,8,22,19;52,29,13,59,28,45,49,50;52,23,8,9;27,47,25,31,28,18,54,6;14,3,47,53,56;53,26,24,18;13,58,16,43,25,11,8;33,22,59,35;37,1
13,48,23,50;42,26,27,29;30,20,10,54,18,34,8;36,26,47;24,37,43,40,13,2,15;12;38,4,21,29,59,56;27,18,17,23,22;1,41,32,13,10
59,47,57,38,55
19,43
8,45,34,37,47,28,50;50,30;53,20,41
51,1,37,36;32,34,10,53;33,52,28;25,7,0,21;3,34,31,26,28,9;9;48,1,49,39;21,14,44,28,43;28,45,36,58,20,4,13,38;26,22;50;19,6,35,4
49,55,27,0,50,7;1,59,7,18,19,5;15,52,7,22;40,45,27,19,8,38;41,47,35,11,46,43,22,2;13,40;21,27,33,49,22,56,57;48,20,27,2,33,51,3,0;16,57,22;43,5,18;46,15,20;12,0,7
58;42,44,43,40,30,4;7,40,36,24,11;39;52,4,51,47,13,29;58,11,31;55,52,11,44,15,24
47,36,52,25,31,29,39;26,13,11,1,48,52;8,56,3,0,21;40,55,16,50;58,47,1,59,13,9;56;3;25,14,37,42,39,57,10;26,39,46;23,32,54,28,16,25,43
19;46,48,22,28,20,8,56
22,31,21;28,35,12,37,54,39,40
2,8;44,20,53,49;44,51,2,5,33,59;24,32;22,29,6,23;21,37,32;36,51,14,15,58,16;9;8,28,1,32,12,5,50;9,31,3;48,32,25,51,15;11,58,59,10,39;43,28,6,20,49,35,47;40,48,53,31,39,11,32,25;33,37,44,58,51,4,1,45;31,4,32,9,16,13,43;50,18,30,41,19,53,43
21,36,17,48,0,40,22,26;39,2,43,16,11;24;15,32,4,54,49,27,59,44;9;43,19,41,57,39,11;5,8,20;59,45,29,12,43,31;37,15,47,0,48,11
3,16,57;7,35;10,8,59,37,39,50,44,55;37;32,59,18,2,55;33,0;35,40,59,7,51,24;10,15,56,41,55,26;11,12,19,40,22,24;37,47,23;16,58,10;58,20,34,10,21
22,6,42,0,28,58,53;19,56,42,16,34,51;31,15,1,3;16;8,34,58,49,59,46,55;0;15,21,43,32,22,11,45;26,52;36;46,33,29,0,43,8,24;27,0,58,26,40,16;3,20,56,42,35,18,47
14,15,54;17,4;19,39,58,0,29;11,24,36;42,7,15,41;23,39,9,37,29,17,5,8;35,8,7,42,13;57,29,38,14,23,40,24;58,25,49,31,2,6,52;27,30;26,57,46,51,52,27,42,2
55,48;10,1,46;22,27,43;36,21,27,33,1,8;13,28,4,6,43;55,5,44,2,34,17;4,36,17,18,5,33;53,13,16,29,35,2,56;58,12,59,38,56,46,3;28,5;45,47,8,3,33;28,57,26,7,33,22;43,56,17,15,30;21,31,15,59,33,5;26,49,11,28,41,4,7;45,43,39,23,33,26;33,38,53,40,16;16,7,12,48,5,40;52,3,13,53
34,1,17,51;47,9,30,53;26,6,23,28,3,40,31;49,59,52,24,32;36,32,56,45,15,27,4;45,7,57;45;35,5,22,26,29,49,56,25;42,31,8,59,27,20;47,27,48,54,38;10,34,23,30,33,32,57,18;29;54,7;40,39,28,23,19,1,56,34;54,19,13,15,46,53,35;31,46,9,37,3;51,34,13,17,33;28,52,57,50,30;6,53,12;46,53
57,26;59,25,8,20,19,31;37,15,6;25;57,31;59,25,18,5,32,15;7,34,54,11,6,12,33;3,46,26,2,1,49;42,22,9,52,49,53,34
10,46,17,35,48;5;44,17,48,25;37,27;46,48;32,4,57,3,31,10;24,18,6;58,20,47;2,39,51,43;4,30,27,23,31,49,28,9;36,49,47,2,24,43,30,18;10,41,19,0,48;29,6,56,28,11,25,49,8;41,5,23,29;53,9
48,9,42,54,46;5,51,55,43,11,13,56,58;25;46,32,24,42;7,13,33,26,12,59;19,37,5,15,54,11;24,42,43;24,45,16,15,34,14,12,52;48,17,19;27,30,26,58,32,10
55;28,37,35;11,32,48,33,14,42,36,26;57,33,42;47,18,44,11,21,49
53,5,30,55,37;36,47,52,22,12,1,13,32;44;53,16,20,32,37,3;27,42;26,0,3,28,47,22,24;25,37,7,29,22,55,10;58,59,19,5,24
19,58,25,32,56
22,17,14,20,57,21;19,49,39,16,32,33,36;43;33,36,43;56,8,11,25;10,53,48,29,16;17,16,34,38,12
13,23,2,39,37,49,7,25;3,5,4,41,46,35,38,12;49,14,41,48;48,32,50,19,29;39,44,52,41;48,27,20,37;47,53;19,58,54,20,59,5;23,47,18,8,16;59,33;19
30,6,52,7,50;11,3,34,42;40,23,59;38,9;16,17,24,53,19,57;49;42,45,19,7,56,38;7,26,9,45,50,20,48;54,52,33,53,22,1,4,15;21;24,37,25
44;19,41,34,28,10,26,49;37,27,35,8,1;35,15,58,12;3,31,7,40;58,23,46,32,52,57;48;58,27;24,17,7,15,9;21,10;33,34;2,5,36,21;24,9,40,12,21;4,15,56,5,14;27;32,55,48,33,20,4,23,58
57,54,11,9,43,38,8;50;48,43;45;54,27,19,10,59,11,52;54,10
8,44,16,32,7,57,31,33;16,46,1,42
38,46,41,26,36,4,19,42;0,40,24;26;15,25;35,7,50,8,29,54,49;55,49,21,3,24,31,26,44
24,48;50,32,23,42,6,14,47;32,22,58,51;34,44;52;56,9,16,55,53,11,37,54;1,12,2,57;7,6,46,29,9,48
32,51,21;39
40,11,34,54;17,53,5;10;49,52,3,45;47,46;40,7,27,59,49,44,41;6,42,26,38,40,44,29;16,29,48;9;49,13;31,19,35,33,45;4,47,27,5,52,29;51,23,22,1,37;38,29,17,33,15,43,27;29,44,50,55,52,31,43,39;52,35,27,29,3,11,47,22;57,35;56,31,18,40,48,39,21;9,59,14,24
18,23,22,1,7,19,49;36,58,34,54,9,5;10,29;42,41;58
39,30,22;30,6;13,36,14,12,57,26;26,32,17,19;14,55,37,7,49,8;36,56,16,59,1;27;20,8,57,37,12,6,52;59,29,48,26,5,52,25,3;29,6,31;44,23;37;3,45,37,21,43,25,39;55,28,5,12,10,26,38,17;15,53,6,11,31,20,37;50,0,18,1,40,57,6;55,51
26,0,58,45,4,54,48;52,56;24,53,44;55,35,16,53,14;46,34,41,43,10;56,34,45,38,31;27,24,5,54,14,38,50,16;42,56,37,27;50,7,6,49;32,22,25,55;24,58,51;46,28,39,47;26,46,24,34,5,36,32,35;32,13,14,35,40,4,5,1;45,33,7,3,44,50,28,55;9,46,32,59,53,43,12;55,5,40,34,10,37;4,9,29,49,31,21;13,56
51,4,13;5;48;5,46,16,29,14;12,38,3,16
