2,23;11,19;21,13;27,21;11;4;29;5;7;26;13;23,20;23;27;17,10;28,15;16,25
18;5,18;10;3;16,1;20,27;25,9;7;12,7;19,25
16,1;13,27;19,21;1,13;18;27;22;2;16;28;12,25;19,5
23;27;6,1
2;23,8;24,4
15,2;25,17;23;20;12,25;16,13;17;21;16;25;24;20;24,4;15;8,27;13,0
11,10;21;15;0;21;4,22;13;8;9;24;3;19,25;6;25;25;0;22;17,13;0,1
19,29;24;3,1;8,21;24,22;20;12,10;5,27;20;25,28;22,0;29;7,21;29
25;4,14;9,16;21,17
14;8;6;4,9;23;19;22,9;10,5;2;25;12,3;6,3;4,16;13,22;17;4,22
9,3;10;16,23;7,21
19;24;15;3;3
4;10,27;6,16;21,0;8;14;5;14;21,11;17;25;21;7,22;3,26;18,0;7;26;23;3,14
28;17,9;22;24;5;28,21;13;14,15;7,0;18,0;21,10;21;7,11;5;22;3,15;4;26
11;4,7;18,19
8;26,2;25;4;9;9;8,22;8,11;9,23;21,9;4;23,2;16;8,26;20,11;4;4;21;15,10;0,24
3,13;12,20;1,11;22,13;14,18;17;23,18;17,13;25
23;8,28;1,19;4
6,27;16,11;8;24;29,10;13;9,21;0
13,22;3,22
7,22;2,12;19,20;6,19;29;14,19;15;0;14,4
17,13;29,6;23;26;1,0;2,29;8,1;5,27;5,9;8;9,24;2,25;26,6;6;9,24;23,14;19;13
15,5;5;18,2;5;17,9;24;9,16;7,11;19,11;19;19,9;12
9;9;10;21,10;24;16;29;6;6,29;13;13;17;20,25
13,2;19,23;5;4;14,16;4;12,17;21;18,13;27,15;5,1;28,13;0;2;3,28;19;6,21;0,10
5;18
5,2;1,20;26,28;2,20;27,2;2,22;8,12;12,14
22,18;1,14;17;1,4;10;23;9,19;28;7;3,23;25;24,18;23;17,8;20,14;14,18;15,26
17;29,24;11;29;27,8;15;14;20,26;24,27;24,22;11;12;29,3;27,19;9;1;9;21,8;23,24;9,6
23,13;18,9;12;4;4,1;23,19;8;10;1,8;8,26;9,11;26;16,3;26;27,21;22,13;0;20,21;24,3;8
14,7;24;13,28;25;16;7,19;10,5;10,8;10;0,10;28,3;26;26
27;23,21;7;28,19;7;7,29;9;13;13;15,13;10;11,26;23;11,12;26,23;29,1
16,11;26;29;12,28;6;2,26;21;15;1,28;20;26;28;25,10;1,21;7;20;19,0;23,14;4,17
9,4;7,6;5;0;19,12;19,18;21;9;6;24;1;9;21,8;3,12;10,23;6,25;21,29;20,10;1,13
1;22;11;13;25;24,12;1,7;20,4;0,19;7;13;29;18,6;9,14;12;10
8
14;16;1;1,28;28,13;7,15;1,22
9;21;19,25
21;3;6,26;22;9,3;1;11,12;0;28;2,4;23,9;29,25;9;7,6;20;14;25,26;28;20,4;6,15
9,16;12,19;13,5;9
16;18,21;7;11;18,27;13,19;7
21;14;22,21;27;17;2;23,10;1;27,20;2,21;1;2,21;22;10,28;2,15;11;6;17;22
7,5;15;29;14;5;25,24;0,24;3,7;29,21;28;0,28;6;1;5,6;9;20,25;13
23,17;8;9;13,26;28;13;10,22;3,11;24;3,11;18,9;3,22;26;13;23;23,5;28;0
5;6;13;5,1;21,18;27;15,0;23;21;25,26
8;16,12;23;29,10;22;14;24,12;5;0;22,11;2;15,21;6,22;6;23;2;13;7,29
28;2;25,19;13;3,12;9,10;28;0,25;21;3,2;18;16
18,15;1,28;5,17;15,26;8;25,12;22,26
24,20;23;9;9,25;1,26;0,11;0;2,5;26,2;20;2,1;20,1;8;15;7;28,14;21,22;16,6
18;24;12;4;13
