15,25;3;8,9,19,4;3,29,22,21,13,10,7,2;3,18,23,4,10,27,11,22;28,12,18;19,29,15;27,0,18,15,10,8,6;29,0,15;0,9,20;7,21,10,19;12,20,8,7,15;18,16,25,27,29;18,12,5,19,11,10;0,25,26,24,23,13,27
20,21,13,12,16,8,17;21;0,22,16
0;19,27,18;0,18,24,14,21,28;27,22,19,29;20,25,13,19,5
19,21,9,24;1,2,16;6;27;18,16,26,27,1;15;0,19,8;2,20,6,16,17,3,8,27
2,25,7,17,27,1,0;3,16,1,11,5,21
16,7,20,0;19;11,9,5,14,15,26,18,20;1,11,16,10;24,13,29,27,25,10,11,20;21,13,11,25,24,20,16,10;17,24,23,2,28,0,4,26;12,10,18,24,26,13,7;12;23,16,1,7,20,26,0;19,18,7,28,17,29,13;16,25,15,20,27,10,11
4;6;22,9,13,15,18;12,25,4,2
23,12,2,3;4;29,22;5,7,9,25,17;3;8;20,24,1,12,16,4,6,8;13,12,18,14,4;4,8,11,22,19,28,29,17;1,10,2,12,16,8;15,20;0,8,6,1,21,15,20;21,27,14,11,0;0,6,21,2;21,26;18,9,21;10,1;15,13,6,19,14,18,28,27;20,1,17,28;5,28
0,10,12;27,9,21,28,7,0,1,17;5,2,7,29;20,16,24,23,22,28;4,5,14;21,3,2;24,27,25;28,26,1,6,25;4,15,9,11,16,20,7;18,6,1,22,5
18;3,18;24,7,14,11,2,22,9,3;3,11;24,26,17,23;1,24,17,11,15,22,16;17,8;12,8,27,6,18,14,29;16,6,1,20,12;28,17,22,12,20,14,8,6;17,9,20,0;20,1,0,10,23;22,2,3,23,24,10,17,19;2,19,5,26,7,11,10
19,3,24,27,18;0,9,5,2,17,22;19,26,0,18,7;12;17,3,28;16,22,6,18,25,10,11
25,13;7;16,12;5,7,28;23;28,21,14,8,4,16;20,29,2,28,7,22,16;4,14,16,0,7
16,5,6,8,15,20,9,24;19,15,22,9,11;21,22;20,22;28,3,15,26,14,5,18,0;8,0,14,7,2,17,1;0,19,21;6,11,15,3;21,0,3,10;9,15;15,0;27,1,2,29;27,20,13,14,8
9,21,16,13;29;25,6,29,28;25,14,2,22,15,8,5,24;28,26,0,14,8,13,10,20;11,12,27,7,23,24,16;20,19;29,26;28,15,22,27;5,22;3,14
2,10,4,11,22,5;28,7,18,11,3,14,2,22;25,4,6,2,11;28,4,6,19,10,21,5,11;19,14,7,0,29,12,24,11;9,28,6,13,27,16,4;17,15,5,21,25,29,1,13
5,0,22,19,11,25,18,17;13;0;8;7,21,10;6,9;17,24,11,26,13,7,12,1;11,27;0,11,6,21,23,13;6,11,24;0;24,14;10,9,16,3,18,22,5;17,4,21,9,2,8,5,26;22,24,26,1,12,21,27;14,9,29,13;18
16,2,0,15;5,10,28,7,11,3;29,15,17;25,21,17;20,5,6,11,17,29,16;16;17,28,7,0,26,22,6,25;2,3,17;11;23,3,6,16,26,22;16,17,29;6;9,0,22,2;12,21,3,17,1;0;9;24,21,0,25,2;19
20;17,10,26
6,0,22,11,13,7,21,24;15,27;25,5,16,27;4,21,1,6,20,26;28,6;21
2,14,21,9;19,14,20,15,26,2;29,1,17;23,12,28,8;19;3,6,12,5;25,3,26,27,13;12,2;18,10,24,2;24,23,16;16,2,9,12,18,13;23,4,0,3,2;14,16
27,20,15;22,8,23,3,21,24,15,19;7,28,22;21,25,19,4,17,9,23,16;21,11,26,24,20,28,22,12;8,15,5,13,21,26,22,28;0,14,5,1,10,8;16,2;27;17,3,1,23,7,27,16;22,3,10,1,2,27;2;13;6,12,28,26,5,10,11;27,16,26,18,5,3,24;28,26,1,8,19,12,10;14,0;20,6,10;2,14,21,11;10
26,19,25,18,27,1,13;28,10,22,1;20,8,9,10,13,23,4;11;16,25;17,15,3,29,0,26;16,13,19,5,7,20,1;24,0,6;19;17;26,10,13,25;17,9,15,21,1,11,12,25;18,17,19,4,11,16;8,3,22,4,13;1,17,18,3,15,21
6,2;4,15,1,18,24,25;18,23,8,11,1,10;17,3;1,5;2,3,28,20;23,14,28,6,17;3,6,12,25;16
18,28,9,15,11,6,19,27;4,18,28;23,11,18,12;16;2,0,21,4,18;18,21,9,7,14,28,19;9,27,11;4,5;11,26,4,16,24,27,7;13,7,23,22,6,17,9;15,27,24;27,24,15,29,18,12;27,15,22,10,5,6,2,23;27,10
10,13,20;5,4,13,20,8;1,22,19,29,5,11;3,18,19,2,23,1;8,5,16,18,7,17,2;22,24,26,27,19,7,14;20,2,16,21,1;27,5,20,4,19,13,15,28;2,26,18,27,8,0,9,11;19;20,25,14,21,12,13;29,13;26,15,28,14,18,4,12;13,11,26,10,25,28,1
2,10;12,23,22,11,4;19,27,8,18,11,26;11,15,26,19,21;15,0;15,29,5,17;11;27,8
10;4,20,28,19,17;24,14,16,29,12;26,3,21,27
28,18;29,17,13,24,5,1;27,24;6,29,0,27,3,8,24;29,2;1,15;2,29,8,21,12;0,23,29,11,21,16;12,8,10,18,0,20,26,21;3,6
16,24,1,29,4;17,14,28,19;25,21,24,1,11,23
5,14,9,18,2,11,22,1;14,5,28,7,8,6;2,5,19,8,7,29,16;0;25,29,27,8,17;28,11,8,4,20,29,25;14,11,3,17;6,8,20;15,5,23,12;1;1,10,5,22,20,0,4,12;8
5,6,24,19;20;26,4;12,4,5,21,28,20,29,9;0,2;9,22
26,2;6,1,8,13,23,12,3,24;5,4,28,2;17,6,0,26;10,17,25,24,18;18,20,15,14,1;20
18;6,26,18;24,1,8;22,6,18;21,29,28,11,15;22,17,25,27,12;5;11,5;21,3,25;1,28,11,16;13,20;21,1;12,3,18
6,3;22;8;18;7,6,1,2,8,9;14,17,19,12;27,6,19,3,24,4,10,11;21,22,13,16,25,5;16,7,14,12,26,21,29;3,6,28,15,27,17,8,20;14;26;19,9,5,20,16;19,13,5,24,6,25;13,1,0,20;14,25,29,3,23,21,18,4;2
22,12,2,15,6,26,21;16,2,23,5,21,9,15;11,18,1;20,21,10,13,27,2,6;20,14,5,29,4,12,3,28;29,11,2;5,8;1,26,19,7,9,5;10,7,5,9,16,6,19,4;25,1,28,9,17,5;8,28,29,12,7,15,25;29,12,9,13,21;15,20
11,21,17,27,19;27,10,12,16,0;17,14;16,0,10;14,4,10,28;24,1,27,18,15,22;9,28,10,15,17;23,9;23,25,6,15,29,28,13,11;7,2,28,22,29,9;18,25;29,13,2,17,1,18,24;24,13,16,11,20,5,25,14;29,22,15,1,16,9,17;11,21,3,20,22,2,25;20;21,22,27,26,16,14
22;13;16,12,8,5,17;10,15,4,8,7;8,12,9,24,4;2,22,28,24,18,13,11,23;16,12,11,22,13,1;9;26,2,24,0;16,1,9,11,27;5;19,27,9,25
4,24,16,17,12;14,24,13;26,16,14,10,12,11,29;22,17,24,27,2;21,15,26,12;22,13,23,4,3,16,14;2;16,12,17,20,27,0,2;6,20,24,1,29,16;1;19,10,1,25,4,29,12,13;14;9,24,22,6,5,20,16,11;23,4,20,9,6,7,27;28,0,24,16;10,16
12,15,11,10,29;20,28,25,1,14,16,9;20,22;23
11,22,25;16,12,18,2;21,22,1,6,10;6,16,23;22,11;19
24,3,22,11,29;28,10,25;10,6,22,29,26,0,8;4,6,16,25,15;29,25,19,21,7;29,3,18,14,19,4,1;18;29;29,19,9;16,25,12
8,25;5;20,18,1,26;9,14,18,4,20,1;0,16,19,28,14,24,12,21;12,7,9,2,15,6;15,14,17;13,10,16,15,1,27;28,3,26,25,14,17,19,0;27,20,22;16,6,5,28,22;4,5,2,18,12,16,19;12,3,5;11,26,18;19;13,23,26,6,12,3,22,4;15,23;22,20,29,10,28,0,21,6;18,9,6,10,8,25,23,4;2
9,15,10;27,8,21,23,29,6,4;27,19,17,5,22,1;5,2,27,6;21,3;3,2,4,17,29,21;26,4,16,2,0,25;25
10,22,3,24,21,20,27;3,20,21,7,10;10,8,9,25
15,17,16,26,24;4,5,24,15,27,29,1;3,4,28,29,11
0,5,12,4;23,13,11,18,9,2,22;15,11,21,13,17,19,10,8;2,5;21,2,8,24,12,0,25,11;0,19,25,28,5;12,17,0,27,8;24,5,2,13,21,4,11,26;28,29,14,17,15,19,10;7,6,12,29;16,3;22,26,29,14,18,0,15;5,28,3
8;12,2,8;24,1,21,20,13,14;1,25,24,7,21;0,22,11,7,18,1,9
9,15;9,7,2,13,23;10,23,6;5,7,4,29,11,6;21,3,10,22;29,21;4,29,23,6;4,3,0,7;13,7,25,3;0,24,10;17,27,1,9
22,10,3,11,24,27,26,4;11,23,1,26,24,16,29,6
17,20,23,5,10,21,13,26;1,19,21,16,14;17,23,18,27,14,26,10,21;22
13,12,23,27,2,0;9,10;6,5;7,11;27,24,12,22,20,16,29;28,19,22,27
29;15;4,5,11,19,16,3,24;20,4,21;12,25,23,7,15,13,0;2,7,26,29,3;8,19;28,27
29;7;14;2,15;26,1,28,0;25;3;28,29,2,22,0;6,16,14,27,25,24;21,3,24;14,6,15,21,22,19,13;22,14,1,15,2,29,23,17;22,19,23,10,2,15;4,15;6,28;0,12,6,15,7,28,10,2;7,25,8,18,22,2,23;10,2,23,1,6,11,12,20;14;7,6,23
8;23,25,13,9,7,17;15;21,22,16,26;26,6,20,22,1,19,21,14;1,5,22,19,16,4;0,22;0,13,7,29,25,6,23,2;25,18,6,17,29,3,15;7,19,9;13;25,3,8;17;8,23,15,25,26,16,13;17,16;0,11,5,7,13;20;0,6;2,15,5,6,23,8;10,26,16,2,29,0,21
11,5,3,9,15,0,18;23,13;10;12;18,12,13;22,0,20,24;17,1,9,27,11,24,22;25
3,9,19,18,12,4,6,27;9;24,1,5,21,14;15,1,11;6,25,18,28,11,27,9;11,19,7,21,10,5,6;5;24;27,13;9,23,25,19,12;15,14,23,12,10,29,13,21;1;19,5;4,11,6,14,19,25,2;24,2,21,12,6,27;19,21,28,29;22;12,1,4,5,11,2,6,0;19
18,16,1,12;3,8,6,22;1,7,24,18,11,21,13,16;8,27,0;5,26,11,14,16,9;19
20,17,8,6,23,24;0,6,25,8;12,9,10,22,8;14,9,6;2,29,19,11,20;19,3,6,22,20,7,0,17;5,21,17;3,5,26,23;29,23,22,26;6,3,12,14;2,18
15,25,20,10,6,29,28;9,7,17,22,26,10,5;17,25,14,2,20,18,3;8,1,27
8,7,19;26,16,1,18;10,15,20,16;24,0,3,6;7,24,29,8,23;12,13;8,22,2,14,0;28,27;11,23,22,26,20,0;21,24,12,20,10,8,27,4;0,12,15;9,12,8,24,23,19;14,10,28,19,2,8,5;15,2;12,11,6,4,23,14,17,15
