49,40,19,1,77,94,30;13,28,85,54,82,83,3;35,10,28,44,69
94,10,44,30;107,105,85;69,55,104,88,74,78;5,51,95,3,4,26;42,11,105,84,19,104,45;20,97,22,103;6,105,72,102,12,61;58,52;64,72,66,48,12,80,4,30;68,27,58;26;78,67
11,22;59,42,75,29,26,101;66,101;19,58,81,56,32,99;61,42,50;4,64,47,43,36,18;6,40,98,89,39,31,103;48,9,5,58,73,102,50;96,63,80,36;71,35,98,70,34;94,47,54,95,38,88,4;35,30,99,51,52,61,26;63,11,1,47,71,96,95;91,95,75,70,78,39,15;35,83,29,97;36,96,46;21,2,57,100,30,69
33;78,88,37,27,75,76,105;70,85,107;88,90,24,44,4,56,55,92;53;2,8,50,73,24,31,103,54;49,1,48,9,26,30,15,4;33,9;97,48,89,92,31,10;7,5,0,108,20,97,92;84,76,48,4,24;45,38,19,50,8;64,101,92,82,77,11,4,90;101;89;80,61,28,106,88;32,106,16,60,90,8,3,21;92,83,76,51
8,105,66,29,46;105,96,109,107,78,14,79;100,32,66,93,77,78,18;19,76,45,38,58;29;16,103,87,71;105,40,43,69;100
107,0;109;33;36,53,30,8,99,102;94,64,92,81,77;80;38;38;54,51,101;88,51,12,101;91,57,108;78,100,55,62,53;18,88,84,81,62,23,92;50,9;104;85
37,62,67,0,60,49;57,4,85,24,8,87,47,42;81;9,87,51,49,31,58;3,100,46,45,86,93,6,38;37,94,7,93;77,21;67,109,46,61;48,92,50;96,23,107,88,53;44,28,41,57,61,43,16;79,91,40,87,86,67;14,4
40
104,74,108,49,102;86,51,77,64,39,105,20,79;82,77,67,38,88;50,11;56,32,62,48,41;59,106,99,33;35,82,42,101,7
63,28;81,24,6,48,26,15,27
15,41,96,92,19;98,0;92;57,109,86;47,26,76;44;43,83,82,17,29,33;79,35,50,62,8,55,85;36,58,99,85,3;11,80,109,95;76,18,63,71,58;22,50,88,31
69,33,90,3,60,73,39,80;30,80,58,39,67,34,77,98;84;11,93,2,92,56;59,71,47,2,64;61,66,92,31;40,48,96,46,108;74;65,79,13;14;21,5,66,109,96,61
1;62,83,98,17;2,84,102;76,88;60,102;99,60,29,44;88,3,98,82;93,61,103,18,97,28
104,1,19,105,39;19,5,67,34,25;6,18,32,1,66,35,101;66;88,68,30,98,58;10,85,76,101,20;72,66,109,107,45;59,20,48,100,68;57,43,75,102,47,59,67;93,109;92
82,19,75;44,74,30,104,58,91;45,51;85,109,106,56,95,11;91,74,34,24;10,24,87,54,59,27;87,105,61,27,26,68,60;82,83,43,97,52,100,62,11;91,54,19,30,43;39,25,4,92,7,12,63;43,20,82;76,5,54,64;60,43,50,96,93,85,70;74,99,21,46,26,50,49,82
33,86,108,64,63;54,67,56,45,83,65,43;28,64,85,99,83
52,31,69,101,93,54;79,90,57;27,63,4;100,98,82,17,81;13,81,62,59;16,13;71,2,101,69,3,90,81;10,63,92,109,68,41,23,97;52,31;63,55,58;26,59,69,101,19,6;58,32,67,40,76,2,72;44,16,22,21;43,19,83,85;28,47,81;80,20;55,81
10,47,11,38,84,102;13,31,81;72;66;0,21,10,27,91;70,84,18;100,60,39,54
88,56,93,78,12,59,19,14;37,69,81,18,63,60,24;29,50,102,4,99,60,95;63,46,21,106;62,27,2,47,80,92,63;107,85,37,90,56,28,106;35;66,67,101,26;30,73,53,51,85,37,49,67;74;81,83;22,75,51,57,30,7,28;87;48,98,33;7,3,56,95,97,68;29,25,67,109,82,58,42
34,100;24,76;47,27,70,93,100;78,25,17,69,5,48;64,84,1,6,94,25,80;95,96;28,98,103,71,64,83,93,87;84,77,48,82,18,73,41;10,15,87,104,84,89,11,82;80,46,78,27,94,22,105;89;86,95,18,89;108;94,85,50;15,31;108,83,20,99;95,19,39,70,13;69,102,15,105,87,88,65,51
79,91,28,29,88,22,31,72;107,11,20,66,51;51;60,21,31,82,52,42,72;21;87,67,68,53,22,35,39;69,96,67,68,24;43
82,107,47,32,16,93,8,64
95;97,27;69,41,66,78,47,32;83,86;39,28,66,93,102,106,54;48,73;52,12,50;47,87,31,93,36,67;58,52,2,1,10,50,73,51;54,84,36,91,26,38,3;11;21
98,47,7,62,10,105;36,35,100,80,79,19,11;3,51,21,80,78,10,76;17,101;1,81,8,0,2,11,14,69;76,50,88,25,95,68,91,37;52,36,49,1,99,68,101,104;68,74;41;78,36,48,0,1
79,0,28,61,90;63,30,87,39,88,34,55;102,82,52,17,80,76,79,65;25,82,81,36,96;3,89,54,60,104,4,57;38;33,39,74,87,14,91;81,52,74,65,82;38,88,92,105;34,102,51,86,10,80;19,91,27,59,104,0,71;96;33,38;41,97,40,14,17,21,16;38;29,90,16,38,39,80,67;92,70,36,61,104,78;61,80,94,77,107,97,49,25;93,82
42,47,46,21,68;12,31;103,107,4,89;24,64;26,94,81,36;18,17,106,64,78;86,11,52,71;62,50,5,25,53;26,106,21,39;86,87,78,44,65;28,83,94,103,57,40,19,44;63,30,106,62,1,25;55,48,40,109;4,45,24,77,7,58,1;20,104
68,73,92,49,108,15;50,55;23;47,19,43,66,17,42;72,57,101,29,18,1;94,82,56;105,42,82,107,4,70;66,101,87,11,44,13,41;59,30,74,29,48,77,43,46;103,108,12;28,104,97,5;24,106,73,105,75,1,92,101;85,92,107
10,78,32,0,96,62;102;81,35;47,33,13,92;78;5,53,99;92,27,64,97,63,84,96;33,24,11,71,37,47,105;42,31,15;51;104,18,29,14,11,81,103,3;52,79,66,13;45,25,88;58,2,19,77,54,57,7,61;9,103,82,75,1,34,29;65,33,2,51,77
81,29
7,54,92,2,46,102;40,87,66;68,66,59,47;79,28,2,60;47,30,94;60,18,12,28,86,109,75,55;34,13,84;6,17,11,52
35,84,76,96,39,31,87;72,69,109;102,14,59;38,24,47,54,33,80,16,15;75,93,3,13,109,88,95,91;65,92,18;94,56,51;29;92,29,42,53,18,78,33;7,37,26,5,75,107,34;24,55,93,78,97,74,4
19,13,102;18,85,9;49,37,24,30;88,4,65,52;106,18;107,43,22,21,56,1,19,37;86;53;51,23,91
109,92;73,54,96,36,31,81;108,88,22,15,50,64;77,69,83,38,42,56;0;102,6,58,45,55,108,13,4;91,11,47;14,104,52,56;77,8;67;5,66,0,93,94,70,14,65;7,91,52,35,42,67,66;1,15,60,59,56,16;7;99,106;98,40;78,3,1,33,36;67,29,48,84,54,91;67,43,31,61,8,102
34,84,32,0,49,83,27;76,59,77,86,8,23;15,19;62,83,21,93;106,87,68,84,72,65
64;80,19,93,48,32;33,30,41,0,109,53;30,44,90,87,71,39;36;63,45,65,26,29,34;36,55,78,72;27,98,7,20,19,37,58;58,7,34,74,93;67,109,6,34;95,65,36,7,48,83;1,92,94,21,52;67
13,65,79,22,88,93;81;57,70,10,48;13,42,55,40,94,100,48;29,52,71,3,49,92,53;54,71,44,34,101,18;67,68,22,109
20,30;85,6,70,61,67;0,58,83,36;102,109,70;42;17,79,2,23,51,101,70;81,97,44,58;64,79,50,24,73;6,7,74,86,34,18,35;23,64;93,99,78,86,21;19;42,46,25,105;25,66,109;101,17,98,53,73;5,86
44,107;40,54,10,102,13;98,75,63,26,55,85,35;37,77,72,68,94,8,81;69,25,60,74,83,101,54;79,39,74,35,45,20,69;79,109,95,107;44,10,82;69,77,80,63,73;48,33,97,91,39,26,108;62,39,14,64,15,35,22;74,39,54,73,11;73,34,95,79;80;0;43,13,40;106,19,5,86,27,71
30,99,102,16,17,101,34;92;54,57,97,82,29,32,14,34;11,33,36,29,0,5,63,6;17,47,19,16,98,7,90;91,106,27,6;13,50,103,78,85,86;80,7,31,11,48,24,61,43;106,54,101,85;23,78,83,25,43,99,1,9;32,13,73,86,55,37,38,33;58,54,53,91,8,33,50;6;86,100,97,70,6,68,11;106,94,46,28,29;19;44,95,11;82,66,98,33,80;27,47,89
97
59,74,105;83,93;71,15,36,58;59,12,103,73,44,62,32;11,100;11,93,27,38,95;59;107,25,1,40,41,66;6,48,85,40,50,100,94,13;71,0,54,12,109,89,87,58;89;82,8;31
49,69,3;99,69,65
79,53,46;34,80,4,76,74,82;48;28,48,4,39,94,82,45,88;103,19,69;81,74,102,82,92,91,37;72,68,106,108;78,49,103,63,54,67,94,3;98,43;106,103,23,8,102,45;45;33
68,103,37,6,7,105,64,55;27,107,74;71,24,60;16,88,89,69,2;28,53,8;23,10,17,46,61,32,12,26;53,42,17,102,70,49,45,65;36,54,107,49,85,62,14;26,12,79;53,60,18,87,92,31,108;50,11;106;59,43,58,109,73,44;25,79,74,76;17,61;18,99,72;9,75,98;43,93,28;67;50,73,62,96,1,60,25,18
106,70,79;50,54,22,47;88,21,7,26;102,103,46,16,58,70,1;68,56,30,78,3,94,67,73;76,73,61;76,36;77,27,69,87,96,74,25,90;99;29,4,81,11;32,38,71,88
67,109,60;39,20,14,4;107,101;12,108,26,17,44,20,87;7,2,90,29,3,66,48,100;104;105,66,53,42,94;24,75,63,43,66,101,16,11;81;33,2,43,85,73,83;104
22;64,11,86,70;79;22,24,77,72,14,102,76;2,12,11
32,40,88,94,78;3,83;86,94,6,61;72,101,75;64,88,46,40,72,4;39,14,92,67;7;76,26,32,103,16,67,31;59,93,43,33,0;93;91;64,77,60,82,24,87,75,105;90;3,79,44,85
9,94,62,104,80,67,24;60,92,91,104;95,23,72,1,12;51,82,92,104;23,32,15;57,34,78;42,57;91,19,68,1
45,64;48,37,20,95,74;99,54,43;82,18,107,17,16,62;97,87,90,49,102;103,9,10,20,102,85,87,74;109,39,56;100,38,3;49,53;17,62,58,23,22,63,68,72;95,23,88,59,26;35,42,84;25,89,56,37,90,80,3,43
