25,0,29,9,8,6,1;14,23;13,21,22,14,16,20,27,12,29,17;3,16;20,25,29;26,24,28,2,14,0,23,10,27;11;28,9,10,6,12;20;7,1,20,27,25,2,17,5,19,0;23,17;26,21,28,12;4,9,5,12,6,25;17,24,3,15,4,19,1;13,21,3,7;1,6,14,5,4;20,16,9,26,15,2,7
6;10,7,17,28,21,26,2,13,4,24;1,24,0,17,9;1,19,27,16,10,20,23;5,3,14,12;20,21,7,9,27,15,1;16,2,21,0,20;25,21,23,26,29,17,3;18,17,14,22,26,21,10,12,5;11,27,26,12,25;6,1,16,27,23,5,8;21,28,16,2,0,9;8,13,15,19,27;26,8,12,6,21,11,24,23,15,1
6,18,9,13,14;17,3,16,5,14,24,25,0,2;5,20,6,0,24,10,25,28,22;8,18,15,16,28;24,25;19,10,9,11;1,18,6,12;17,3;21,12,0,22,20,1,23;19,17,9,4,2,25,27,23,7,26;27,21,2,13,25,11,6,0,7;2,27,20,6,15,21,17,18,24;20,25;27,10,3,14;14,23,22,15,29,6,2,12;9,28,3
28,4,0,17,24,20,22;21,12,9,27;18,28,23,1;15,0,21,17,3,8,16;18,22;22,14,1,10,3,24,17,21,20,0;16,23,10,14,7,13,3,19,6,15;24,14,2,29,20,19,11,6,5
22,19,14,28,10,25;23,21,19,6;25,18,5,24,22,21;26,16,8,25,7,18,11,10,4;27,4,28,0,15,5,12,26,13;13,15,5,3,8;0,8,16,24,15,29,26,10,25,6;7,16,18,21,27,14,23;2,8,9,14,24,22
21;13,29,18,21,26;14;12,17,11,21,15,22,8,10,29;23,26,6,2,18,22,7,17,4;14;27,10,11,6,12,21,14;14,7,26,10,20,13,22;25,18,16;18,4;17,3,23,22,21,5,10,27;25,9;13,26,20,21,28,22,25;4,5,29,17;0
21,10,1,5,7;25,26,0,17,6,20,13,22,3,21;21,23,6,25,28,20,22,18;23,27,11,25,29,19;12,15,0,14,3;19,23;15;2,12,4,27,29,23,20,8,26;2;0;27,18,3,29,28,9,26;15,21,11,8,28,27,13,19,17,5;0,8,24,27,15,29,7,11
1,24,28;7,14,21,6;24,13,2;18,19;0,6,14,27,3,10;24,4,28,5,27,15;24,12,16,20,22;10,6,13,25,4,19,24,5,1;19,2,29,15,13,6,24,3;27,28,5,25,3,4,14,6,20,7;20,6,18,28,2,11,10,0,22
7,18,21,14,11,0,12,29;29,0;19;1,29,8,18,9,4,22,6,13,14
5,6,9,2,15,25;26;4,15;27;28,18;19,14,16,25,22,21;24,19,10,0,2,4,1,28,7;23,9,2,10,28,16,0;4,10,19;19,1;10,5,11,22,21,8,7;23,15,21,11,1,5,28;24,7,1,20,3,19,5,0
6,24,0,21;24,3,29,17,6,4,19,15
14,17,7,1,23;9,26,18,10,27,0;10,22,28,0,19;12,27,11,2,3,5,6;21,6,5
22,13,0,25,17,23;16,11,22;27,14,23,13,10,24,19;27,3,26,18,14,5,20;20,13,18,27,3,14,25,16,9;15;24,26,1;21,4,23,0,1,26,24;2,19,12,21,0,5,22,26,6,9;11,14,19,21,2,28,7,26,6;0,16,20,15;18,5,14,1,9;26,9,28,13;3,12;20,8,14,3;18;27,11,1;9;10,26,15;17,3,5
19,5,16,6,4;26,28,25,4;21,1,9,11,2,18,22,16
2,24,13,22,11;3;21,22,14,0,12,19;6,17;9,27,26;20,19,28,29,18;22;18,6,16,4,19;12,19,4;1,10,7,5,17,9,21,6,29,18;14,18,10,20,1,29;19,10,3,14,13,28,20,6,18;27,2,23;23,22,0,26,7,18,29,13;27,25,0,22,11,24,17,2,23;25,9,13,24,15;27;16,12,20;17;25,4,8,21,5,29,20,22,6,24
25,29,10,13,17,6;7,26,9,19,3,11,1,20;20,14,1,6,24,21,11,12,3;27,15;16,2;29,3,25,26,9,6,28,12,4;22,25,0,20;10,25
25,16,23,2,21,3,1,28,6,18;21,6,19,20,22,7,27,28;8,15,3,26
15,28,18,13,16,8,4,7,3;1,9,21,13,11;0,4,28,2;9,18,11,15,22,24,5,2,0,14;0,28,21,11;5,4,12,10,26,11,6;29,5,27;24,18,21,1;10,29,22,12,27,1;20,29,19,12,21,11;22,13;15,22,27,2,10,9,5,20,1,25;17,4;26,27;23,12,5,9,10,21,1,18,28
6;29,23,3,19,15,2;0,13,27,2,26,20,17;7,25,17,18,28,15,10;12,13,20,11,22,5,9,25,24;3,10,8,21,22,7,12,19,9;7,21,29,25,20,4,0,14,17,13;24,17,19,18,5,12,10,27,8;9,26,21;26;4,26,29,10,12,18,14,5;16,19;10,21,24,3,26,1,4,12,8,0;24,2,29,1,9,6,8,3;18,5,14,23,11,4,12,10,17;28,8,5,26,10,29,9,19;7,12,19,14,8,10;29,15,23,20,19,18,26,6,11,4
0,14,2,9;16,6,9,23,3,2,12,7;17,12,22,29,26,2,14,3,9;3,7,5,26;6,27,24,7,3,9,25,23,20;12,25,28,1,27,6,19,23;23,7,20,29,2,14;16,6;26,13,7,15,10,17
16,13,5,1,15,29,24;17,12,11,2,29,0,10,14,27
8,26;5;14,0,18,24,5,19,27,6;4,6,28,3,15,22;26,11,14,20,16;7,23,20,8,24,28,12;29,24,16,1,28,3,19;13,1,25,0;0,11,13,12,21;26,27,4,14,15,13,6,22;1,24,22,8,12;0,5,18;10,11,12,13,21,26,22,9,18;26,11
18,29,24,11,1,7,10,23,26,22;11,5,10,2,17,8,13;11,22,7,17,21,8,27,28,10,26;23,27,10,0,20;20,0,18,25,15,26,22,24,16,2;19,7,22,6;12,14,19,6,25,3,5,4;23,18,15;9,18,23,8,21,17,12,5,28;4,0,3;21,13,28,3,11,12,26,29;5,26;3,0,27,23,20,19,29,16,13,9;12,4,23,29,14,3,7,18
14,6,12,3,18,21;29,10,14,24,23,17,25,20;15,23,16,10;8,11,9,16,7;28,29;27,23,3;20;15,21,24,6,19,18;2,17,1;7,12,21,25,9;10,12,3,14,9,4,11,20,13;7,13,3;18,23,21,27,14,5;16,28,22;21,14,0,15,4,18;17,22;25,20,1
29,28,26,13,2,9;24,5,6,4,2;10,17,6,8,18,0,14,9;29,6,2,9,5,10;12,13,7,19,8,2,5,1,10,21;25,14,3,18;22,8,1,17;7,17,0,2,12,19,5,21,10;9;4,5,2,19;9,13,25,3,22;9,12,8,18,20,29,27,28,6;22,19,0,14,6,9,10,8,17,24
3;20,15;3,12,29,1,9,27,25,22,5;23,25,14,13,11;14,27,6,16,7,0,3,2,10,8;22,18,23;7,3,23,19;0,23,25,21;7,15,19,5,6,22,20,25;2,17,21,19,10,0;0,15;18
2,19,5;23,3,26,8,4,14,10,29,13;14;8,0,20,16,5,18,29,13;24,14,26,25,12,18;2,13,6,22,16,5,26,1,3,19;19,2,21,20;3,20,8,5,24,17;6,24,25,10;11,23,12,16,15,20,26,17,19,1;22,7;8,28,13,9,24,3,14,22,1;20,21,19,25,28,29,17,4,16;21;0,9,11
13,0;13,6,8,27,0;27,22,12,6,28,18,21,7,1,20;4,10,22;25,7,19,17,16,10;18,24,4,21,5;14,9,13,11,5;6,2,8,28,24,4;15,18,0,14,1,21,12;22,7,29,13,3,17,11,1,21,25;20,23,12,16,29,11,22;15,22,7;15,0,22,27,6,25,16,26,3,9
21,22,9,10,18,11,13,12,24;7,5,1,28,8,23;6,26,2,11,20,16,24,21,19,29;2,6,0,17;17,29,0;19,27,26,24,12,28,1,5,11;9,4,2,28,0,10,21,7,19;9;21,17,12,13,2;4,21,12,11,29;23,3,7;18,21,10,26,15,5,29;11,25,8,7,14,23,28,5;18,8,0,24;27,23,12,14,15;17,20,1,28,3,22,19,5,14,7;11,29,24,0,13
6,17,20,22;3,8,17,22,14;28,13,15,8,7,4;17,29,6,10,5,21,2,0,26;21,22,2,8;13;27,11,17,25,23;6,4,27,19,16,23,29,26,28;20,3;18,1,11,9;21,6;7,2;9,11,28,29,4,21,19;7
2,0,21,10,26,5,11;26,16,17,14;24,15,28,5,22,27,21;9,13,24,23;6,17,29,14,11,4,8,9;21,10,27,11,12,14,13,1,23;27,23,3,18,10,0,19,8,29,12;0,2,5,21,6,1,24;26,28,7;17,25,18;7,20,19;6;28,27,18,6,17,24
9,15,22,20,3,29,4,2,13;27,23,24,11;20,27,8,0,1,15;0,9,15,3,24,2
21,14,27,1;0,10,14,23,9,29,13,2,8,26;8,25,13,7,9;14,10,22,5,0,28,23,25,21
0,8,28,20,14,26,17;8,9,25,6,26,18,17,12,28;27,28,22,10,23,6;25,29,3,9;20,11,18;3,25,15,7,27
2,19,1,16;11,24,20,18,9,4,16,22,0,3
12,17,3,15,13,1;10,15;3,14;14,22;27,7,8,1,26,19,12;5,6,8;25,5,9,19,29,16;29;23,22;25;8,29,21,13,17,5,28,7,9,3;18,8,23,25,20,10,6,0,5;26,1,14,7,23,25;17,21,1,7,9,16,27,10,20;13,28,4,23,9;0,1,14,19,26;0,22,21,25,24,29;23,19,17,27,22,18,7,8,15
26,10,7,20,29,4;22,20,16,18,6,29;5,4,7;12,1,15,24,8;4,20,6,9,28,27,5,14;26,15,1,12,25,27,21;7,10,3,20,26,18;6,4,8,14,7,22,29,1,27,5;13,2,10,11,7,3,8,22,26
15,19,29,26,20,6;29,17,5,15;19,11,29,27,15,18;4,24,26,15;21;29,15,3,17,27,23,10,14,0,18;22,27,25,17,11,24,5,21;10;29,9,17,1,12,18,25,22,5,27;16,4,10,3,23,20,13;15;6,7,27,19,13,9,4,20;17;6,0,23,8,13,5;23,4,17,2,8;10
16,11,1,13,15,27,18,22,6;27,12,11,3,8,14,18,5,26,6;8;20,24;12,18,25,14,24,20,1;4,15,0,29;29,14,27,6,15,24,22,7,2,26
12,20,7,18,3,5,25,2,13;9,25,2,13,27,10,12;18,24,11,10,27,13,15;0,8,1;15,10,1,21,7;2,18,29,24;18,26,27,24,21,6,17,0,20;10,23,11,3,8,17,28,0,13;20,29,28,21,27,17,26;15,5,29;28,21,4;18,3,10,16;8,9,17,22,0,1,18,16,25;15,23,13,25,14,28,10,0,16;16,3,1;25,7,2,27,11;9,23,28,18,5,24,19,0,8;19,2,12,20,7,17;5,4,21,26,16,6,2,10,18
13,4,28,9,5,15;20,25;22,0,4,12;6,22;0,6,29,18,4,16;18,6,5,10,20;16,28,26,25;11,29,1,20,25,27;26,28;5,17,2,27,18,3;19,9,27;25,28,20,24,10,26,6;16,14;4,18;12
5,2,1,22,27,16,21,8;2,21;18,2,5,3,15,29,14;19;17;20,1,5,13,3,8,26,12,0,9;2,29,4,0,26;24,2;28,16,24,21,25,14,23;4,28
13,18;18,1;1,24,16,10,12;11,25,22,26,6,7,1,5,21;20,29,22,18,26,0;20,9,28,3,15,25
28,16,15,12,29;9,1,3,19,11,14;24,1,10,16,15,27;22,4,1,28;21,17,8,18,28,11,1,14;5,11,24,28;15,5,29,4,18,0,28,11,25;0;20,28,9,18,14,19,8,13,24
11,16;25,4,1,7;14,15,23,3,20,2,8,6,5,25;11,12,6,14,9,26,4;26,1,22,25,0,20,9;4,7,23,28,16;1,21,16,11,27,29,4,12;5,17,6,14,27,2,23,22,20;11,17,27,5,21,15,12,20,9,29;0,14,2,10,3,7,19;4,25;5,19,12,0,11,18,1,27;2,11,17,22,15,0,1,29,24,7;29,3,0,24;25,16,3,18,2,8,15,9,29
16,0,12,24,27,20;8;26,12,16,21,22;13,22,5,10;13,15,16,5,23;1,13,10,9,21;15,6,20,7,12,9,27,13;15,27,28,19,6,11,22
25,4;5,1,23,15,13,16,24,26,27,3;2,21,12,9,8,19,22,11;26,4,20,19,25;0,3,17,2,29;3;17,26,7,22,16,9
22,18,7,12,25;12,1,11,16,17,14,15,0,13;25;5,11,25;23,9;12;14,12,5,22,19,0,29;10,27
26,23,24,13;13,5,29,2,19,18
0,2,24,18,1,3,20,15,23,13;9,20,29,6,23,22,1;23,28,7,21,26,6,11,27,16,1
