12,5,3;8,14;13,26,9,20,1,22;23,9;25,24,27,22,13;13,9,1,22;10,26,22,14,18,4,17,28;27,28,6,23,14,20,25;18,20,7,0,9;11;1,25,23,2,26,24,13,21;17,27,21,8,12,0,10;12,19,9,0,23;19,3,8,23,14;3,21,1,17,22;15,21,19,13,6,29,2,9;2,26,9;2,23,10,11;24,21,13,15,10,27,14,7;22,24,4,29,21,6;10,23,9,28;22,2,0,24;19,28,17,15,22,4,12;8;19,29;13,28;3,11,5,24,22,0;19,16,11,23,1,22,2,25;14,3,15,19,2,26;0,26,4,3,1,7,13;13,8,1,20,11,22,28,24;6,15,1,5,8,14,7;3,6;6,15,14,25
0,16,12,29,23,1;6,0;11,23,3,7,13,15;27,12,25,1,10,23,5;25,2,21,28,27;1,0,27,5,20;18,23,11,13;11,26,27;2,12,1,6,28;12,22,6;14,28,17,27,3;3;13,18,8,22,15,19,26;6,4,12,14;20,18;14,9;6,14,18;17,11,29,27,15,28,25;12,27;15,13,22,18,5,23;15,28,12,20;1,5,21,0,15,26,8,3;5,19,16,14,11
21,8,25,2,11;26;23,22,21,5;28,22,0,12,14;3,16,6,0,22;5,26,11,24;18,3,5;10,14,27,4,21;23,5,25;6,8,5,4,10,3,24;3,26,24,14,6;10,23,29;25,5,1;0,4,20,18,1,10,14;19,2;16,21,10,13,1,20,12,3;6,17,13,22;19,9,3,10,8,22,0;24,18,23;15,23,29,11,22,25,27;28,16;26,12,7,18,2;5,10;22,0,14,16,7,18,9;10,4,6,26,1,15,11,25;9,17,19,14,18,2,6;5,2;28,13;17,8,6;27,3,0;1,28;18,28,1,12,7,16,17;20;28,12,11,23,4,20,26,0;22,3,7,19,24,29,9;28,3,10,29;17,24,19,25,5,23,12,8;26,28,3,22,6,29,2;7,3,28,16;27,16,6,22,19;11,0,1,2,22,8,16;17;28,10,15,4,14,7,5;25,28,15,26,21;23,3,29,9,21,0,1;6,26,13,14,16;1,10;14,12,27,4;15,19
17;6,17,9,5,12,13,20,29;28,10,21,12,5,29;2,18,7,8;1,5,15,12,16,9,28,27;27,25,3,13;11,25;0,8;22,19,10,6,28,7,8,26;3,18,27,12,13,8,9;10,28,24;8;23,2,19,14,16,21,11,15;28,0,23,2,19,5,6;7;5,14,4,28;20,28,12,16,4;14,11,0,7,24,16,9;5,16,0,10,27,29,23;0,25,11;8;16,12,20,17,5,7;16,3,6,29,20,0
14,8,19,12,11,16,9,26;1
25,5,26,1;16,1,5,2;27,6,0,9,10,26;14,23,16,22,26,20,15,19;3,29,4,7,8,22,6;17;4,29,19,22,6,8,15;18,14,20,29,12,25,19;12,15;8,29,16,15;27,26,19,17,22,15;14,24,26,8,27,1;24,11,27;5;8,3,16,15,21;20,29,6,8,12,19,17,18;18,5,8;17,29,9,23;16,29,13,3,12,21,6;23,27,12;8,16,12;3,2,21;28;0,18,13,6,17,14;16;27,9,12,24,26,6,2,28;11,7,17,3;16,11,25;7,3,14,26,17,12,25;21,27,16;17,27,6,26,19;28,3;4;28;5,25,0,4,19,16;5,16;29;27,7,19,10,2,21,22,12;27,3,22,25,6,20,15;22,23,3;12,17,27,28,18,19,23;7,2,0;11,0,25,24,26,14;25,12,29,7,14,2;11,23,20,18,0,22,29,8;28,4,8,26,12,29,7,5;26,4;17,15,21,0,19,14;22,12,20,26,9;8,19,29;20,4,8,11,26,16,28,25;2,12,22,7,11,15;7,18,8,27;11,2,8;17,29,9,10,19;17,22,18,24,23,0;18,11,9,10,8,23,26,17;16,20,13,21,15;8,17,1,2,19,27,20;27,16,13,28;16,12,0,29,20,5,7;16,4,25,3,7;18,4,23;22,0,2,20,3,1,29;9,15,4,23,14,3,2,10;24
6,26,17,20,19;21;29,10,6,11,19;2,5,1,10,22,8,13,4;20,18,22,16;24,2,17,6,0;13,16,21,15,9,29,5;5,18,16,7,3,26,27,25;14;0,2,29,19,21,12,1,10;19,24,10,29,9,22,26,4;6,2,18;21,24,27,23,13,22;26,10,29,0;9,19,28,5,22,14,13,12;26,15,13,12,23,16,0,6;10,4,5,20,29,12;22,20,29,7,15;4,16;24,25,20;6,9,22,10,23;27,22,2,20,0;5,6,28,19,9,8;20,29,16,5,13;16,3,2,21;1,21,24,29,5;3,12,9,22,11;7;12,1,28,19,14,20;26,25,22,15,23,13,0;4,3,10,26,13;22,3,4,24,7,25;25,9,13,3;9,14,6;23,27;9,22,16,24,17;14,17,27,1,21,18,23,13;17,9,13,26,2,29,20;1,17,16,7;6,2,4,21;20,0,22;9,8,5,15,17,21,24;0,23,19,11,21,20;10,4,2,11;24,2,27;21,6,23,4,26;24,25,8,0,1;19;21;0,14,2,10,27,11;20,1,28,13,14,6,3;3;12
17;15;14,20,17;29,17,4,11,20,5;8;2,18,0,1,22;12,13;27,26,1,24;8,5,22,24,14,7,3,23;29,1,2,28;20;8,1,11,14,17;0,16,22,13,19;18,17,9,7,29,0,5,15;20;16,27,20,8,24,11,9,3;29,0,11,24,14,25,26;6,19,10,27,29,15,23;1,26,21,13,19,15;9,24;0,9,21,12,29,7,18;24,4,5;9,6,19,2,16,24,28,4;0,11,27,6,29,25,2;14,23;9;29,15;24,12,4,8,22,13;3,27,15,29,1,7,19;5;23,6,15,10,5,20,12,19;5;11;21,16;15,8,7,23,22;1,15
10,4,14,6,12,1,28,3;28,10,7;29,12,0,2;27,6,23,0,5,18,4,9;11,25;15,26,10,2,3,23,22,5;17,16,28,21,20,27,23;26,16;28,20,24,25,8;16,8,10,24,29,21;3,24,14,29,21,19;21,29,17,18,22,9;2,25,18,20,4;26,1,10,20;10,6,17,21,24;6,8,9,18;22,10,2,25,27,23,20,12;27,3,20,16,19,5,8;6;11,21,4,28;11,18,13,7,9;11,0,17,12,15,2,20;3,13,9,4,17,24,26,19;3;17,6,19,15,9,12,23;7,14,20,9,10,19,4;13,5;12,13,1,29;28,15;1,2,3,18;5,12;14,15,18,25,9;2,28,1,25;6,24,8,3,0,28,1,4;19,29,4,12,11,5,20;10,25,22,12,17,1;21,23,26,19,22,2,18,29;26,7,3,22,28,25;24,12;3,5,21;11,20,26,7,12,5,27,8;16;13,10,28,24;29,4,14,12,7,10,28;8,21,6,24,9,26,5,1;8,6,12;0;1,7,26;25,12,18,20,28,5;27,6,22,16;6,28,25,4,19,24,21;24;25,18,16;20,19,17,24,16,4,26,0;1,19,17,0,7,2;13,26,17,25,28,27,14;3,20,9,6,19,24;23,7,14,29;9,4,16,27;14,15,9,23,25,1;1;3,2,20,15,24,16,5,11;19,14,21,8,22;27,6,2,17,24,22;15,9,20,2,16,10;27,25,4;24;25,19,26,23,21,8,17;29,26,11,7,3,18,16,21;26,27,6;13,14,11,0,3
5;20,12,4,7;26,22,13,21,28,0,9;2,8,6;7,4,19,29;1,23,22,9;6,13;24;6,24;0,21,13,11,19,3,24;17,3,18,9,15,27;24,25,26,11,13;25,4;9,3,15,25,8,14,19,20;3,13,18,27,15,12,22,29;2,15,22,12,17;7,21,4,19,25,14;11,1,26,3;16,19,13,14,21,28,17,9;1,14,29,8,9,2,5,24;26;27,24,17,1,23,7,22;0,26,1,29,3,14;17,15;13,0,26,18,7,2;12,6,5,4,8,7;17,15,0,16,9,10;23,13,24,26,1;11,9,14,22,2;8;4,15,7,5,22,23;20,18,0,21,7;7,4;22,20;5,13,20,29,12;6,2,23,26,24,22,20,12;2,27,24,7,26,25,10;4,17,11,16,24,9,14,18;8,23,26,15,24,3;8,4,3,16;20,25;10,26,17,9,12;17,18,13,27;8,25,4,27,3,22,20;16,26;21,19,27,17;23,3,25,6,24,7;28;1,23,7,28,16;11,2,9,13,20,15,19;17,8,3,4,21,27;28,4,11,1;1,5;23,27,12,9,26,28,25;3;22,16,0,9;15,12,4,25,3;18,28;6,5,26,21,7,1,23,2
15,20,1,0,22,11,26,28;18,14,28,11,8,19;22,0,25;20,29,1,0,17,21;18,22,6,12,21;20,9,2,11,1,10,13;6,25,1,9,15,12,3;5,27,7,10,3,25;11,16,1,13,12,9;18,8,16;10,2,13,28,18,21,11,3;1,21,25,22;22,20,18,23,11,26;3,27,8,16;10,27,8,11,13,14;4;18,4,8,14,5;29,19,11,8,16,23,28,13;12,23,2,26,1,20;19,26,3,16,4,8,12,21;8,20;23;0,2,1,20,8;18,10,14,8,28,22,3,19;25,15;26,11,19,24,20,21,7,8;12,5,17,10;0,24,25,15,29,4;15;15;5,21,25,12,28,13,17,7;24,22,13,21,18,15;12,14,23,2,18,24,15;21,16,22,1,25,27,12,6;10;19,27,8,17,2,16,23;25,7,24,17,27;8,25,5,6;18,21,24,9,2;26,15,11,4,20,5;24,25,6,20,15,9;0,25;26,6
3,5,28,25,22;23,18,21,9,8,14;4,28,25;21,27,13,28,5,7,3;0,29,2;3,20,13;6,1;28,10,6;28,18,27,0,21,26,5;24,1,22;23,6,16;7,6,15,1;20,1,26,25,21,15,17;22;12,21,3,6,0;28;24,25,26,13;21,1,22,3,27,6;10,21,12,28,7,2;3,6,17,14,25,12;23,17,18,13,1;26,12,29,15,21,0,22,25;2,11;11,23;4,26,22,23;9,10,4,28,7,17,8;7,16,6,8,18;10,23,14,16,17;22,18,27,26;3,15,9,27,23,2,19;29,21,18,1,9,10;25,27,24,8;2,9,29,8;6,20,12,21,16;13,5,17,27,8;13,29,20,11,3,25;12,22;23;15,20,27,21;20,6,3,15,2,8,0,10;14,18;29,1,28,0,7;8,14,21,27,28,4,22,20;21,4,26,10,16,5,11;28,7,27,12,6,19,10,11;6,20;13,21,23
24,27,1,28,19;6,8,25,16;14,11,17,20,2,0,18;7,22,1,3,11,8,15;11,22,28,19,27,6,7;18,1,28,15,22,16,10,14;8,13,3,12,4,1,11;18,12,17,22,28;8,21,3,22,12,20,7,19;12,15,11,9;27,22,6;14,27,3,9,15;17,5,22,29;2,13;26,13,12,17,15,16;4,0,15,3,26,28,19,2;24,17,0;19,5,28;9,27,17,16,29;9,4,21,15;6,21,23,16,20,17,25;11,29,5,10;12,4,29,8,1;29,15,12,24,16;21,11,9,16,23,19,27,10;18,21,22,13,25,10,8;29,25,4,2,20,18,13,24;2,10,28,22,15;13,0,10,16,12,2
14,25;2,18,19,15,9;9,14,17,5,0;7;1;12,25,16;16,23,20,14,17;26,11,16;19,8,25,22,16,24,4;11,6;21,7;5,8,19,21,15,1,22;14,13,12,8,19,10,11,6;12;0,7,26;0,29;20,17,0,6,25;20,3,15,8;20,1,8,12,23;0,19,11;9,29,21;17,1,10,11,4,7,19,28;14;15,5,0,18,26,16;19;10,1,29,19,7,2,18,20;14,24,16,18;26,29,10,25;0,17,20,10,13,7;26,25;1,28,6,26,2,13,4;26,22,16,7,13,28,29,17;5,7,19;16,0,3,23,9,12,19;23;21,5,3;21,1,23,26,6,19,10;19,2,23,9,6,29,21,28;10,28,23;9,16,2,15,14,6;23,4,25;24,3,16,5,27,19;29;10,26;6;27,12,10,25,15;21,6,17,12,16,28;15,5,22,6,21;21,25,27,1,24,17;7,21;26,5,11,18,12,0,25,9;9,24,19,28,27,11,2,20;14,24,17,25,27;4,21,3,1;11,26,5,28;3,27,8,24;28,2,10,11,6,8;19,14,12,1,27;8,20,27,23,5;17,1,14,27;5,18,8;2,4,25,26,29,13,10;17,29
28,5,17;14,25,7;10,13,20,29,9,25,11;17,11,5,28,24,2;1,28,24,9;29,25,19,14,18,26,17,22;18,4;9,28,8,24,1;8,11,15,5,0;21,5,8,15;11,6;27,17;6,21,1,27,2,5;12,14,9,0,20;19,20;18,4,25,2;28,9,0,14,26,20;7;13,10,9,20,22,3;18,5,27,16,23,11,0;17,8;6,28,23,5,3,22;9,15,8,3,11,16,29;27,5,13,19,22,28
2,1;11,26;22,18,10,14,27,23,29;10;7,28,5,15,8,20,9;13,22,18,7,28,6,21,0;3,13,25,22,0;1,19,20,15,11,9,0;5,21,14,13;11,0,2,22,28;15,14,17,25,2,27,10,8;5,23,1,28,20;19,24,26,15;20,0,8,23,10;24,4,17,23,12,3;10,0;10,2,23,28,27;12,6,7,8;11,22;10,0,7,6,2,8;12,27,7;25;27;20,1,26,19,12,9,3;17,6,23;8,14;14;26;13,10,9;24,16;9,26,11,17;9,18,17,24,27,16,26;3,20,11,17;23,14,13,25,10,18;14,6,24,26;11;17,25,16;26,3,0,19,28,24,9;22,18,10,7,16,6;21;10,1,28,0;27,16,10;16,12,1,21,8,23,15,10
28,14,2,1,16,5,7,4;0,16,13,25;4,6,22,5,12,19,2,1;27,18,7,1,11;14,1,11,9,10,3;5,4,9,18,24,16,6;22;25,29,22,18;20,25,18,28,26,6,22,11;25,5,12;4,18,13,19,0,2,21,11;15,25,6,7,5,24,27;21,2;10,18;20,11,10,7,19,23,18;19,1;18,5;18,23,9,12;20;22,18,28,29,13,25,0;13,3,22,26;24,2;18,19,28,0,13,14,22,17;14,25,24,29,12,28,22,2;24,25,20,2;16,29;3,8,24,26,16;2,8;22,11
26,10;4,13;14;16,8,11,0,18,5,21;16,20,21,7,27,22,23,24;27;25;9,8,2;6,28,5;16,12,6,21,11,28,9;19,9,7,18,0,4,5;0,4,14,17;10,11,28,5,21,16;27;21,9,26,12,7,22,25;3;0,19,11,12,21,7;4,12,2,28,26,5,17,13;2,29,10,18;28;9;11,20,15,4;3,20,1;25,15,16,1,5,29;0,1,6,5,10;28,8,6,29,13;14,19,25,24,11,28,16,26;16;20;27,5,13,15,18,24;10,18,29,24,26;20,1,17,21,13,9;27,14,17,15,7,3,24;27,26;4;17,22,23,1,4,3,27,15
19,12,13,26,28,1,21,11;29,13,2,12,15,0;29,11,18,12,26;4,19,8,29,7;13,7,15,16,28,2;7,19,6,26,13;4,29,0;26,27,17,20,12,4;26,13,16,29,7,14;9,8,5;19,16,12,21,5,28;16,2,6,14,27,13;12,13,16,15,17;17,16,22,18;24,0,26,21,2,23,7,29;9,13,7;13,17,2,15,26,1,19,9;1,13,6,14,15;25,14;28,3,25,6,24,19,8,22;17,18,12,24,15,6;16,15,24,26,13;25,26;19,23,8,16;18,11,6;25,18,5,24,7,9,15,27;16,11;26,27;4,1,6;29,27,28,10,21,7,18,25;5;3;20;19,26,27,10,0,21,13,17;4,9,2,16,26,8;25,24,13,26,10,7,3;6,5,21,15,9;24,4,1,22,8;10,8,16,4,28,24;4,29,22,13;20,23,19,0;2,14;19,20;2,17,25,22;16,5;8,29,15;21,10,26,2,5,7,19;8,29,13;8,18;5,18,24,29;0,29,14,26;28,5,25,3;15,11,25;9,18,7,6,4;7,22,14;18,2,3,6,10,25,24,4;28;19,27,29,23,3,0,22,21;25,26,5,0;1,5,20,13,2;22,26,4,21,20,17,18,7;18,20,0,10,14,8,29;14,18;4,9,1,24;0;20,24,21,3,17;28,5,1,17,20,3;9,17,23,19,10,7,16;16,11,14,28,26,5;19,1;7,6,3,0,9,5
24,19,20,23,14,28,4;24,12,25,29,7;1;1;20,8,15,19;29,9,15;20,13,23,21;4;12,7,15;18,14;13,3,27;15,9,20,17,27,19,8,10;27,6,2,7,4,20;11,9,4,24;12,27,9,16;27,6,10,2,29,15,26,17;5,27;8,20;20,1,4,8,11,3;29,28,12,20,10;24,29,7,20,4,9,15;2,9,18,15,10,27;4;23,8;14,25;4,14,15;22,19,4,27,14,29,28;3,0,20,26,15,6,29;12,17,26,19,2,10,23,3;18,10,29,23,20,16,0,25;20,29,0,8,16,2,27,25;3,15,22,29,24,20;15,5;14,5,17,7,13,27,25;2,1,23,15,12;12,17,3,8,1,6;27,12;23,2,8,13,18,3;28,12,22,5,7;18,7,16,9,28,4;0,12,14,15,10;0,7,17,6,29,18,14,2;22,5,9,1,26;22,23,1,20,21,7,25;24;20,1,6;6,27;3,13;23,5,4,14,18,16,0,17;16;1,19,11,8,0,9,2;23,25,18,3,2;8,10,7,19,25,26,28,29;6,25,9;19,11,14,29,16,21;13,25,20,6,7,16,23,27;0,20,19,23,6;15,20,26,25;15,14,21,0,24,12;14,9,24,0,26,23,15,20;19
5,9;18,27,3,7,13,20,4;13,10,25,21;1,21,5,24,10,29;7;26,16,28,17,4,10,20;19,2,5;0,24,25,17;0,5,9,28,21,17;18,5,23,7;9,25,6,24,0,16;1,27,5,10,0,7,11,25;1,21,22,8,6;9;12,3,27,21,5,13;11,3,24,5;18;11,3,25;18,15,20,12,9;26,6,0,27,11,22,21,10;2,11,6;27,14,5,3,20,7,0;9,22,11,18,6,8,21;17,29,6,15,16,14,11,19;24;29,20,0,18,25;10,29,23,9,21,15,26,4;13,19,22,11,16,18;2,14,4;29,17;11,8,5,15,21;6;4,3,14,20,27,1;29,6,2;20,29,16,13,10;9,26,17,12,13;26,13,17,1,7,24,14,5;26,19,27,12;18,5,1,7,10;6,20,8,9,28,19,7;21,19,1,16,13,11,24,27;11,19;3,25,9;6,3;6,29,14,27;28,10,25,4,18,3,7;3;23,24,14,15,9,2;0;7,6,15,18,22;8,6,14,24,11,19;16,8;28,2,1,3,27;1;24,2;11,22,4,13,17,28;14,4,20,5,8,2;6,15,14;5,9,23;21,14,5,2,25,13,10;12,23,9;4;1,13,29,10;15,5,23,4,28,13
6,17,9,20,3,5,11,15;26,15,22,29,12,20;21,13,3,18,11,19;27,12;25,7,5,12;23,28;15,21,28,25,2,6,3;7,19,22,9,2,6,12;29,9;0;7,9,20,19,13,12,29;19,12,20,21,11,6,8;10,6;9,28;4,8,13;9,6,15,23,21,17,13,18;11,27,26;9,18,15,23;15,9,19,25;23,26,12,6;22,19,8,4;1,25,21,12;15,8,6,10;7,28,26,20,8,12,24;20,3;29,25,14,20;1,3,28,11,13;16;17,10,8,19,25,21,11,29;5,3,1,4,13,25;7,16,10,17;17,8,26,27,22,19;6;11,21,17;7,26,29,13,28,4;15,23,21,7,13;16,20,18,21,29,24,2,13;16,1,11,25;1,25,4;24,3,22,21;20,23,2,26;20,15,3,24,2,22,8;21,25,23,28,3,24,1,18;16,1;12,3,5,15;20,15,7,6,24,4;20,3;16,3,19,5,11,24,23
13,1,6,29,24,23,7;16;21,4,0,6,10;15,18;19,15,3,5,23,9,21;22,27,14,20,18;18,5,16,8,1;25,13,7,27;16,27,20,3,2,25,21;19,27;25,12,6,9;12,10,11,19;26,20,24,10,28;12,18,6,26,17;14,5,3,19,28;2,23,13,24,4,1,26;27,22,15,1,21,24,23,26;13,4;24,26,1;22,25;16,1,4;12,13,21;5,11,16,25,8;9,8;3,26,12,1,20,19,23,28;24,7,23,4,10,0,19;10,17;15,27,29,25,12,21,6,11;8,19,11,18,13,2,28;29,26;23,15;19;8,23;9,8,16,13,22,3,4;9,20,24,10;12,21,2,14,17,24,25;3,10,18;17,9,24,18;18,1,0,6,8;5;28,17,14,4,10,26,9,21;28,21,22,29,4;22,20,10,5,16,15,7;5,10,28,1,20,4,13;7,27,16,6,25;22,24;12,5;24,25,2;0,29,11,19,16;21,16,2,18,12;2,29,17,15,1;25,2,21,17
10,29,15;3,25,11,5,26,8;14,19,9,11,29,27;25,4;3,16;12,15,21,14,18;23,7,19;19,18,27,26,7,12,15,6;29,4,19,25,9,27,6,0;1,20,4,29,10,6;27;28,15;19,5,18,24,21,23,11,29;27,21,4,1,3,13,19;10,9,3,19,21;15,10;19,20,3,28,25,6,11,9;13,28,17,7,4,25,15;11,3,1,17,15,8,2;5,22;7,9,19,10,23;13,7;8,29,20;0,24;4,10,17,5,7,24,6,2;25,11,15,3,14;18,28,21;21,19,26,20,10,11,3,0;24,20,8,27;13,12,4,9;9,5,11,12,17,27,23,28;28,18,27;28,22,2,20,26;5,29,4,24,9,0,10,28;12,9,26,21,25,15,0,1;14;19,15,7,6,5,3,14;8;14,4,19,10;19,1,3,7,23;15,10,23;10,12,7,9,6;9,16,26,24,25,19,2;27,9,17,3;27,4,14,13,2,28;8,20;11;28,2,15,26,27,3,14;1,10,18,17;4;22,3,17;25,12,6,11,9,2,16,18;15,2,26,1,5,17,19,29;2,29,10,13,16
19,12,5,7,15,28,9;12,2,25,29,5,3,18,16;24;22,4,0,17,11,6,12;1,18,26,15,10,13,6;5,21,2,6,13,12,4;24;14,3,27;22,19,21,11,7,13,24,4;19;14,22,18,10,0;17,28,26;27,23;23,6,1;28,13,18;12,17,2,19,7,22,1;0,15,9,23;27;14,9,18,22;29,7,14,15,18,21;3,16,26,9,6,24;12,2,5,1,26,3,21;29,24,28,10,8,23,6,1;1,25,13,11,16,21;3;18,15;12,0,25,5,11,19;21;27,24,20,15,1,8,2,28;17,13,16,21,29,27;24,2;28,6;22,4,16;12,21,7,17,19;18,15,16,7,8,29,24;4,0,8,14,3,13,10,12;9,28,3,0,29,4;6,17,4,0,12
20;25;0,26,11;21,25,13,20,23,12,2;13,14,29;13;10,29,11,17,13,16,12;7,3,20,0,14;22,3,6,16,20,26;15,16,19,2;23;11,16;1,0,11,3,23,21,26;16,25,22,7,14,2,23;5,16,3;22;18,10,19,24,21,0,9,16;5,16,10,4;13,14;13,7,1,11,12;0,24,2,8;29,25;29,15,7,8;0,29,15,13,25,4,28;20,26,29;15;29,13,20,3,14,7,21;20,24,7;7,13,10;9;19,17,2,24,22,13,28;23,0,11,21,5,25;17,7,25,2,29;6,0,21,24,4,2;1,14,27,5,11,2,25,29;28,11,20,29,10,0,23;18,2,7,22,9,5,15,29;24,9,14,23,25;12,21,24;15,7,29;25,7,5,21,0,1,3;8,29,10,20,6,17,23,27;19,29,4;13,0,28,9,1,3,2;22,8,21,7,11;18,15,1,14,10,4;28,27,2,21,19,7,11;24,2,16,20,7,13;15;29,12,8;8,12;4,14;25,18,15,5;6,10,13,7,22,8,5;21,17,2;17,22,27,5,6,25,10,18;2,8,29,20;25,7,26,5,24,2,17,9;24,10,8,1;13,12,4,1,21,29,7,11;16,0,8,22,13,10,19,25;8,11,27,24;6,11,14,9,26,25,16,22;26,27,20,1,2;5;22;29,8,26,24,7,4,20,23;14,6;4;1,29,3,24,18,15;2,26;11,23,0,20,3;29,15,8,9;24;11,7,2,9;10,7,25,18,12,8,28;1,23,18,2,3,5,28;19,3,17,22,13
20,27,26,15,28,22,12;21,11;0,28,13;25;8,1,11,6,18;12,15,29,7,20,14;0,16,19,20;5,2,27,12,18,0,8;26,8,6;22,21,0;2,22,17;27,24,22,12,4;14,20,28,4,16;22;17,15,0,7,2;28,19,25,17,7,26;4,10,9,8;0,6;20,16,26,6,11,27,29;14,6,25;2,24,29,0;1,18,16,14,23;15,22,29;5,20,28,21,8,10;26,2,11;3,6,22,26,14,16,27,19;12,16,7,6,1,25,19,29;27;5,4,8;7,25,1,4,2,26;22,25,9;13,27,4;29,15,14;9,22,12,8,25,0;0,6,29,9;20,11,13,24,18;17,5,28;2,10,24;1,15,19,5,20;13,10,4,22,8,21;6,9,21,22,26,0,27;0,10,18;19,4,8,18,20,26,21;9,5,10,19,7,16;24,26,15,29;4,21,11,20,8,7;8,13,20,5,22;1,9,13
17,18;4,0,7,28,9,22,12;16,10,12,6,14,7;29,6;14,13,6,7,19,0,18,17;25;2;13,1,10,11,22,9;28,27,0,26,11,12,13,17;6;7,10,19,25,18,15,1;27,4,7,14;22,24,27;22;4,11,25,9,16,17,5;19,29,18,9;1,4,0;14,1,18,25;15,12;20;17,4,8,24,18,26,11;23,9;21,7,8;12,1,13,23,21;6,3,23,16,11,12,8;15,25,9,21;3,2,26,20,7,4;17,4,26;25,18,11,28,26,15;20,2,14,25,27
20,1;13,21,22,18,20,10;12,16;8,11,2,13;24,27,11,2,26,12,20,5;25,29,1,28,19,14;12;23,11,13,16;4,0,28,24,14,21,10;8;23;2,13,9,7,14,17,22;19,28,6,21;9,10,14,13;19,10,28,7,3,22,1;12,10,13,25,18,26,28,9;8,12,13,9,11,26;28,5,27,1,18,20,6,7;8,3,19,10,22,2;22,23,21,24,14,1,13,15;26,2,10,13,28,5;6,18,0;8;5,13,19,12,17;17,6,21,0,15,10,24;23,18,8,0,28,17;2,16,15,14,18;6,20,21,26;2,23,10,11,29,22,6,1;19,2;22,27,21,16,1,18;6,18,23,24,8;19,23,1;14,26;27;2,17,5,8,18,21;29,6,22;3,19,9,12,25,22,23,16;0,23,7,5;23,25,29;27,28,22;29,20,19,8,13,16,6,28;11;0,18,12,22,3,9,17;17,16,0,13;24,18,3,23,25,27,12,20;23,2,8,13;17,27,18,2,8,20;12,4,15,9;23,6,21,2;0,27,21,20,12;16,23;5,25,4,21,15,22,2;23,26,6,20,4;25,21,23,16,20,24,13,19;26,23,17,7,14,15;7,13,22,18,23,11;15,7,18,1,29,10,2;14,28,29,4;21,9,23;16,10;14,28,7;25,15,29,28,18;7,2;17,11;9,29,16,2,22;9;0,18,29,12,25,8;16,0,28,22,2,3;26,25,11,10;5,3;7,5,2,24,14,22;15,12,9,24,5
21,10,2,28,22,24,19;23,7,29,22;8,22,26,27,4,1;12,13,21,7;4;26,9,13,12,2,11,10;3,19,18,24,4;19,24,20,12;29,4,14,21,7;3;16,23,17,29,7,25,26;0,12,1,15,21;2;7,21,4,15,20;0,2,14,24;7,5,13,22;12,11,6,13,20,22,21;18,19,12;17,25,9,16,26,6,3;25,9,7;20,9;26,4,2;14,8,0,20,12,17,23,24;3;16;11,27,10,16,1,18,8,3;1;6,8,17;4,27,26,23,12;14,23,20,8,18,21;0,15,21,12,8,6;23,20,5,6,28,22;26,9,2,27,7,1,13,22
1;19,15,27,23,2,16,28;9,22,28,26,5,7,0,4;8,19;7;29,24,5;13,16,27,29;22,4,15,29,6,13,9,14;16,20;27,21,8;5,4;11,10,4,19,22;2,20,10,5;13,2,27,12,14,24;9,8;15,11;1,19,27,9,23,4,6,2;12,19,8;29,27,28,15,0,26,25;12,14;22,1,7,3;2,8,12,5,27,28,24,3;0,29,3,8;16,28,0,11,8,12,7;25,6,8,23,17,28;7;20,23,3,19,2,1;9,10,15,29,19,7;6,3;17,0,27,13,14,21;24,26,3,25,12,22,0,5;14,21,5;7,15,18,20;24,13,2,5,27,11,20,19;8,25,29,11,2,24;5;6,4,21,16,26;14,16,28,10,19,7,13,29
29,25,22,23,13;4;8,1,26,25,11,4,28,3;7,0,23,1,5,27,18,25;1,23;0;24,13,21,27;29,5,17;23,27;9,6,12,20,5,18,7,4;11;19;15;14,26,17,19,4,13,7,29;2,23,21;12,8,20,24,16;22,23,15,27,16,3;17,14,23,13,15,26,1,19;18,3,8;11,26;6,1,3,22,9,17,14;17,12,9,24,26,4;2,27,17,1,24,10,5;27,1,11,2
15,18,16,2,7,11,19,1;19,27,17,21;13,5,8;13,6,1,28,24,26,3,4;27,17,11,21,2,3;21;6,2,12,18;23,25,28,26,6;18,15,27,1,2;27,20,9,11,22;20,16,12,25,2,3,22;15,25,3,1,12;20,24,25,7;23,8,25,4,19;2,0;7,27,11,23,5,22;2,28;10,26,5,22,11;1,25,28,18,22,6,13;18,25,14,11,4,1,26,5;7,5,14;5;18,3,0,28,16,4;7,20,21,5;7,26,24;3,19,15;18,22,6,23,21,27,9,15;11,28,9,7,27,8,15,16;23,7,13,17,14;6,10;1,11,4,28,18;4,6;2,3,6,18;21,26,4,8,3;23,24,4,12,0,3;21,1;4,17,2,1,27,20,11;20,4,12,16,1;15,11,19,27,5,21,10;6,19;4,9,7,3,1,20;27,5,3,18;20,17,10,4,28,2,19,22;4;12,7;23,17,3,27,19,10,13;6;28;19;22,2;22,5,9,14,8;1,23,2,19,25;28;7,8,25,23,17,24,2;18,0,24,10,1,5,28,16;29,4,20,27,26,18;13,29;13,14,23,6;2,17;6,15,29;21,11;11,26,16;1,12,8,3,26;17,28,15,16;24,11,2,28,5,16,19;16,22,25;9,10,24,29
29;2;21,5,18,19,2,16,15;16,14;1,7,17,4,0,26,6,2;17;16,28,25,14,24,13,23;14,26,2,20,5,22;18,3,12;19,25,12,15,16,18,7;26,19,25,13,0;6,3,2,16,21;16,12,18,13,5;18,23;14,18,13,4,25,5,26,10;19,13,0,2,7,18;6;4,23,28;12;17,27,21;27,14,13,17,23;15,19,27,22,12,9,4,18;9,20,5,29,14,10,13;21,4,7,19,28,17,18;14,6,18,1,23,5,2,10;24,3,17,6,16,22,7,2;5,4;1,3,19,21,26,18,12;1,2,23,26;3,22,5,19,9;6,17,26;8,14,16,1,15,22;13,12;2,15,18,11,9,1,25,13;7,22,28,13,10;6,8,27;18,13,10;6,26,10,7,2;7,28,3,26,14,13,23,0;20,27;17,15,4,12,9,25;5;18,10,2,11,6;10,6,5,12,7,27,11;7,6,2;20,19,7,8,18,15,5;20,3,19,8,22,15,9,6;2,11,18,15,25;25,13,9,5,8,22;29,1,12,25,21;2,9,15,18,5,12;28,13,16,26,20,8,9,7;8,6,11,15;23,7;29,6,4,28;5,22;18,7,15,5,26,10,25;22,11,19;13,4,6,23,9,20,14;10;7,9;5,20;20,11,29,4,19,3;4,8,13,19;21;15,5,17,13,22,2;27,11,19;9,4,14,27,20,21,25,7;3;21,11,16,4,14,9,25,26;12,14,19,8,10,13,2;4,6,22;22,12,0,16
28,1,9,23,12,29,18,4;16,12,28,18,8,2,1,10;17,0,19;23,1;3,21;15,1,23,13;13,25,16,21;17;15,13,1,14,19,25;8,12,10,11,4,2,1;22,9,21,26,25,18,19,17;10,11,6;27,22,29;25,12,24,9,23,18,21;8,15,5,26,9;25,23
8,5,17,14,19;9,6,5,16,24;15,9,24,16,4,12,29,28;9,24,15,6;27,0,15,8,14,7,10,4;17,15,8,1,26,19,0;3,5,26,7;25,13,9,3;5,26,11;29,4,5;26,25;22,25,19,27,24,21;4,11,16,15;23,11,27,3,5,16,14;1,21,25,4,2,16;17;15,9,27,29,19,11;8,19,18,9,0,2;18,26,19;11;25,6,19,18,7,9;8,23,0,19,22,17,6;14,0,17,3,29,1;23,17,24,12,6,2,4,20;28,10,22,29;7;8,20,3;23,12,19,0,11,28,10,25;21,16,2;22;5,28,10,0;25,9,14,5;7,1,25,22;0,9,19;5,6,11,23,14,0,15,4;28,1,26,27,2;20,27,26,23,29;24,25,5,9,1,10;14,23,8,18,21;8,28,5,15;2,28,13,6,19;25,17,5;14;1,13;26,18,13,27,7;8,27,24,14,28,25,12;20,24,5,15,2;13,14,4,2,28;20,17,14,27;8;21,0,7,20,9,28,4;10,4,12,21;19,12,5,28,13,26,11,10;26,19;27,14,5,8,1,10,19,24;28,18,29,5;17,21,29,24;27,6,28,13,23,24,10,20
5;4;14,26,5,22,3,19,28,29;1,6,15,2,8,0,13,10;27,7,5,4,2,13,23,22;5,8,6,10,9,23,16,27;26,7,0,8,23,13,11,12;17,0,4;8,15,1,9;25;8;7,1,28,21,24;21;14,24,2,20,18,3,11;28,16,7,13,26,11
19,3,28,0,26,24,21,1;20,19;7,26,9;6;2,7,20,0,18,28,23,22;21,8,11,3,26,0,29,7;2;22,5,6,16,29,3,23,14;4,28,20,1,2,26,19,0;2,29,0,28,6,21,27;23,13,3,22;20;14,28,11;18;3,17,29,27,22,5,19,6;11,12;11,24,8,18,3,21,29,27;18,22;23,8,7,16,4,17,3;1,5;6,25;7,19,24;15,16,23,21;4,22,20;20,5,2,28,0,25;9,12,22;19,5;24,21,26,1,2;8,13,16;3,4,10;14;27,19,0,26,11,5;25;21,14,4,15,1;6,1,20,26,21,29,5,14;23,21,22,25;26,1,22,15,4,7;2;22,29,27,16,8,2,20,25;20,19,21,5,23,3;10,9;12,10,2,19;21,20,2;9;9,29,11;16,9,20,4,10,23,22;10;27;8;20,0,16,25,22;16,18,13,3,10,5;0,12,16,4,5,21,3,24;29,12,1;17,3,8;10,21,17,15,26,18,22;29,9,18,5
26,21,16,23,5,29,14;15,21,18,4,26,9;2,12,4,16;15,29,17;13;25,21;18,10,0,14,3,25,4;0,25,12,14,15,27,5,20;27,13,21,20,10,25,5;16,15,29;16,25,26,5;6,21,11,27;28;9,26,13,20;6,29,21,28;10,16,0;25,22,12,14,4,26,29;8,0,26,27,12;15,20,17,9,19,2,29;8,11,21,14,16,5,22,12;21,2,7,0,29;6,5,10,25,19,15;2,27,28,21;10;0,15,1,16,4;19,6,26,15;22
27,28,21;29,0,13,3;20,16;29,12,14,0,13;10,2,5;3,2,26,21,17,11,27;9,20,19,18,21,12,27;7,19,0;5,10,1,29,7,21;5,2,12,25,27,16,14;21,19,26,14,3;21,20,19,2,7,9,16;9,20,1;5,19,6;29,3,27,7,1,16,21,15;2,10,22,11,29;28;20,14;2,17,28;23,17,25,0,28;7,20,18,24,11,16,25,21;9,14;1,21;20,1,16,3
8,25,23;2,23,8,3,24;13,27,16,5,10,6,14,23;5;13,2,23,18,21;6,4,17,0,13,27,3,7;4,14,18,26,16;10;17,22;16,13;3,26,23,0;9;27,29,28,11,3,19,7;27,12,15,21,29,2,4,18;9,25;24,21,5,3,27,12,20;8,27,21,5;3,25;0,19,27,28;22,1;26;17,29,21;4,24;22,23,8,7,16;19,24,2;24,9,3,1,12,7;17,0,14;1;23,0,19;15;22;14,23,1,9;16,8,4,10,19,24,29,11;4;17,24,23,14,28;11,9,26,18,20,23;19;7,25,11,27,5,23,6;26,16,18,8,25,14;27,20,7;17;21,5,0,26,11,19,12;4,5,23,13,1;10,24,26,19,28;0,27,7,14,19,6,23;5,25,1,21,22,7;23,4,2,16,29;4,27,3,14,11,28;7;1,14,4,20,10,24,17,0;27,10,24,20,21,15,9,4;5,9,24;5,25,4,16,7,9;2,1,0;1,14,17,0,3,12,18;6,19,16,1,9,15;25,22,10,26,6,16;12;23;16,6,3,10,18;27,3;20,22,25,10,5,1,27,12;27;4;5
27,3,5,22,29,17,19,6;25,26,16,0,9;29,6,22,0,26,25,16,5;21;23,19,27,11,21,2;7;1,7,9,22,23;20,4,12,21;15,5,8,11,22;23;16,28,29;1,11,4;10,5,29,1,28,24;21,3,10,20,9;22,3,17,10,15,13,2;24,6,3,26,21,11,23;9,28,20,4,24,25,17;15;13,10,24,0,12,9;28,14,11,6,4,21,24;26,29;2,22,4,17,20,24;29,18,24,13,2,23,11,25;20,7,1,10,23,17,21,4;11,10,2,14;22,4,26,20,23,7;20,3,12,6,27,29,15;1,28,8,10,25,0,20;1,7,25,13,18,4,0,14;14,22,26,21,10,8,0;13,24,0,3;4,12,13;6,18,7,2,15;14,24,16,25;2,29,19;23,11,5,24,12,29,0,18
25;13,28,5,7,29,19;11,2,20,12,1,14,6,28;24,2,11,15;4,12;28,23,4,9,6;5,7,23,12,13,18,0,16;14,8,20,25,9;6;27,26,14,16,0;23;29;27,10,28,20;9,12;15,18,6,1,20,13,19;24,23,14,19,29,16,15,17;16,11,9,5,3,14;3,0,28,23;12;15,14,5,10,23,26;28,4,17,1,15,9,21;3,26,8,5,13,19,25;2,28,27,1,6;17,16,22,23,7,21;13,4,24,12;0,9;4,8,29,9,11,12,2;24,25,15,11,28,9,4;11,18,15,29;19,7,22,4,11,2,27;14,18;12,10,14,7,17,8;14,10,22,24,13,15;23,6;21,29,11,25,9,8,14;28,26,4,6,19,16,25,5;10,22,6,11;10,11,0,2,6,28,15,1;7,11,22,25,0;12,27,26;0,5,21,16,15,26,12;15,21,27,16,4,10,2,20;0,11,21,29,13,22,24,12;28,6,5,21,22;0,16,24;4,20;17,11,20,6,2;6,4,10;0,22,8,20,24,25;16,5,14;7,0;22,29;3,22,18,12,17,6,9;9,11,0,12,22,24,14,7;26,17,12,3,14,23;13,22,15,20,3;20,21,23,16,1,12;25,18,5,21,2,4,26,13;9
0,28,27,24,15;23,5;27,17;1,9,19,12,8,29,16,14
29,1,28,9;1;22,8,4,16,6;2,3,25;25,17;23;11,13,8,23,28;28,7,9,21;9,6,26,22;26,28,9,8;24,4,26,13,18;25,8;7,25,22,19,0;14;6;29;19,22,25,9,28,2;26,7,20,15,22,28;1;13,19,0;13,1,7,15,27;26,28,22,11,0,20;20,15,16,18;13,12,10;0,23,1,14,28,6,10,9;26,7,28,2,29,19,5;6,2,20,25,0,27,13;28,5,4,3,14,13,22;3;10;27,22,20;7,19;10,0,19,28,24;19,13,6,9,17,22,21;6,25,24,16,3,19,23;15,25,12,14,0,24,28;10;27,18,15,4,9,19,1,2;11,23,26,20,12;15,26,18,1,5,4,22,17;27,22,17,10,11,28,5;2,16;23,8,5,28,13,11,17,1;7,21,11,28,5,17,22,1;26,29,25;5,13,14;13,12;1,12,0,11,19,16,18,4;16,18,0,25,22;27,25,14;23,26,22;17,10,28,2,4,27,13,19;18,2,26,25,19,17;9,0,3,6;16,11,14,28,15,3;3,7;13,17,7,15,20,29,24;24,19,22;25,6,21,5,19,13,11;29,18;19,5,13,15,8,21,14,11;2;10;16,19,15,10,9,5;0,9,24;2,11,5,19,16;7;6,9
0;27,20,26,18,13;2,3;5,24,10,9,4,3,19;3,26,17,13,22,15,11;0,20,13,3,7,1;1;20,15,18,21,6,25,1;27,2,28;7,26,15;7,23,25,10,0,22;6,10,4,24,25,12,8;5,4;0,24,12,2,15,22,26,6;1,9,15,21,14,18,12;10,6,24;23,29,26,0,15,24,20;27,4,8,2,26;21,18;1,11,7,19,28,4;16,21,25,22,4,11;23,26,14,3,1,0;23,0,27,7,16;24,8,2,9,12,27;17,16,29,21;22,13,6,28;3,2,21,19;15,2,19,1,12,8,24;19,13,22,18,1,26,25,6;6,3,8,12,15,0,24,19;16,4,2;27,20,13,2,5,15,28,7;19,10,17;26,15;29,27,20,0,3,25;18,3,19,17,25,24,21,23;20,28;0,11,26,28,16,18,3;23,5,3,10,29;28,14,4,25,29,21,26,23;11,12,20,29,18,26,4;11,17,20,27,19;16,14,22,15,17,2,27,3;3,28,22,23,17,8,24;19,10;9,27,2,28;15,10,2,27,24,16;10,25,22;0,28,25,5,26,9,27
8;17,7,10,22,19;26,19;6,13,26,4,2,12,5,22;15,29,17,5,18;27,1,25,6,20,14,21;7,16,28,9,23,15;0,14,23,17;8,23;3,29,9,11;24,15,27;7,4,17,29,16,19,21,9;2,19;3,9,29,10;26,14,15,7,24;19,22,6,11,21,26;6,23,22,27;23,19,26,16,25,9,12,8;2,7,19;27;21,12,24;3,9,27;17,7,2,26,10,22;27,21;0,22,8,17,6;11,2,4,16;16,9,14,6,19,11;14,1,28;0,10,9,15,8,13;7,10;22,12,29;19,0,1,29,25;21,27,23,25;26,16,2,18,22,5,19,15;23,8,18,27,0,11;18,26,28,13,1,4,19;4,1;18,6,12,14,5,29,3;9,22,17,12,29;21,6;6,13,10,22,12,4,1,11;23,2,3,26,17,13
14,7,25,23,20,3;5,22,18,14,10,20;20,28,14,9,4,13,8;19,18,21,15,25,7,20,26;10,26,29;7,26,23,10;10,15,16,23,29,22,18,2;22,7,25,21,14;21,14,25,1,7;24,4;21;4,15,8,26,6,24,5;23,6,16,20,22;29,16,17,20,12,7;27,24,29,8,19,3,1,20;7,25,10,17,23,28,16,18;19,1,2,28,3,22,21,27;27,8;0,13,22;13;13,27,14,15,6,29;10,25,14,3,2,9;20,16,0,11,14,7,12;14,11,15,8;18,3,9;9;20,3,2,6,5,8,17,7;9,25,15,14,7;24,21,28;29,2,18,24;7,27,16,26,9;8,29;20,13,9,6,8;1,29,2,14,5;23;15,7,11;21,6,28;14,4,25,23,18,24;2,13;6,21,15;6;23,16;18,6,24,1,26,13,9,16;3;6,24,18,19,16,5,10;10,27,9,16,12,6,15;20,28;17,25,0,8;14,1,2;16;15,25,18,20,7,13;24,23,12,22,7,10,0,29;9,13,12,21,28,11;0,11,7,22,6,24;9;19,7,16,13,1,26,18;25,16,11,23,17,12;27,24,7,2,1,21;11;1,13,3,15,21,4,27,6;2,8,28,5,14,12,3;10,27,19,21,5;22,10;24,22,14,28,13,1,12;0,28,23,18,12,9,13;7,12,17,19,13
2,28,11;15,24,11,20,18;13,7,16,8,28;29,7,22,23,13,24,12,3;14,29,23,27,21,13,3;16,29,17,25,22;21;15,21,29,19,9,23;12;9,27,29,14,20,16,10;17,15,23,8,4;0,6,22,11,23,2;17,15,9,23;25,15,0,2,4;15;4,24,26,16,29,7,22,12;3,25,4;2,4,15,7,8;27,2,0,23,25,15;25,6,24,10;11,14,4,25,5;26,9,1,4,14,27,20,22;5,20,8;2,14,25,24,9;8;18,6,3,15;24,6,2;18,2;13;29,13,2,28,14,21;20,10,23,24,7;1,2;22,24,7,19;27,28,16,14;7,1,0,2;7,4;11,20,25,15,5,12;23,17,14,21,15,9,22;10,9;29,4,2,22,7,21,24,11;11;5,16,28,19,21,25,0,20;1,9,0,27,26,8,12,29;3,7,23,24,17,5,22;27,8;19,2,21,14,5,7,24;16,25;20;4,3,11,19,23,16,25,20;5,14,2,9,4,20,1;20,24,2,27,19,11;21,17,29,8,15,12;1,23,6,12,9,5,18;26,10,19,13;0;13,5,12,7,20,10;7,14;20,4,2,19,18,17
18;29,14,7,10,8,18;28,29,27;10,4,19,17;12,4,2,9,22,24;6,9;24,10,9,12;3,23,10,16,13,12
