52,1,66,95,91,2;50,16,22;51,63,43,12;22,81,96;5,45,88,43,0,87;61;82,25,18,94,63,34;84,19,21,97,87;64,5,68,55,41,38;46,40,63;47,3,41,10,79,64,52,94;71,26;26,62,40,82,45,6,8;35,46,33,42,58,38;42,73,12,64;28;17;32,18,86;71,93,51,99
83,52,37,18,87,63;80,82,89,45,75,13,74;87,81,37,73,89;98,3,76,58;67,88,40,79,66;95,3,80,15;10,97;0,46,61,24,34,86,70,87;2,1,44,48,3,62,70
69,43,18,48,42,99,70;84,9,5,38,32,66,7;29,34,91,11,23,8
59,44,74,73,38,99,7;33,95,65,51,30,55,69,37;18,85,56,46;23,33,34
52,31,47,23,33,6,90,66;9,46,32,58;89,64,85;73,41,10,0,72,82,95;51,54,50,15,62,76;40,56;54,40,72,42,86,38,59,15;77,89,3,37,91;98,60,55,20,13,54,49;34,26,22,71,90;31,85,26,27,84;95,89,41,59;14;9;47,33,88,37
50,5,65;39,42,45,59,23,41,56;47,60,67,48,21,13;74,70,91,98,95;25,24,94,35,68;74
3,67,69;67,24,15,34,96,53,78,13;54,33,43,7,37,34,0;0,22,18;57,50,8,56;49,16,15,94,81,14;95,17,84,27,4,25;78,19;60,77,79;62,91,72,52,0;2;32,12;36,16,72,57,92,61,56,73;14,15,56,39;44,18,16,34,67,83;1,33,39,70;98,7,8,82,74;93,59,69,49,80,66,98;24,26,21,99;86
10,44,18,54;39;29,19,61,39,98,93,77
16,99,70,23,11,33,69;30,9,51,49,20,74;91,48,12,88,19,22,98,26;40,15,62,46,56,58,82;66,77;75;86;13,6,35;36,44,31,75,59,30,17;26,95,36;15,57,2,55;26,77,6,47,28,61,91;73,22,24,59,41,17;11,3,27,4,25,34;58,29,44;40,94,68,9,90,74,24;92,7,0,23,3,27,52
37,92,25;80,32,86,3,95;60,32;9,69,51,87,57,48,4,14;27,32,46,69;24,98;94,57,5,1,25,83,10;38,20,93,13;39,21,50,43,80,64;74;34,99,96
44,16,89,74,13,57,4;53,33,43,64,75;74,68,70,32,48,80,35
87;83,2,28,82,58,73;19,50,38;86,92,35,61,8,34,44;63,26,5,36;0,83,48,90,25,54;85,33,48;18,66,1,81,73,83;87,12,22,3,23,29,4,96
0,34,25,29,56;83,31,44,28,32
29,1,88,94,66,15;61;86;65,2,17,3;66,73,18,57,9,21,83;40,67,69,27,25,46;58,11,40,85,79;29;1,45,47,51,58;41,68,27,46,36,80,63,29;89,91,96;82,51,89,61,78,26;3,86,5,63;23,85;90,55,70,69,65,11,95;0,77,7,65;55,84,93,81;38
11,40;10;36,11,80,84;49,7,23,26,95,75,56,77;20,74,38,8,21
41,83,62,64,65,29,51,79;54,12,21,28,50;60,3,93,45;41,68,89,26,25;31,52,15,3,59
17;92,65,41,53,16,47;74,21,94,99,92,63,51,73;74,85,94,7,1,12,11;84,61,91,37,92,64,0;36,62,40,68,17;48,75,39;23,95,35,26,7,34;60;71;5,59,41;41,61,69,50,46,79,27,83;96,13,24,65;65;36,62,23,17;48,16,71,99,78,0;44,75,64,63,91,82;99,64,92,40,93
12,52,44,18,26,78,42,82;35;57,83,81;98,10,5,66;88,76,71,9,14,70,72,64;58,53,56,81,36;92,44;6,27,35,99,83,49,75,3;37,56,10,27,74,42,2,5;8,40,60,20,36,88,21,89;22,94,28,92,96,53;86,58,82,63,57;45,91,26,17;67,52,37,76,40;5,28,10,91,61,90,24;37,67,57,68;65,4,72,70
33;25,17,56,58,72,7,70,4;32,11,87,38,62,75,54;91,95,55,87,92,75,82,42;22,18;14,29,18;19,83,32,44,42,60,36,18;5,57;16,26,48,23,50;24,68,98,82,83,78,72,93;26,16,89,38,47,91,23;75,25,54,59,74,48;2,89,57;10,87,20,41,42,4,39,89;35,70,79,5;73,53;99,46,8,52,28;29,78,54,50,62;62,16,48;53,48,20,7,82
53,47,11,43,2,13;46,27,78,62;43,83,46,25,8,45;48,11,3,58;47,78;16,29,90,66,30,72,11,12;58,85,4,38,10,8;51,81,68,2,58,99;8,66,38,42,70,93,15;52,44,60,28,13,10,79,0;4,46,79,1,0,51
0,93,17;51,17,92,70,95;50,52,89;7,64;11,13,48,78,84,86,58,97;40,15,42,30,97,35,86,37;52,65,74,42,77;1,45,8,28;23,39,11;67,8,36;43,10,31;75,12,88,23,74,31,97,16;47,32,43;83;57;87,65,56,52,18;94,63,97,50,2
60,24,16,0;92,5,28,99,6;66,52,45,33;11,8,35,46;83,44,88,60,67,2,89,62;33,69,3,16;93;9,96;38,25,29,84;2,32,71,88,67
34,98,54;4,1,12;34,8;33,90,19,57,29,89,66,93;30,28
11,38,1,64,35;84,79,16;23,26,25,38,10;41,30;49,68,9,96,23,12;12,4;47,48,16,15,9;93,49,57,19,29,98,59,74;2,35,19,95,89,31,70;66;14,93,66,28,29,85;33,97,75,56,61,31,28,36;97,0,30,35,43,50,38,40;73,57,76,62,60,25,9,38;15
64,38,56,11,46,82,94;25,19,41;75,92,31,62;52,46,76;14,23,17,44,57;77,91,72,98,74,62,59,28;59,67,78,16,58;66;60,90,30,86,43,32,68;65,82,38,67,2,76;49,98,41;45,26,63,2,81,10;3,32,76,50
2,16,17,74;91,34,96,87,4,81,38,60;1,66,34,97;33,7;86,74,25;9,95,6,57,79,27,92,44
48,49,46,92,10,82,2,38;57,11,61;94,21,28,1,52,26,83,33;79,72,31,91,84,25,18,68;41,95,82,24;90,31,16,4,85,82;42,40,92,87,16,44,2,37;37,83,21,57,69;45,50,17,34,1,56,61;7,71,68,21,99,94;59,42,88,9,52,63,6,97;58,56,0,46,33,12,57
41;65,92,43,12,69,76,37;98,62,9,8;76;80,39,37,33,91;80,64,22,20,75,79,12,77;10,22,13,47,8,14;29,49,25,32;4,27,44,78,40;60,53,43,59,48,91,71;28,43,56,74,52;42,89;18,97;52,6,24,53,82,1,8;74,93,50,65,11,1;15,8,94,45,39,40,22,67;92,42,2,0,45,79,46;11,28,75,95,14,82
30,98,82,35,60,62;73,22,34;98,63,41,94,50,93,14,64;54,7;47,70,64,57,61,86,22,5;2,87;34,90,33,32,78,30
50;56,32;69;48,45,2,80,79,73,5;92,38,37,62;21,66,28,41,29;29,35;89,92,91,26;88,75,25,89,4,42,28;43,75,74,15,64,10,19,60;6,93,37,10,69,41;66,10,29,68,72;58,50,95,8,24,54,55,79;84,42;81,8,69,57;72,52,60,51
26,43;55,42,2,49,16,36,58;68,88,78,18;42,95,4,65,83,38,27;9,17,0,46,93,42,24;28,47,98,44,79,5,48;19,75,39,20;72,70,64;6,9,27;57;46,82,53,74;84,75,53,19,47,72;90,18,52,86,32;4,95,74,57,26,97,87,18
64;69,1,29,89
17,46,28,24,34,65,79;62,66,37,16;42,78,71,36,1;37;53,75,97,79,48,52,10,26;47,5;61;34,73;42;49,73,16,27,65;92,52;83;46,97,51,83,99,45,71
30,58,98,5,92,55,96;3,1,53,32,73,41,22,96;0,73,9,98,79;29,86,9,62,3,25;72,5,12,57,11;71,7,70,17,23,41,72,12
42,51,83,33,24;1,19,26;50,41,47,69,82,6;3,43,24,0,86,68;83,49,21,32,58,52,39,95;3,93;24,68,61,45;31;27,39,53,72,80,90,5,31;93,33,94,85,16,23,62,35;37,91,13,18,70,36,53,50;51,92,57,94,62,79;95;75,91;86,2,16,12;89,98,77,38,67,29,94
93,6,53,90,92,3;64,56,58,72;42;72,58,84,71,25,76;94,10,68,14,45;91,56,38;77,51,19,99,39,66,44;7,83,88,72,61,48,19,15;6,65,36;3,73,19;58,24,12,64,41,2,61;63,30,5,73,51;61,43;94,68,15,78,40,21,14,92;25,39,90;51,6,64,45,23;61,19,84,0,64,47,65;68,11,46;55,3,76,21,68,91,57,54;75
75,7;88,65;78,58,4,25
33,45,91,70,32,12,1;77,61,49;0,45,53,88;25,70,22,27
12,8,27,7,92,58;88;17
39;5,69,53,64,68,58;81,55,32,47,10,79,68;95,37,7,43,76,2;45;74,62;88,73,52,85,9,3;7,59,43,45,57;55,23,65,76,75;62,43,89,64;93,16,63,62;13;22,63,47,85,58,19,82;53,72,61;69;29,67,49,92,27;43,49,25,65;68
52;9,99,94,66;47;49,0,23;58,32,99;88,92,86,31,5,91;95,19,27;16,7,25;52,48,21;67,46,4,98,63,73;58,43,41,31,70;6,3;10,70;32,80
83,8,88;82;4,26,68,55,31,54;85,53,49,8,13,0,39,51;80;7,34,40,56,30,8;24,15,50,2,16,84,96;51,18,89,98,82,74,7,9;0,64,26;90,30
3,94,23
21,61,50;82,43,96;2,43,73,4;92,58,90,72,37,41;37,17,9,33,16,77,10,18;35,94,4,89,99,1,49;16,11;32;4,96,10,39,49,52
9,35,46,80,91,49,48,71;25,13,49,14,41,33,16;37,1,74,71,11,84,24;73,13;85,45,36,15,25;16,5;79,89,19,55,32,36,28,85;94,13;76,44,60;77,92,34,9,46,53,42,70;75;39;40,0,37,91,33;90,35,76,37;72,32,42,28,83,84;13,32,45;95,99,33,28,92,32,91,61;62,8,17;24
66,27,33,49,54,48;27,47,72,68,35;8,56,25,89;68,32,41,38,33,67,69;72,34;39,9,62;78,59,77,32,13,95,67,11;35,66,76,16,13,37;67;53,86,22,88,17,5;50
33,84,26,92,76;24,46,77,97,38,10,47;50,15,61;17,15,76,1,21;62,77;34,37;56,59;62,3,24;87,99,77,18,81,47,2,49;66,33,26,40,69;13,44,57,96
10,58,73;93;63,82;47;23,44;93,35,67,40,92;3,53
84,43;1,61,44,53,83,22,95;15,50,45,52;76,83,81,33,44,1;69,58,1,11,8,85;81;30,69,21,50,70;85,11,78,70,57;75,72;90,45,56,42,28,52;92,98,29,50;85,31,34,72,22,60;97,49,20,64,86;10,86;16
4,42,91,2,7,46,34;21,85,58,81,37,95;31,48,12;84,9,18;31,62,27
