6,1,29,10;4,17,20,28,23,5,26,8,16,24,21,3,14,18,2,6,7,1;15,17,5,14;2,8,7,4,14,15,29,19,28,18,17,9
17,8,19;0,5;26,7,23,19,6;29,13,22,4,9,24,11,8,18,2,12,7,20,27,28,1;21,6,22,7,3,13,19,25;18,5,11,26,4,22,16,19,6,24,14,0,9,29,20,13,23,28,15;22,19,3,21,11,5,8,7,17,9,26,4,13,29,10,16;15,12,5,9,11,3,23,22,29,7,25,26,28,8,6,14,0,17,2,24;20,19,15,27,14,9,8,10,16,11,29,3,25,7,22,12,13,24;20,25,19;19,29,4,8,14,23,22,2,16,13,26,0,9,11,18,17,20,3,5,6;21,19,12,4,24,28,2,9,16,20,6,1;26,24,27,3,0,23,9,14,29,7,19;19,1,20,3,18,8,26,15,22,21,6,4,29,17,27,9,16,11;20,9,25,5,18,15,17,16,26;24,2,5,17,27,28,19,26,21,22,10,16,12,9,1,25,15,18,3
14,3,29,16,0,7,5,21,2,10,17,12,25,13,20,6,22,11;5,16,1,22,15,7,13,19,2,9;12,26,3,14,10,29,27,21,19,7,13,1,20,6,0,23,28;19,2,29,16,5,21,12,28,7,15,10,13,4,25,24;17,28,8,22,13,7,11,23,9,26,12,29,3,27,20;1,15,12,10,16,23,2,17,29,24;16,18,6,12,17;3,12,29;28,15,6,8,12,1,22,16,5,21,11;23,7,14,5,19,12,15,8,25,28,10,9,16,13,17,0;16,2,21,5,26,28,3,18;8,20,24,2,15,19,9,26,18,27,21,29;11,27,9,26,16,0;10,9,22,13,28,12,1,21,24,17,7;9,12,2,19,14,23,3,13;6,28,23,16,18,20,27,21,10,12,22,1,7,8,11,29,3,5;8,5,20,22,19,14,21,23,9,12,26,15,13,16,27,7,1;18,27,10
12,8,11,17,0,24,29,9,27,1,3,26,7,23,22,21,14,20,16;20,24,14,6,11,5,15,0,29,23,10,3,19,12,28;7,14,10,23,18,15,0,28,22,20,24,4,1,6;28,2,17,26,8,7,5,21,9;4,26;13,26,2,16,7,4,27,20,25,19,8;28;16,11,22,17,29,12,28,25,3,6,19,7,2,1,0;21,27,0,3,17,29,22,18,23,4,9,28,10,11
7,1,13,20,21,12,9,22,26,0
6,3,25,16,22,4,9,28,15,19,24,2,27,18,11,12,29,0,20;5,20,16,14,13,15,26,4,17,7,24,2,3,6,27,25,29;6,12,11,21,10,18,26,3,15,22;6,10,29,4,1,28,8,18,27,7,3,9,25,19,15,22,2,11,5;14,27,3,12,21,23,11,8,6,19;25,15,26,27,1,9,23,18,20,29,4,28,8,3,0,2;18,28;25,21;11,5,21;12,8,17,3,10,6,13,19,0,24,1,25,5,9,14;17,15,6,2,18,19,22;1,10,27,12,16,15,21;20,6,10,13,19,26,4,17,23,1,29,22,0,7,24,8;1,23,26,16,12,28,5;16,2,11,22,12,1,19,29,28,5,23,24,21,6,14;3,24,15,1,20,10,13,11,0,25,5,26,22,18,19,8;29,18,3,2,22,12,5;11
29,7,5,10,19,22,17,13,11,20,14,12,25,6,9,8,0,4,24;16,20,13,15,17,2,21,14,6,24,26,11,7,25,12,28,22,8,29;7,20,10,23,19,22;6,20,17,8,22,24,16,18,4
28,26;5,18,7,24;25,28,7,16,4,22;23,22,12,2,13,7,19,25,21,18,28,5,11,4;28,13,16,12,17,23,9;24,18,20,9,25;28,13,4,29;27,6,8,5,25,29,22,13,4,3,12,14,24,1;29,6,9,2,24,27,7,16;13,15,25,23,19,2,8,3,16,24,12,14,17,6,5,4,22,27,29,0;27,4,2,26,10,12,21,25,16;24,12,29,11,9,14,23,0,3,10;27,0
5,6,22,13,29,15,19,21,23,14,4,10,20,8,17,9,24;17,18,7,25,20,3,26,14,24,23,12,11;24,8,2,25;0,10,18,15,3,28;14,4,11;4,2,27,17,16,15,3,13,1,22,5,25,0,8,23,10,26;28,20,5,1,0,6,7,29,26,17,8,11,22;6,5;13,0,9,7,1,3,26,25,14,28;9,10;2,10,29,17,25,28,18,1,7,9,4,14,22
11;5,29,26,6,16,21,7,20,9,17,24,25,14,13,0,28,11,18,19;16,22,27,26,18;14,21,8,9,24,18,20,29,4,11,25,6,7;24,10;29,15,24,4;4,27,3,21,23,2,29,9,7,14,11,0,16,18,17,8,20,26,28,24;9,4,25,14,19,1,3,15;29,21,23,13,6,7,12,20,26,24,28;7,8,16,0,25,6,23,24,2,19,20,14;18;13,20,19,28,24,11,8,4,0,26,14,16;19,22;8,5,10,18,11,2,17,28,0,12,25,19,4;3,29,13,28,12,18,16,21,27;29,16,20,19;25,13,9,2,16,27,11,22,12,8,23,17,29,1,19,24,20;15,22,25,4,23,26,13,17,18,6,7,0,2,12,3,1,21,14
11,5,21,15,0,22,23,1,20;24,11,26,23,3,4,13,8,22,18,9;2,1,22,20,23,12,26,17,3;18,19,26,11,16,0,4,3,2,29,13,7,6,23,8,28,24,9;20,17,22,6,23,24,25,4,27,9,15,16;28,27,9,20,25,10,11,22,2,6,29,18,3,8,23,17,19;20,25,15,6;5,13,28,12,22,9,18,20;3,23,16,17,14,21,19,26,28;11,28,25,6;22,13,24;3;11,8,20,25,26,4,22,27,13,9,17,19,24;24,12,20,10,14,13,15,23,1,29,8,0,11,25
15,5,25,19,8,22,3,20,2,9,21,26,12,7,6,24,1;7,0,18,25,16,3;11,20,1,27,15;29,2,1,19,13,24,26,4,3,0;0,19,20,16,14,29,5,26,7,25,27,4,9,10,18,24,6;12,26,25,15,11,16,3,22,14,9,24,29,23,8,10,4;20,13,21,11,15,28,23,4,27,22,5,19,16;16,3,17,6,10,22;27,29,12,9,4,7,1,28,18,20,8,5,13,19,26,14,16,3
20,15,29,2;28,17,15,29,18,10,23,26,6,0,21,20,22,2,12,7;22,9,15,17,7,29,13,3,1,18,14,23,0,12,25,20,11;18,5,23,3,4,25,1,14,29,8,27,17,13,22,20,12,6;14,3,28,5,4,18,9,7,27,13,24,6,10,26,15,21,23,22,2;16,18,13,25,26,9;28,15,16,26,21,19,2,23;5,17,6,22,11,15,7,20,4,19,24,1,13;13,29,22,24,9,18,25,5,1,11,26,7,15,8,16,21,20,10,3;4,1,14,2,5,3,26,8,22,10,13,27,15,29,12,24,11,20
9,0,17,18,14,24,2,4,13,20,3,25,7;22,9,10,24,27,14,20,28,29,7,4,16,8,3,19,23;11,17,1,4,21;5,8,16,29,0,24,7,13,11,9,10,12,25,6,20,18;21,29;29,12,14,8,26,5,7,28,4,0,10;5,6,26,23,10,12,28;24,20,25,15,22,2,5,21,0,29,11,9,16,14
3,23,8,16,19,18,5,27
6,16,4,18,11,15,1,17,27,12,8,9,10,2,7,22,26,3,0,20;27,8,15,29,1,6,17,2,10,9,4,23,11,28,5,26,25,20;14;15,0,19,26;10,23,6,29,26,5,2,8,15,0,25,13,19,7,22,9;7,21,24,26;8,0,25,21,19,14,20,3,16,24,26,9
16,22,0,26,1,25,13,21,6,12,9,27,18,23,29,4,28;0,28,9,1,16,17,21,19,13,29,27,11,12,8,15;2,6,7,5,11,1,26,21,17,22,14,19,24;1;6,9;24,18,22,21,7,9,15,2,27,19,29,13,11,26,0,23,14,6,28;15,16,18,22,10,9,0,24,2,23,19,26,11;21,7,24,2,18,28,0,9;14,9,3,24,21,20,28,4,25,13,19,12,23,8,27,7,29,16,18;0,17,9,20,4,2,15;0,20,27,17,13,18,21,14,25,26,10,16,6,19,28,22,4,2,8
9,1,27,26,24,8,20,11,12,10,7,28,17,22;12;13,18,28,19,23,24,17,8,22,29;29,17,7,3,4,9,16,12,24,5,23;8,26,14,3,18,29,27,19,15,9,7,23,11,28,2,12,13,17;25,3,1,8,12,2,22,20,10,0,18,15,19;23,10,11,12,29,13,0,1,5,24,20,28,22,2,7;18,12,13,14,16,25,10,9,5;16,27,14,28,10,7,17,3,22,2,26,9,11,19,4,23,25,15,18
4,17,12,21,16,2,13,10,11,26,0,27,8,9,14;21,20,1,24,10,7,3,25,17,8,16,12,0,29,4,13,5,26,19,23;11,22,23,7,3,2,18,17,9,16,25,19;21;0,11,9,27,3,25,8,15,14;5,0,19;8,5,0,4,23,11,3,21,16,27,12,1,24,9;10,1,21,29,19,11,26,7;4,18,25,23,0,3,22,19,29,13,9,21,20,17,16,12,27,28;13,21,3,28,2,24,14,10,25,17,4,26,29,0,6,1,12,23;17,23,6,10,12,20,13,24,26,4,25,8,15,11,0,2,18;16,9,3,24,27,1;18,29,3,11,23,13,5,26,10,1,15;19,20,23,3,16,21,26;0;16,20,6;6,24,0,15,19,16,1,28;10,26,18,4,3,0,29,28,22,16,21,24,9,2,19,15,13,14;18,20,14,3;2,28,1,3,26,11,23,15,29,16,10,8,14,27,9,17,19,24
7,22,0,8,4,29;20,28;6,1,15,4,24
7,2,10,9,14,15,16,18,8,20,25,21,24,29,11,17;7,4,29,2,15,24,13,10,26,11,14,5,27,1,6;10,20,11;2,17,23,1,13,24,16,7,5,19,27,29,4,8,26,20,18,0,12;1,9,20,15,18,23,4,24,25,3;12,8,9,19,26,23,2,20,4,1,10,28,24,21,25,6,0,15,22;5,4,6,18,15,20;16,26,17,11,6,10,13,15,7,28,3,22,23,12,5,14,1;23,16,4,2,24,6,9,26,8,19,15,29,5,1,3,22,18,25;5,4,25,18,29,21;26,22,10,25;25,13,21,20,29,1,9;15,29,12,23,24,19,13,26,20,14,0,22,4,25,7,2,11;2,10,3,12,28,15
25,4,13,3;10,20,29,4,13;18,13,29,28,2,10,3,22,24,19,6,21,4,1,25,26,8,27,15;7,18,5,8;13,23;5,14,6,21,19,15,26,23,25,11,3,28,8,10,17;6,5,8;8,26,15,27,16,29,6,5,17,24,14,22,21,20,11,1,18,2,28,3;26,10,13,4,18,11,28,19,17,20,12,9,25,16,15,0,7;19;0,24,27,29,19,23;22,14;2,29,25,10,13,18,3,1,23;5,17,9,8,19,10,28,2,18,26,20,13;24,7,9,20,1,23;10,18,3,19,29,9;16,9,20,15,27,6,11,28,12,21,10,2,26,17,19;12,5,10,16,27,25,14,8,7,3,19,21,4,20,28
2,15,5,16,25;9,1,16,27,10,11,3,6,12,22,21,5,17,26,15,23,8,25,29;1,28,29,21,9,20,15,4,8,19,24,5,18;0,24,9,28,2,18,26,17,7,25,15,13,27,16,23,10;25,17,2,28,4,15,16,20,6,27;20,7,0,18,1,28,12,2,23;14,7,10,12,3,15,23,21,13,20,1,28,11,24,26,18,6,19,9,2;19,24,13,9,29,3,7,4,17,11,23,15,16,18,12;19,17,10;29,2,4,11,12,16,9,18,22,0,24,1,5,3,14,27;5,22,6,9,24,25,28,1,4,26,10,20,17;23,1,9,7,2,19,15,3,24,4,14,8,17,29,11,20,28,13,22;6,19,7,15,24,9,27,12,20,11,10;2,22,27;2,16,27,4,8;3,1,19,17,7,26,4,11,16,25,8,6,23,20,13,5,9,2,12
7,2,17,22,11,23,16,0,28,4,24,20,25,15;29,26,5,4,9,13,20;15,0,23,20,3,19,13,6,24,16,4,25,27,9,1,14,22;6,2,22,17;25,1;20,8,16,17,2,13,6,12,11;21,28,25,6;29
11,9,2,27,19,10,17;21,27,1;23,12,26,28,5,18,6
6,12,18,2,24,21;2,19,12,8,21,4,5,29,27,11,25,9,22,7,15,28,17;8,9;25,20,16,18,4,21,1,7,2,22,17,13,27;19,22,16
29,18,3,20,11,8,21,0,23,13,28,2,26,4,15,5,14,10;16,3,19,1,6,18;22,19,27;19,18,6,3,24;25,14,0,29,21,3,23,17;7,19,8,24,1,11,9,0,4,14,6,18,26,21,27,3;24,15,21,11,23,7;5,27;6,25,10;18,21,29,23,4,12,27,19,28,8,10,22;1,7,8,13,0,27,4,15,28,14,17,6,9,10,25;20,27,12,26,4,17,24,0,22,3,8,23,19,18,25,21,2,11,9
16,5,26,27
2,0,29,20,10,21,26,19,14,16,8,28,9,1,11;20,24,18,23,12,7,5,25,14,3,6,21,22,16,4,8,9;19,17,15,3,27,4,23,29,1,5,18,2,6,8;9,11;4,15,26,5,6,17;7,16,10,9,23,17,18,14,28,6,29,15,27;25,26,8,18,14,10,12,21,7,6,20,23,11,15,2,29,16,13;8,13,7,6,4,21,22,5,27,29;24,1,19,0,25,28,26,17,16,8,13,14;4,27,21,3,25,26,13,17,28,24
21,4,29;29,6,20,19,16,9,1,24,22,12,18,2,21,27,28,17,0,7;23,26,0,8,22,1,7,12,5;6,16,21,27,3,7,10,26,28,29,19,18,17,20,13;23,17,27,18,13,6,24,22,19,4,28,21,7;1,19,28,17,8,29,6;10,9,20,17;24,1,25,16,3,0,5,11,22,20,4,2,26,9,28,12,14,17,8;28,16,26,6,29,27,22,11,25,9,20;5,4,16,6,3,22,21,11,23,15,18,9,28,26;3,6,2,16,20,19,21,25,5,23,1,14,0,12,22,11,13;1,8,6,9,13,29,16,19,5,24,22,26,3,14,2,28;6,21,15,11,19,9,7,4,16,12,13;29,7,23,17,26,18,9,4,13,5,14,0,8,24,20,21,6;10,5,19,9,12,3,1,29,25,0,18,27,24,8,6,21,17;1,11,15,3,18,12,28,8,6,22,7;5,4,1,28
2,1,22,7,6,21,24,28,17,10,25,4,11,14,29;16,4,6,0,11,25,13,7,19,28,1,26,29;20;6,5,24,10,27,29,8,25,17,12,20,26,18,0,15,13,19;8,6,18,19,24,12,15,4;24,18,12,14,7,3;11,17,10,2,29,24,15,9,25,20,19,6;19,2,24,27,12,13,3,15,22,11,20,6,21
20,28,13,12,27,14,10,19,23,18,0;2,21,23,19,8,15,25,11,7,20,10;1,0,5,24,7,12,9,26,28
11,22;13,20,25,0,12,22,5,1;29,19,8,15,2,14,23,4,12,24,5,16,25,7,0,26,3;13,18,9,29,17,8,14,19,21,6,10,2;12,5,4,3,25,6,22,29,23,14,0,28,1,11,15,13,21,10,7,24;5,23,13,11;2,20,11,25,0,5,6,15,1,16,8,27,17,23,12,14,13;14,21,13,1,7,19,9,16,6,11,0;29,25,13,12,27,28;6,22,4,14,12,16,23,25,15,5,21,13,9,18;6,27,13,17,1,7,11,4,0,23,25,18,20,12,16,21,2,15,8,26
18,20,7,1,14,17,19,8,6;8,14,15,3,21,13,7,5,20,17,9,26,29,24,4,28;5,18,16,10,0,23,14,12,24,9,8,22,3,27,15,28;4,28,8,24,17,27,21,9,3,15,11,10,23,1,22,13,5,6,18,29;0,4,19,13,14,22,21,7,12,5;9,23,24,2;1,26;16,2,3,13,14,15,6,8,24,23;16,25,21,3;4,17,15,7,18,8,21,16;22,21
28,1,21,14,18,23,27,9,7,11,22,12,24,26;27,20,23,14,17,21,16,10;0,4,22,28,13,10,12,6,24,15,5,8,9,2;13,7,25,18,23,2,26,20,3,15,8,17,4,27,19,24,1,12,22
13,23,27,3;16,3,28,13,19,8,25,21,10,14,6,2
22,14;28,18,26,19,0,3,11,1,15,25,16;7,5,13,21,10,18,29;4,7,6,22,16,1;18,12,16,24,28,26,11,17,25,21;12,15,22,25,4,18,14,26,20,16,27,7,29;18,29,12,16,17,7,5,14;23,27,6,25,15,5,18,1,20,8,10,16,3;12,6,21,24,11,15,4,9,8,19,27,3,0,14,29;12,9,2,18,14,24;24,17,27,0;20,22,16,26,12,27,8,21,2;15,29,0,19,2,20,4;9,16,14,29,5,26,1,10,13,2,0,28,4,6,27,24,15,8
6,26,2,19,14,21,8,17,16,13,29,23,9,24,0,22,25;18,8,16,15,1,22,14;19,15,8,7,17,9,5,24,26,16,4,21,13,6,2,29;11,19,7,27,0,9,4,22,26,14;21,6,24,7,29,18,11,19,16,15,0,8,9,12,14,5;24,19,20,16,8;11,29,28,0,13,21,17,26,15,8,4,18,19,12,3,5,9,10;23,18,26,25,0,3,24,12,15,22,9,28,13;20,12,13,17,11,21,5,3,23,19,24,0,16
9,6,3,16,4,0,20;19,23,7,6,25,14,1,8,4,26,16,24,3,18,12,28,29,22;25,7,0,28,17,29,14,13,19,5,16,9,24,26,20,27,22;13,10,19,4,28,18,14,24,3,7,27,9,17,12,16,2,0,6,23,21;10,22,21,15,2,17,16,7,24,3,0,25;25,6;1,0,15,6,10,24,22,5,17,27,11,21;23,24,3,17,4,20,11,27,7,25,6,2,22,1,8;8,13,27;14,13,16,7,18,3,19,5,10,11,22,8,2,12;1,3,9,8,21,4,15,7,6,23,25,13,19,22,28,11,27,14,5,17;13,20,2,22,17,4,24,6,1,28,15,11,0;1,11,6,14;14;15,22,21,28,25,4,12,13;1,24;2,18,23,16,17,5,1,24,4,14,0,26;17,22,14,21,25,24,0,23,19,27,5;8,9,25,27,24,18,6,7,14,21,28,0,23,17,5;18,5,21,28,12
12,22,29,7,21;4,12,26,28,23,13,3,22,18,6,16,29,9,1,21,25,24,0;23,26;7,10,9,19,1,24,26,11,27,8,22,14,13,3,6,21,25;6
5,26;2,28,0,24;18,25,6,10,17,9,8,11,23,26,5,0;11,27,7,23,16;8,28,17,6,23,16,22,4,9,25,14,10;2,24;2,20;14,25,15,13,6;23,13,29,17,2;27,6,8,12,4,19,1,22,18,16,14,23,11,5,25
17,11,23,20;29,12,5,3,7;27,19,21,9,28,16,26,20,11,1,8,15,24,23;11,17,3;29,12,11,7,6,9,15,1,10,19,23,25,24;1,28;2,7,4,20,17,16,13,24,28,11,21,1;10,23,4,16,29,22,9,15;1,19,0,25,11,8,24,26,23,22,18,5,21,3,20,15,16;27,9,5,16,14,18,21,20,3,0,13;7,2,19,1,11,12,5,24,17,15,27,22,10;7,27,26,10,25,16,0,17,19,5,4,23,9;20,8,6,16,27,2,19,17,26,12,22,29,24
14,0,27,16,15,6,22,2,25,29,10,23,7,4;26,15,29,11,19,0,13,18,3,9,12,28,17,21,16,25,2;29,14,21,26,22,15,18,27,9,28,23,5,11;5,3,22,18,2,6,25,26,10,0,21,14,29,7,9,11,23;28;21,19,13,11,9,29,18,22,16,1,4,15,5,8,0,6;2,7,24,15,0,27,11,13,17,16;22,28,8,6,1,25,27;7,3,21,13,27,24,14,2,10;17,13,27;10,22,16,24,21,8,19,27,3,7,1,4,14,26,6,25,29,28,13,0;22,26,11,19,0,23,28,29,6,13,10,16,15,4,2,25,7,20,27,14;29,28,2,8,16,21,20,22,25,19,13;25,4,5,26,20,8,18,3,19,24,17,10,1,11,9,12,14,29,6;9,5,10,27,7,6,28,21,19,17,16,22,12,25,15,29,24,14,8;26,17,11;7;13,0,10,25,4
18,25,28,24,16,14,9,23,27,22,0,11,1,19,8,12,6,26,15;10,16,22,28,18,20,14,7;25,23,28,24,3,16,10,9,26,1,0,2,17,12,27,6,19,5,8;2,23,0,25,4,21,1,14,27,13,9,22,10,7,6,18,3;17,24,9,13,0,25;23,0,24;20,7,27;15,8;24,1,28,4,26,15,5,12,17,0,7,9,13,6,11,19,22,23,14;11,1,20,17,19,2,9,27,8,6,18,5,7,26,13,28,25
8,7,17,5,1,11,0,6,15,4,13,25,14,28,12,29,3,27,24;29,12,22,21,26,27,1,10,2,5,3;5,19,12,10,22,13,25,1,4,28,29,3,27,8,24;11,8,23,21,12;14,16,25,0,23;22,3,0,14,27,28,9,8,24,18,25,19,10,1;22,25,6,1,17,14,26,24,5,2,4,29,0,11;9,16,23,20,5,2,11,29,26,13,3,28,14,21,10;20,6,29,22,11,9,8,18,3,27,14;26,10,1,24,18,23,12,6,11,8,9,28,27,20,13,16,2;10,12,27,21,1,8,9,0,15,14,29
9
5,26,4,24,17,7,9,25,0,13,20,16;23,2,29,4;1,19,24,2,29,23,20,15,12,25,8,3,10,5,22,14,16,17,11,13;11,8,28,20,17,7,4,10,3,23,6,22,1,5,29;9,11,24,21,5,3,25,7,16;3,22,24;2,4;2,18,27,22,9,11,8,3,28;3,17,22,28,13,10,29,14,6,16,23,20,21,9,2,25,5;9,5,20,22,24,19,3,12,28,0,27,21,29,13,18,17,16,11,1
9,15,13,29,1,25,20,21,24,7,6,23,11,26;14,8,2,7,9,18,10,17,27,0,19,6,22;18,9,27,21,8,17,15,7,12,29,28,20;16,18,19,25,20,14,10,29,24,17,7,9;24,28;13,4,20,26,25;3,19,9,14,23,1;27,8,25,0,24,19,21,28,17,4,20,1,6,23,12,9;13,14,7,0,25,21,23,12,27,11,29,19,17;2;22,11,15,17,5,20,28,10,2,26,19,16,1,9,18,12;9,21,13,22,11,12,7,18,20,8,1,16,6,5,14
22,28,13,17,25,3,18,6,14,9,15,26,21,4;7,29,23,10,21;18,28,8,19,23,7,15,24,17,0,5,22,9,10,6,29,3,20;20,18,0,28,26,7,4,29,10,5;22,21,19,17,5,25,4,28,6,12,0,7,1,11,8,24,18;25,21;5,16,8,18,15,0,14,9,13,28,29,17,22,25,7;12,27;0;18,12,11,2,29,10,13,28,19,23,27,0;18,28,29,4;24,27,29,28,9,6,5,3,23,20,4,15,26,17,12,10,11,8,19,13;16,7,1;13,6,8,2,12,4,26,28,24,25,20,9,3;12,17,3,24,0;20,29,15,27,13,8,9,1,6,25,17,24,4,7,2,19,18,16,23;15,23,9,26,19,2,1,13,14,0,11,6,29,21,7,24,12,27;29,14,5,9,27,12,21,24;6,20,26,8,14,3,25,16,28,1
6,5,8,23,28,9,18,25,3,27,12,21,13,29,0,17,24,1,7,11;16,24,13,4,21,20,3,27,8,5,7,1,18,9,0,29,11,19;26,7,25,4,8,15,24,0,5,9,11,13,2,18,23;13,23,10,16,1,22,6,21;7,1,17,22,27,15,21,28,6,12,16,3,13,23,25;12,6,4,25,7,29,23,20,15,26;25,23,10,22,26,18,8,28,14,4,5,3,12,7,17,21,24,15,16;2,27,18,10,3,6,15,28,11,21;19,7,2,17,20,10,23,15,14,0,29,9,1,13,6,28,25,27;2,15,10,22,26,1;4,3,20,18,29,8,25,1,17,14,12,22,0,16,28,24,15,26,13;18,4,17,23,28,5,19,12;27,13,4,20,29;5,17,22,0,10,3,15,12,26,8,4,18,19,14,21;14,0,17,16,20,24,23,10,13,27,21,3,22,25,6,12,19
