34;46
17;17,51;67,42;25,54,66,47,63,32;5,48,51,69;38,0,24,44,52,19,3,12;48,16,47,20,54,28,0,17;35,4,26;57,53,58,4,46;60,44,30,54;52;63,7;54,39,2,44,42,6,47,60;69,20,15,9;32,26,22,64,57,36,8,41;13,62,35,24,31,37,52,42
53,35,23,58,2,8;69;30,50,6,53,57,7;1,35,63,54;3,8,32,20,36,44,18;59,61,54,29,2;48,32,68
34,27,5,31,58;49,22,39,58,11,9;9,48,51,63,15,12;22,52,21;33,63,13,69,64,51,47;30;47,24,14;18,58,33;34,30,0,17,28,61,9,2;13,22,27,68,20,64;7,6,47;35,6,63;57,33,20,60,28,29,30,0;56,61,69,48,6,67;45,36,41,61,29,35,25;5,46,42,57,60,36
24;21,47,16;53,7,28,12,55,4,62;25,58,38,47;63,42,0,54;18,4,8,65,44,50,45,47;40,24,58,39,9,51,42,65;11,52,40
62,44,24,54,69,43;4,6,3,14;38,46,4;36;21,27,48,39,33,64,49;23,41;63,47,46;43,50,33,24,20,46,48;24;30;44,34;33,55,20,52,25,43,0,24
7,62,38;11,52,23,16,31
49,59,40,14;66,49;43,60,30;44,16,18,31,14,58,52,36;15,69,26,52,3,57,20,51;54,53,6,62;18,44,10,8
5,31,53,16,8,52;3,4,36;57,11,19,69,10,31,32;29,62,54,33;6,69;17,31,6,38,8,32,49;26,12,21,66,49,0,55,61
51;25,59;25,35,44;23;38,14,67,6;58,48,57;23,25,21,6,60,43,31;50,0,24;60,28,33,3,17,10;30,26,43,49,56,62,8,59;53;66,69,67,27,46,35,45
59,51,5,25;61,35,48,25,15,69,32;4,60,49,30,32,1;25,14,68,67;25,46;1,57,6;55,8,0,38,19;10,5,64,39,20;26,22,11,19,37,6;6,50,25,8,19,4
62,55,44,23,32,54;38,9,46,27;16;50,6,24,36;4,24;6,67,54,56,32,35;56,7,18,67,51,21,33,30;10,51,47,2,13,34;38,59,10,25,16,52,41;58,19,68,56,66,37,11;23
30,48,36,46,28,10,44;13,35,61,23,33,37,36;50,63,18,8;9;9,39,41,55,35,66,27,7;25,29,53,28;13,33,56,3,27,60,54;41;45,30,51,44,52,21,54;25,58,48;28,38,9;3,48,6
15,26,13,54,28,60;13,48;21;9;69,60,0;38,64,10,1,53;32,34,28,26,45;36,34,20,9,33,2,18,5;63,65,43,52,29,58;62,5,35,51,4,1
67,16,55,44,17,46,38,22;48;58;57,69,42,68,40,5;39;6,49,19,47,21,34,45,69;21,31,63,2,44,30,38,46;2,22;37,58,8,9,31,33,65,29;51,46;10,26,56,27;43,52,50,26,16,8;37,19,63;23,22;53,8,49,1,23,29,34,7;17,28,45,34;2,37,36,63;17,6,43,1,22,56,58;16,11,46,10,66,25,29,33;2,51,66,41
20,24;35;63,36,50,52,20,31,16
67;7,64,42,36,18,44,23;19,29,25,23,22;7,20;65,24,33,61,43;21;2,65;50;10,9,11,35;49,11,43,5,6,32,34,27;28,22,47,49,3,48,39;12,66;52,60,67;36;35,7,3;13,23,19,41,57,48,66;54,33
11,29,53;2,52
24,25,51,67;6,17,3,1,33,14,25,18;14,41;6,1,0,61;35,20,63,61,51,27,24;46,59,57;51,33,28,39,47,3,42,67;53,11,21,15,54,31,61,64
37,53;64,5,31,69,34,48,24,54;28,33,56,32,20,5,15;10,44,17,3,61,37,33;61,53;64,61,15;15,61,28,55,69,42,51;32,66;9,15,65,5,58;32,28,68;24,0,16,52,18,23,49;26;55,65;67,19,46,30,12,58,38;7,12,39,38,26,63,33;31,59
64,57,33,14;67;32,35,58,29,3,22;48,46,25,32,23,52;64;37,23,27,66,50,41;32,22,49,42;21,60;47,67,31
25,54,59,9,14,37,8;25,40,35,33,69,4,1,37;35,6,36,47,68,14;26,6,18,64;29,3;62,46,44,21;34,23,8,22,0,26,4,14;47,65
60,41,28;68,13
9,17,42,64,39,18;42;34,8,37,14,1,23,47,0;25;12,49,25,34,52;1,59,50,25,18,66,24;20,25,41,22,13,64,1,39;10,55,23;57,36,11;36,37,40,43,23;34,69,37;41,56,57,29,26;43;67,39,11,12
16,10,68,31,44;47;19;26,31;14;57,30,31,46,56,44,34;58,29,14,28,52,35,15;18,12;39,6,61;35,10,38,55,24
38;19,69,60;49,58,31,18,6,40;7,6,21,53;6,31,26,23,68,37;38,20;54,35,50;15,53,47,1,42;19,21,37,58,18;67,42,20,30,21,34;65,29;54,64,1,35;51;42,0,27;46,14,45,21;22,21,42;32
21,22,32,51,42,2,61,34;54,66,43,31;68,21,24,44,36,33;26,23,58,54;57,43,21,52,29,41;30;56,39;44,39,41,12,16,0;38;13,65,37,59;1,7;61,36,65,28;5,11,14,65;32,68,45,30,5,29;38,46,54,39;34,50,45;24,64,47,44,4;22,54,27,19,68,55,42;68,51,8,18,0,10,37,67
67;42,16,5;22,30,1;23,16;35,46,66,28,44,59,47,24
11
42,7,54,18,57,16,30,51;42;62,34,63;43,52,6,2,7,37,33,24;13,23,42,32,50,17,69;23,16;57,34,30,69;1;69,64,9,29,34;21,48
37,0,43,54,53,7,8;43,35,14;18,3,31
16;47,2,51,60;27,19,39,26;52,34,38,33,11;24,28,18,29,12;35,18,34,57,11,62,67;41,67,24;50,18,54,32,68,58,7
18,38,7,33,37,60,4;12,13,43,7;55,30,33,40,24,45;33,27,51,57,26;52,21,11,26,10;13;45,7,57,21,31,49,34,33;13;68;59,65,55,3,18,33,45;61,56,55,20;52,65,13,27,6;69,14,59,40,9
19,12,47,67,48,69,25,2
66,60,6,20;43,5,62,34,20;60,7,33,15,39,38,1,34;36,16,42,13,4,61;57,37;25,46,42;16;0,29,31,7;23,28,35,43;50;47,9,52,30,55,11,44,38;7,9;64,33,9,45,1,37,41;63,30,29,19,48;22,39,40;20,42,44,46,65;41,44;41,36,13;24,53,15,59,27,55,66
62,31,12,45;34,40,9,6;55,65,26,14,6,19,5;67,20,23
33,41,36,28,50;46,26,2,35,67;9,16,13,36,34,60,33,49
1,68,30,32,61,24,5,46;31;19,23,11,22,39,7;64,29,6;57,21,18,37,9;2,32,8,26,63;7,53,1,34,37,22;27,56,43,68,37,50,8;50,35,20,54,30;10,2,8,40,54,25;54,46,29,5,11,49,15;16,30,58,8,23,53,26;64,56,65,16,46,20,51,21;13,34,65,24,53,28,19,3;41,17;41,69,49;39,17,64,11,41,26
59,22,33,25;5,39,4,48,15,19;11,64;40,24,45,4,26,15,10,2;21,32,39,59;0,31,24,52,48,13;37,43,64,63;45,52,47;53,27,15,44,49,30,65;37,52,68,44,38,67,43,11;14,26;6,26,65,10,38;48;42;60,1,58,51,19,7,57;44,50,54,41,69;69,62,67,1,5,42,14;40,27,1,45,57,35,68
45,11,28,59,43,16;57,12;48;37,69,1;2,58,61,51,3,11,44,60;35;30,67,0,41,7,1,42,17;11,48,23,64,54
30,1;21,56;60,52,43,65,10,18,40,53;22,26,5,0,12;53,40,57,0,7,66,46,45;63,38,44,64,12,7,31,48;32,2,64;21,61,44,52,18,58,6,16;20,45,25;49,57,22,53,7,63,50,10;9,4,63;20,27,65;9,43,28,5,57;29,32,56,58,6,5,28,31;28,6,48,54;29,56,58,43,35,23;59,44;26,30;23,47,61,59;20,15,47,2,21
15,56,65,44,62,3;15,51,6,17;41;57;67;21;23,50,46,21,32,68,20;47,8,60,39,9,29;0,55,15,47;26,31,14,63;48,37,10,34,61;42,10;26,65,10
51,26,62,68,60;46,7;24,69,66,65,27,36,30;65,40,3,49,0,61,31,15
39;27,61,57,68,18;41,65;69;63,22,30,34,5;17,66,6,55,50
20,17,13,61,46;58,32,62,67,10,46;12;64,42,37,14,45,34,41,44;67;47,30,68,39,48;48,1,33,0,14,40;20,34,28
6;50,12,9;24,17,32,14,13,42,22,9;24,53,28,38,51,31;56,36;13,45,16,2,48,31,43,62;63,5,12,27,47,62,10,56
69,39,8,57,51,43;29,67,43,66
1,29,44,27,9,69,13,45;48,67,27,9,56;22,39;12,57,5,42;35,42,59,13,37,51,34;19,38;32,13,18;39,47,41,33;53,57;7,46,55,0,62,44,5,53;43,61,56,23,27,66,49,30;11;53,16,23,43,35,54;50,51,40,29;17;31,18;29,50,36,2,20,62,18,46;14,15,10,59,68,18;1,31
33,37,55,65,64,38,63,40;52,6,65,11;40,56,39,62,49,1;26,68,7,61,42,35,65;43,36,68,66,42,12;55,4,69,52,27;46,65,52,41,49,8;57,26,4,62,35,10,15,37;56,64;42,9,29,34,8;20,33,40,63,30,36,58;54,27,60,6,18;4,67;44,9;32,10,27,22,48,1,2;23,29,68,3,9;29,3,33
25,57,13;16,45,63,38,44,36;4,55,53;27,36,14,26;35,40,52,24,2;33,69,47,22
