84,30,57,1,9,44,72,43;18,10,20,54;67,55,27,12,41,50,17
20;69,28;71,78,72,64,37,79,24,17;41,31,40,30,4,0;26,13;65,44,35,6,80,83,40;1,88,82,14,44,79,67;75,22,43
16;7,60;10,77,30,7;44,18,67,77;13,33,60,29;46,13;69,64,21,32,31,71,75,78;14,69;10,0,86,85,50,36;10,18,5,13,35,55;26,70,53,30;7,55;38,71;8,45,26;70,13,24,80,21,88,9,39;44,15,25,1,8,17,79;28,13,66,6,79,10,38;28,66,35,14,78,24,0,44;23,2,61,6,53,87,17
78,3,46;80,36,23,3,34,4,72;32,0,60,45,30,15,22,24;43,33,71;11,29,33,80,63,26,51;4,15,2,22;28,78;11,17,86,71,25,38,23
52;32,13,28,62,23,25;54,6;21,52,7,85;35,67,24,88;63,48,4,89,65,24,27;6;27,36,50,58,13,82,51,53;13,66,44,23,38,31;74,15,61,30,75,11
28,7,33,36,5,89;32,3,9,24,62,87;82;88,42,77,5,72,65,64;37
7,28,19;81,84,11,59
65,58,49;40,29;14,40,49,28,59,0,42,63;29,86,21,61;53,20;66;41,11,22,45,60;46,14,72,21,6,41,44,51;48,6,15;31,43,54,34,51;6,49,77,34;37,41,18,49,79
58,85;48,69,53;34,6,46,68,26,63;4;79,54,50,87,51,21;45,54,55,38,32;49,40;2,58,8,43;78,88,18,32,41,66,48;68,42,35,52,38,7,53
61,22,5,72,57,17;61,86,71,39,58,6,13;3,63,8,62,47,19,76,59
64,50,62,10,49,3,59;43,1;52,42,80,54,56;35,33,75,54,19
28,86,80,20;59,16;12,59,17,39;53,72,59
71,3,82,21,54,79,80;43,13,76,57,7,16;87,80,41;14,72,23,11;23,50,59,14;24,63,52,78,17;30,16,72,62,40;34,3,6,26;12,24,13
46,14,8,23;47,54,34,24,66,13;68,42
75;27,88;18,39,26,1,36,62;2,39,65,28;35;49;47,54,9,40,81,18,11;3,68,27;82;60,8,89,36,88,2,41;14,55,68,71
33,7,56,44,59,17,8,64;29,2,62,89,88,72,9,47;54,56,23;74,78,62,40,20,75;43,12,84,67;27,47;17,83,75;29,28,86,26,78,44;58,6,49,46,32,88;44,84,62,75,34,16;73,14,88,27,74,25,32,77;47,64,78,77,38;34,78,45,24,15,10,53;78,9,64;38,46,78,9,6,59,55,73;44,39;71,65,66,4;29,16,20,68,26,85,50,61;65
34,8,65,23,60,16,78,31;73;16,13,10,84,22,51,30,54;39,63,74,10,77;16,22,26,88,9,10,19,25;57,3,84,60;78,50,83
21,31,7,87,51,82;75;28,85,11,68,14,41
69,23,45;42,35,45,25,78,12;15,76,9,48,25,3;29,45,47,2,78,41,34;7,66,68;16,26;75,78,80,12,58,65;35,62,47,27;2,19,79,71,84,47;57,1,50,15;65,61,21,30,20,73,55,81;89,27,15
42,27,30,11,65;60,83,27,34,10,14,48,32;8,86,15,31,73,66;33,1,22,63,62;44,53;78;15,24,51,44,84,55;50,32,76,52,13,16,2;70,8,69,65,58,48,12,22;84;74,53,34,54,19
65,56,23,88;83;19,61,48,30;54;79,4,25,86,14,57,81;56,52,4,30,58,14;57;7,32,16,15,31,89,84;4,38,22;11,36,23,14,61,47;36,65,15,48,88,73,64,72;84,70,65,44,88;16,40,39,78,4,44;60,67;40,64,18,47;81,61,20,8,82;59,39;82,28,0;41,54,67,12,44
9,68,4,78,12;25,42,2,52;18;39,48,18,14,24,32;0,49,60,79,86,6,45;1;39,34,11,0,48;31,12,72,11,34,0;57,3,89,1,49,51,52;87,41;65,43,31,50
48,52,39,74,55,87;20,76,52,73,4,17,50;79,43;40,22;28;24,58,78,71;52,44,11
17;9,70,52,7,66,57,13,22;12,49,83,73,27;66,1,29,41;53,85,13,12,58,5;87,63,73;41;50,58,10,85,66,30,54;48,17,12;41,42;88,23,77,75,26,30,40,28;71,39,56,11,45,79,9;14,42;46,25;66,33,76,0,38,39,18
35,8,62,6,78,49,31,41;35,25,50,59;51,39,7,89,43;21,33,31,39,62,34,20;72,80,24,0,34,22;68,5,12,72,0,33;89,47
37;54;33,36,49;66,3,54,52,20,2;51,57,2,17,40;64,35,41,61,86,0;77;13,52,66,0,28,8;5,49,66,9,54,42,11,56
5,76,28;77,84,68,26,88,24,52;55,30,36;58,12,29,84,82,74,72,56;5,88,77;7,16,42,88,79,29,11;82,37,74,84,56,26,33;63,35,89,69,56,77,23,74;50,3,16,37,40;82,55,84,10,86,4,22,24;84,79,43;32,6;65,22,10,84,39,38;22
67,5,34,7,9,17,11;47,53,0,79,77,60,63,43;86,89,72,64,44,62,37,77
14,10,81,8,16,42,73;74,44,78,2,10;35,32,56,63,36,33,21;27,52,57,22,6,77;32,74,69,68,27,13,44,82;79;87,23;15,59,43,32,16,45,6,24;6,41,66,82,56,25,31;30,36,71,63;47,50,30,46,35,19
78,58;48,7,88;71,83,20,46;57,8,28;63,33,55,34,78,23,87,82;40,84,6,55,85,39,17;46,25,4,78,2,73;19,40,25;18,41,57,72,34,14,74;36,31;50,74,14,83,73,5,7;15,8,67,84,24,62,21;62,22,63,41
14,81;85,78,39,61,62,2;81;87,69,6,39;2,3,88,70;8,60,54,82;35,82,46;15,49,54,72,47,57,51;82,75;60,31,63,42,35,17;22,66,54,10;51,35,60,20;47,4,8,27;85;56;29;67,20,39,48,68,59,18,62
45,36,66,41,73;86,54,59,85;70;85,65,2,76,64,62,34;15,22,7,5,4,2;22,49;69,88,21,47;38,14,48,75,68,57;45,15,13,63,77,10;8;58,63,37,20,66;20,48,66;29,82,38,81;13,64,25,0,53,23;14,4,42,68,2
86,58,8,17,80,26,52,28;49,25,79,46,16,29,21;60,75;22,18,64,61,46,60,21,51
13,34,52,56,0,1;73,19,59,40;81,41,8,27,72,54,77;62,69,0,66,87,70,45;82,80,18,13,63,70,35,74;35,18,59,16,64;89,49,34,19;42,27,28,46,70,75,9
43,73,89,56,0,78,17,83;78;0,25,6,23,43,58;23,15,86;73,38,42,59,84,11,13,65;40,16,54,45,78,66,83,71;75,48,37,16,80,85,43,36
86,11;27,29,61,9,14,47,56,32;49,27,62;11;59,30,8,25,3,32,14;26,11,54,58,32,34,35,84;12,50,75,42,3,64,63,49;82,88;49,57,51;6,88,20;86;6,71,17;54,45,51;77,43,72,66,13,12
10,86,53,35,17,30,61,81;2,34,83
52,45,88,71,53;65,80,8;76;22,32,89,56,79;70,67,38,40,73;53;69,74,33,60,53;22,52;88,47,63,1,41,20,54;75,4,10;65,35,87,69,73,14;63,46;36,6,26,61,12,66;64;70,77,32,28,65,25;72,69,14;89,82,29,64,8,36;40,87,59,8,67,10;75,34,0,15,70,10
62,58,36,39
77;31,16,32,51,18;14,42,7,34,37;52,7,46,84;23,89,3,71,47;69,29,10,52,89,3,82;69,82,31,15,58;52,64,31,20,59,79,37,8;69,11,75,72,6,25,1,55;70,46,78,19,13,7,75,21
39,38,32,16,65,22,81,78;62,41,17,89,52,20,48;49,60;35,33;6,18;13,22,35,62;73;27,16,11,50,6;82,10,16,23,61,87;18,8,0,88,14;70,61,3,25;59,49,68,53,39,14,56;75,1,84,15,62,71,17,40;75,17,55;39,65;9,18,4,26,88,39;22,19,69,4,72,34;14
68,57,29,71,38,46;71,79,73,87,65,3,37,0;80,17;44,83;52,78,56,89,87;54,80;23;37,55,82,45
3;59,67,32,68;56,20,69,59,46;15,73;53,10,32,58,28,35,80;69,85;69,53
34,78,62,52,3,65;25,71,0,35,7;29,85,46;86,13,68;11,20,63,56,70;24;41,80;67,52,62,83;41,19,47,30,87;53,42;15,26,65,53,76,47,60,20;24,44,12,25,10,3,6,14;19,1,0
77,60,5,64;15,35,76,8;14,67,9,58,31,75,64;85,38
2,20,30,6;20,24;27,57,21,10,81,8;41,43,23,20,49,24,8,4;25,14;51,16,35;47,8,14,89;55;68,86,65,46;12;89,15,38,68,67,44;29,43,24,57,22,21,4,35;0,64,5,82,67,49,51,41;40;80,37,55,76,65,67,42;66,48,52,80,35;52,74;52,2;61,74,63,23,89,75
20,4;36;29,60;0,45,34,25,8,14,67,28;15,62;88,9,81,76;70,61,82,42,40,51;12,21,28;38,42,26,84,29,63,18,24;30,32,25,56,51
13,55,12,72,18,51,39;25,89
33,41,15;17,44,21,88,41,81,76,19;21,78;41;60;80,47,82,12,78;21,38,78;34;79,9,38,64,23;78,66,20,8;84,36,75,17,4,32;4,33,0,84,88,47,79,56
14,70,59,84,55;10,0,25,9,31,65,37,38;48,41,82;89
